,충전소명,충전소ID,충전기ID,충전타입,주소,위도,경도,상태갱신일시,최종충전시작,최종충전종료,충전중시작,출력,충전방식,지역코드,이용자제한,이용자제한사유,무료 주차,실시간 상태(1분),0 : 1
0,산굼부리,ME000446,01,03,제주특별자치도 제주시 조천읍 비자림로 768,33.434940,126.689497,20220307145810,20211021122718,20211021130750,,50,단독,50,,,N,9,9
1,노형동주민센터,ME000457,03,06,"제주특별자치도 제주시 노형9길 9-4, ",33.483044,126.477120,20211013143310,20211013094948,20211013095051,,50,단독,50,,,Y,9,9
2,방송통신융합센터,ME000458,01,06,제주특별자치도 제주시 첨단로 241,33.450595,126.572484,20210910100810,20210906120757,20210906124803,,50,단독,50,,,N,9,9
3,돌문화공원,ME000461,01,06,제주특별자치도 제주시 조천읍 남조로 2023,33.445733,126.663812,20220307150310,20211010152937,20211010155133,,50,단독,50,,,N,9,9
4,제주종합경기장1,ME000463,01,06,제주특별자치도 제주시 서광로2길 24,33.4960616,126.5165158,20211124162810,20211019141116,20211019144809,,50,단독,50,,,N,9,9
5,제주종합경기장2,ME000466,01,06,제주특별자치도 제주시 서광로2길 24,33.4955068,126.5164952,20210910102810,20210909084831,20210909090641,20210909093943,50,단독,50,,,N,9,9
6,제주서귀포시청 제1청사,ME000473,01,06,제주특별자치도 서귀포시 중앙로 105,33.253965,126.560237,20211124163310,20211020053346,20211020060404,,50,단독,50,,,N,9,9
7,제주일출랜드,ME000475,01,03,제주특별자치도 서귀포시 성산읍 중산간동로 4150-30,33.383533,126.841366,20210910101310,20210824094844,20210824095334,,50,단독,50,,,N,9,9
8,제주국제컨벤션센터,ME000478,01,03,제주특별자치도 서귀포시 중문관광로 224,33.241630,126.425461,20211124163310,20210912143650,20210912145308,,50,단독,50,,,N,9,9
9,중문랜드,ME000482,01,06,제주특별자치도 서귀포시 소보리당로164번길 62,33.263975,126.385209,20210910103310,20210906065725,20210906072425,,50,단독,50,,,N,9,9
10,서귀포천지연폭포,ME000483,01,03,제주특별자치도 서귀포시 남성중로 2-15,33.244797,126.559957,20210929094310,20210928204831,20210928212342,,50,단독,50,,,N,9,9
11,만장굴,ME000494,01,06,제주특별자치도 제주시 구좌읍 만장굴길 182,33.530833,126.772028,20210926110310,20210926075840,20210926080551,,50,단독,50,,,Y,9,9
12,도남1차e편한세상아파트,ME000496,02,06,제주특별자치도 제주시 오남로 7-13,33.493889,126.521524,20210909182310,20210905174036,20210905182117,,50,단독,50,,,Y,9,9
13,보건환경연구원,ME000505,01,06,제주특별자치도 제주시 삼동길 41,33.4798477,126.4950629,20210910140310,20210910132445,20210910133051,,50,단독,50,,,Y,9,9
14,남원읍 공영주차장,ME174045,01,06,제주특별자치도 서귀포시 남원읍 남원리 84-2,33.2788767,126.7213139,20220625195407,20220625191307,20220625195406,,50,단독,50,,,N,2,2
15,위미의례회관,ME174046,01,06,제주특별자치도 서귀포시 남원읍 중산간동로 6862,33.289615,126.6576261,20220623133550,20220623125334,20220623133549,,50,단독,50,,,N,2,2
16,대정감협 인근 공영주차장,ME174047,01,06,제주특별자치도 서귀포시 대정읍 하모리 964-2,33.2229383,126.2520224,20220625225545,20220625221222,20220625225544,,50,단독,50,,,N,2,2
17,퐁낭 작은 도서관 앞 주차장,ME174048,01,06,제주특별자치도 서귀포시 동홍동 470-1,33.2553617,126.5720303,20220625220526,20220625213504,20220625220525,,50,단독,50,,,N,2,2
18,월드컵경기장 인근 공영주차장,ME174049,01,06,제주특별자치도 서귀포시 법환동 870,33.2475057,126.510693,20220625195310,20220625114028,20220625122346,,50,단독,50,,,N,9,9
19,중문 관광단지,ME174050,01,06,제주특별자치도 서귀포시 색달동 2889-1,33.2462149,126.414261,20220625204534,20220625200212,20220625204534,,50,단독,50,,,N,2,2
20,중문 관광단지,ME174050,02,06,제주특별자치도 서귀포시 색달동 2889-1,33.2462149,126.414261,20220625205801,20220625203159,20220625205759,,50,단독,50,,,N,2,2
21,중문 관광단지,ME174050,03,06,제주특별자치도 서귀포시 색달동 2889-1,33.2462149,126.414261,20220625235817,20220625213857,20220625220716,20220625235816,50,단독,50,,,N,3,3
22,중문 관광단지,ME174050,04,06,제주특별자치도 서귀포시 색달동 2889-1,33.2462149,126.414261,20220625211119,20220625210213,20220625211118,,50,단독,50,,,N,2,2
23,중문 관광단지,ME174050,05,06,제주특별자치도 서귀포시 색달동 2889-1,33.2462149,126.414261,20220625120205,20220625112629,20220625120204,,50,단독,50,,,N,2,2
24,중앙공영주차장(우리은행 서귀포점 인근 공영주차장),ME174051,01,06,제주특별자치도 서귀포시 서귀동 291-2,33.249649,126.5623255,20220625234225,20220625220347,20220625224705,,50,단독,50,,,N,3,3
25,서귀포성당 뒤 주차장,ME174053,01,06,제주특별자치도 서귀포시 서귀동 600-3,33.2436487,126.5628543,20220625233231,20220625172740,20220625181058,,50,단독,50,,,N,2,2
26,국토교통부 인재개발원 앞 주차장,ME174054,01,06,제주특별자치도 서귀포시 서호동 1603,33.2523361,126.5157793,20220625195413,20220625180749,20220625181034,,50,단독,50,,,N,2,2
27,천지연폭포주차장,ME174055,01,06,제주특별자치도 서귀포시 서홍동 666-1,33.2447051,126.5597817,20220625200134,20220625195401,20220625200200,,50,단독,50,,,N,2,2
28,천지연폭포주차장,ME174055,02,06,제주특별자치도 서귀포시 서홍동 666-1,33.2447051,126.5597817,20220625195507,20220625194720,20220625195506,,50,단독,50,,,N,2,2
29,성산읍 공영주차장,ME174056,01,06,제주특별자치도 서귀포시 성산읍 고성리 327-1,33.4485209,126.9166899,20220625202525,20220625183745,20220625192405,,50,단독,50,,,N,2,2
30,성산일출봉 공영주차장,ME174057,01,06,제주특별자치도 서귀포시 성산읍 일출로 284-6,33.4619365,126.9355814,20220625194307,20220625173150,20220625181426,,50,단독,50,,,N,2,2
31,성산일출봉 공영주차장,ME174057,02,06,제주특별자치도 서귀포시 성산읍 일출로 284-6,33.4619365,126.9355814,20220625212358,20220625204441,20220625212357,,50,단독,50,,,N,2,2
32,안덕우체국 뒤 주차장,ME174058,01,06,제주특별자치도 서귀포시 안덕면 화순리 1072,33.2460981,126.3348886,20220625150018,20220625144016,20220625150016,,50,단독,50,,,N,2,2
33,서귀포시 매일시장 공영주차장,ME174059,01,06,제주특별자치도 서귀포시 중앙로62번길 18,33.2501492,126.5632261,20220625202131,20220625181750,20220625185916,,50,단독,50,,,N,2,2
34,표선민속마을 해비치 해변 공영주차장,ME174060,01,06,제주특별자치도 서귀포시 표선면 민속해안로 631-45,33.3248308,126.8424054,20220625182739,20220625174640,20220625182737,,50,단독,50,,,N,2,2
35,표선민속마을 해비치 해변 공영주차장,ME174060,02,06,제주특별자치도 서귀포시 표선면 민속해안로 631-45,33.3248308,126.8424054,20220625180604,20220625160330,20220625164900,,50,단독,50,,,N,2,2
36,표선민속마을 해비치 해변 공영주차장,ME174060,03,06,제주특별자치도 서귀포시 표선면 민속해안로 631-45,33.3248308,126.8424054,20220625213545,20220625185523,20220625193829,,50,단독,50,,,N,2,2
37,표선민속마을 해비치 해변 공영주차장,ME174060,04,06,제주특별자치도 서귀포시 표선면 민속해안로 631-45,33.3248308,126.8424054,20220624044310,20220617135859,20220617142255,,50,단독,50,,,N,9,9
38,표선민속마을 해비치 해변 공영주차장,ME174060,05,06,제주특별자치도 서귀포시 표선면 민속해안로 631-45,33.3248308,126.8424054,20220625232837,20220625230550,20220625232835,,50,단독,50,,,N,2,2
39,표선 의례회관 앞 공영주차장,ME174061,01,06,제주특별자치도 서귀포시 표선면 표선리 2103,33.3270822,126.8234354,20220621164422,20220621162530,20220621164420,,50,단독,50,,,N,2,2
40,회수사거리 인근 공영주차장,ME174062,01,06,제주특별자치도 서귀포시 회수동 788-2,33.2632286,126.4426783,20220625190229,20220625184458,20220625190228,,50,단독,50,,,N,2,2
41,오일장 인근 주차장,ME174063,01,06,제주특별자치도 제주시 구좌읍 세화리 1500-41 ,33.524856,126.8568472,20220625195603,20220625161315,20220625162950,,50,단독,50,,,N,2,2
42,용암해수산업화지원센터,ME174064,01,06,제주특별자치도 제주시 구좌읍 일주동로 2706-40,33.5423831,126.8121624,20220625111622,20220625105402,20220625111621,,50,단독,50,,,N,2,2
43,제주상공회의소 뒤편 주차장,ME174065,01,06,제주특별자치도 제주시 도남동 574-3,33.4904403,126.5198517,20210811154810,20201106125058,20201106130448,,50,단독,50,,,N,9,9
44,이호동 주민센터,ME174066,01,06,제주특별자치도 제주시 백포서길 9,33.5000077,126.4580641,20220625205842,20220625202521,20220625205841,,50,단독,50,,,N,2,2
45,한국폴리텍대학 제주캠퍼스,ME174067,01,06,제주특별자치도 제주시 산천단 동3길 2,33.4469182,126.561226,20220625162124,20220624190047,20220624190501,,50,단독,50,,,N,2,2
46,한라수목원,ME174068,01,06,제주특별자치도 제주시 수목원길 72,33.4690818,126.4908317,20220625223741,20220625215419,20220625223737,,50,단독,50,,,N,2,2
47,탐라중학교 공영주차장,ME174069,01,06,제주특별자치도 제주시 아라동 3008-1,33.4914869,126.5442609,20220625231334,20220625223015,20220625231333,,50,단독,50,,,N,2,2
48,아라지구 공영주차장,ME174070,01,06,제주특별자치도 제주시 아라동 6140-4,33.4701598,126.5466775,20220625232105,20220625222857,20220625224733,,50,단독,50,,,N,2,2
49,상가리사무소,ME174071,01,06,제주특별자치도 제주시 애월읍 상가리 1196-1,33.4497188,126.3457119,20220625143734,20220625141059,20220625143732,,50,단독,50,,,N,2,2
50,오일시장 일대 공영주차장,ME174072,01,06,제주특별자치도 제주시 오일장서길 26,33.4965694,126.4738058,20220625233956,20220625182235,20220625183710,20220625233955,50,단독,50,,,N,3,3
51,외도구획정리지구 공영주차장,ME174073,01,06,제주특별자치도 제주시 외도1동 482-1,33.4899205,126.4325935,20220625212214,20220625204134,20220625212213,,50,단독,50,,,N,2,2
52,삼성혈 인근 공영주차장,ME174074,01,06,제주특별자치도 제주시 이도1동 1293-1 ,33.5045526,126.5305231,20220625190312,20220625163819,20220625171029,,50,단독,50,,,N,2,2
53,이도주민센터,ME174075,01,06,제주특별자치도 제주시 중앙로25길 17,33.5068398,126.5271784,20220625192007,20220625173213,20220625181531,,50,단독,50,,,N,2,2
54,영락교회 인근 공영주차장,ME174076,01,06,제주특별자치도 제주시 일도2동 488-1,33.5103385,126.544115,20220625172533,20220625164817,20220625172539,,50,단독,50,,,N,2,2
55,제주시 상하수도본부,ME174077,01,06,제주특별자치도 제주시 조천읍 중산간동로 601,33.4997499,126.6496365,20220624165716,20220624161356,20220624165715,,50,단독,50,,,N,2,2
56,하귀1지구 공영주차장,ME174078,01,06,제주특별자치도 제주시 하귀1리 176-3,33.4855867,126.414308,20220625170632,20220625153826,20220625154726,,50,단독,50,,,N,2,2
57,한경도서관 앞 주차장,ME174079,01,06,제주특별자치도 제주시 한경면 신창리 233-1,33.3500436,126.184563,20220625193602,20220625190630,20220625193601,,50,단독,50,,,N,2,2
58,한림공원 인근 공영주차장,ME174080,01,06,제주특별자치도 제주시 한림읍 금능리 2018,33.3904865,126.2380097,20220625222736,20220625214440,20220625222758,,50,단독,50,,,N,2,2
59,한림읍체육관 주차장,ME174081,01,06,제주특별자치도 제주시 한림읍 한림중앙로 71-9,33.4092691,126.2695843,20220625233220,20220625224859,20220625233219,,50,단독,50,,,N,2,2
60,한림읍체육관 주차장,ME174081,02,06,제주특별자치도 제주시 한림읍 한림중앙로 71-9,33.4092691,126.2695843,20220625191905,20220625104752,20220625110132,,50,단독,50,,,N,2,2
61,한림읍체육관 주차장,ME174081,03,06,제주특별자치도 제주시 한림읍 한림중앙로 71-9,33.4092691,126.2695843,20220625210855,20220625204224,20220625210854,,50,단독,50,,,N,2,2
62,화북동주민센터,ME174082,01,06,제주특별자치도 제주시 화북1동 1976-6,33.5198336,126.5657078,20220625224831,20220625222648,20220625224839,,50,단독,50,,,N,2,2
63,한반도제주호텔,ME181538,01,06,제주특별자치도 제주시 연동2334-4,33.493426,126.490957,20220625230546,20220625210102,20220625214721,,50,단독,50,,,Y,2,2
64,㈜행운식품,ME181539,01,06,제주특별자치도 제주시 조천읍 함덕리 906번지,33.536916,126.669926,20220625172753,20220625072043,20220625074328,,50,단독,50,,,Y,2,2
65,봄그리고가을리조트,ME181540,01,06,제주특별자치도 서귀포시 성산읍 해맞이해안로2660,33.474152,126.91107,20220625203231,20220625195206,20220625203230,,50,단독,50,,,Y,2,2
66,클럽다인리조트,ME181541,01,06,제주특별자치도 제주시 애월읍 애월해안로400-9,33.471151,126.351032,20220625233050,20220625214040,20220625222129,20220625233050,50,단독,50,,,Y,3,3
67,롯데마트 제주점,ME181542,11,06,제주특별자치도 제주시 연북로 1(노형동),33.482377,126.481771,20220625203923,20220625201933,20220625203922,,50,단독,50,,,Y,2,2
68,제주공항,ME181544,01,06,제주특별자치도 제주시 용담2동 2002,33.505395,126.495111,20220625191456,20220625191240,20220625191455,,50,단독,50,,,Y,2,2
69,성산항 공영주차장,ME183101,01,06,"제주특별자치도 서귀포시 성산읍 성산리 347-9, 주차타워 앞",33.4726789,126.9322508,20220623172502,20220623171419,20220623172459,,50,단독,50,,,Y,2,2
70,성산항 공영주차장,ME183101,02,04,"제주특별자치도 서귀포시 성산읍 성산리 347-9, 주차타워 앞",33.4726789,126.9322508,20220625150612,20220623172953,20220623174116,,100,동시,50,,,Y,2,2
71,성산항 공영주차장,ME183101,03,06,"제주특별자치도 서귀포시 성산읍 성산리 347-9, 주차타워 앞",33.4726789,126.9322508,20220625135533,20220625095134,20220625100224,,50,단독,50,,,Y,2,2
72,성산항 공영주차장,ME183101,04,04,"제주특별자치도 서귀포시 성산읍 성산리 347-9, 주차타워 앞",33.4726789,126.9322508,20220625115251,20220622222656,20220622230042,,100,동시,50,,,Y,2,2
73,성산항 공영주차장,ME183101,52,04,"제주특별자치도 서귀포시 성산읍 성산리 347-9, 주차타워 앞",33.4726789,126.9322508,20220625141015,20220624141907,20220624150217,,100,동시,50,,,Y,2,2
74,성산항 공영주차장,ME183101,54,04,"제주특별자치도 서귀포시 성산읍 성산리 347-9, 주차타워 앞",33.4726789,126.9322508,20220624184111,20220624182326,20220624184110,,100,동시,50,,,Y,2,2
75,대정문화체육센터,ME183102,01,06,"제주특별자치도 서귀포시 대정읍 암반수마농로 419, 후문 우측",33.2637648,126.2359856,20220625183514,20220625180412,20220625183513,,50,단독,50,,,Y,2,2
76,대정문화체육센터,ME183102,02,04,"제주특별자치도 서귀포시 대정읍 암반수마농로 419, 후문 우측",33.2637648,126.2359856,20220624102928,20220622164250,20220622164513,,100,동시,50,,,Y,2,2
77,대정문화체육센터,ME183102,52,04,"제주특별자치도 서귀포시 대정읍 암반수마농로 419, 후문 우측",33.2637648,126.2359856,20220623162605,20220623122537,20220623125013,,100,동시,50,,,Y,2,2
78,남원읍동부보건소,ME184122,01,06,제주특별자치도 서귀포시 남원읍 태위로 527,33.275783,126.703417,20220625233446,20220625001140,20220625005459,,50,단독,50,,,Y,2,2
79,서귀포시민회관,ME184123,01,06,제주특별자치도 서귀포시 동홍로 31-7,33.251458,126.566931,20210811115310,20201207070509,20201207075130,,50,단독,50,,,Y,9,9
80,돈내코야영장,ME184124,01,06,제주특별자치도 서귀포시 돈내코로 114,33.300321,126.584802,20220625021546,20220625020311,20220625021545,,50,단독,50,,,Y,2,2
81,안덕면사무소,ME184125,01,06,제주특별자치도 서귀포시 안덕면 화순서서로 74,33.257546,126.330743,20220625200014,20220625192933,20220625200013,,50,단독,50,,,Y,2,2
82,제주국제컨벤션센터2,ME184126,02,06,제주특별자치도 서귀포시 중문관광로 224,33.241630,126.425469,20220625224828,20220625212102,20220625213038,,50,단독,50,,,Y,2,2
83,구좌체육관,ME184127,01,06,제주특별자치도 제주시 구좌읍 김녕로 209,33.556184,126.76167,20220625184432,20220625172326,20220625173902,,50,단독,50,,,Y,2,2
84,제주해녀박물관,ME184128,01,06,제주특별자치도 제주시 구좌읍 해녀박물관길 26,33.523056,126.862851,20220625205213,20220625200851,20220625205211,,50,단독,50,,,Y,2,2
85,제주노루생태공원,ME184129,01,06,제주특별자치도 제주시 명림로 520,33.444446,126.62665,20220624084810,20220623174456,20220623175727,,50,단독,50,,,Y,9,9
86,별빛누리공원,ME184130,01,06,제주특별자치도 제주시 선돌목동길 60,33.445028,126.549252,20220625202802,20220625195906,20220625202800,,50,단독,50,,,Y,2,2
87,조천체육관,ME184131,01,06,제주특별자치도 제주시 조천읍 조천18길 11-1,33.539725,126.643948,20220625215345,20220625204302,20220625211048,,50,단독,50,,,Y,2,2
88,삼매봉도서관,ME18A173,01,06,제주특별자치도 서귀포시 남성중로 153번길 15,33.24446,126.552233,20220625193535,20220625192040,20220625193534,,100,단독,50,,,Y,2,2
89,제주영어교육도시사무소,ME18A174,01,06,제주특별자치도 서귀포시 대정읍 구억리 625-1,33.287371,126.281962,20220625232833,20220625143958,20220625152303,,100,단독,50,,,Y,2,2
90,효돈동주민센터,ME18A175,01,06,제주특별자치도 서귀포시 효돈로 152번길 7,33.26323,126.61563,20220624072810,20220623160646,20220623163056,,100,단독,50,,,Y,9,9
91,봉개동공영주차장,ME18A176,01,06,제주특별자치도 제주시 봉개동 1854-1,33.490736,126.595291,20220625213250,20220625192418,20220625194928,,100,단독,50,,,Y,2,2
92,북촌 너븐숭이4.3 기념관,ME18A177,01,06,제주특별자치도 제주시 조천읍 북촌3길 3,33.545812,126.688761,20220625195908,20220625194425,20220625195906,,100,단독,50,,,Y,2,2
93,제주현대미술관,ME18A178,01,06,제주특별자치도 제주시 한경면 저지리 2114-68,33.338358,126.265658,20220625162727,20220625155216,20220625162726,,100,단독,50,,,Y,2,2
94,협재해수욕장,ME18A179,01,06,제주특별자치도 제주시 한림읍 금능리 2018,33.390701,126.237628,20220625214615,20220625212818,20220625214614,,100,단독,50,,,Y,2,2
95,대륜동주민센터,ME18A180,01,06,제주특별자치도 서귀포시 일주동로 9158,33.24813,126.51153,20220625194403,20220625182942,20220625190958,,100,단독,50,,,Y,2,2
96,메밀가공시설,ME18A268,11,04,제주특별자치도 서귀포시 안덕면 광평리 211,33.328104,126.379729,20220625110413,20220624130614,20220624134048,,200,동시,50,,,N,2,2
97,메밀가공시설,ME18A268,12,04,제주특별자치도 서귀포시 안덕면 광평리 211,33.328104,126.379729,20220625164356,20220625160300,20220625164354,,200,동시,50,,,N,2,2
98,제스코 서귀포점,ME18A269,11,04,제주특별자치도 서귀포시 상효로39 (상효동 754-1),33.262444,126.595899,20220625201230,20220625182420,20220625184302,,200,동시,50,,,N,2,2
99,제스코 서귀포점,ME18A269,12,04,제주특별자치도 서귀포시 상효로39 (상효동 754-1),33.262444,126.595899,20220625170325,20220625163223,20220625170319,,200,동시,50,,,N,2,2
100,서귀포농업기술센터,ME18A270,11,04,제주특별자치도 서귀포시 남원읍 중산간동로 7413,33.288054,126.607012,20220625215225,20220625213547,20220625215224,,200,동시,50,,,N,2,2
101,서귀포농업기술센터,ME18A270,12,04,제주특별자치도 서귀포시 남원읍 중산간동로 7413,33.288054,126.607012,20220625183700,20220624125635,20220624132203,,200,동시,50,,,N,2,2
102,서귀포쓰레기위생매립장,ME18A271,01,06,제주특별자치도 서귀포시 산록남로 1241번길 145(색달동),33.307043,126.419086,20220625081009,20220623144225,20220623145125,,100,단독,50,,,Y,2,2
103,서귀포쓰레기위생매립장,ME18A271,02,06,제주특별자치도 서귀포시 산록남로 1241번길 145(색달동),33.307043,126.419086,20220625200731,20220625191745,20220625194915,,100,단독,50,,,Y,2,2
104,안덕면사무소,ME18A272,11,04,제주특별자치도 서귀포시 안덕면 화순서로 74,33.257492,126.330668,20220625162350,20220625160424,20220625162134,,200,동시,50,,,Y,2,2
105,안덕면사무소,ME18A272,12,04,제주특별자치도 서귀포시 안덕면 화순서로 74,33.257492,126.330668,20220625130533,20220625124614,20220625130534,,200,동시,50,,,Y,2,2
106,제주추사관,ME18A273,11,04,제주특별자치도 서귀포시 대정읍 추사로 36번길 1,33.249949,126.278264,20220625211931,20220625180322,20220625184623,,200,동시,50,,,Y,2,2
107,제주추사관,ME18A273,12,04,제주특별자치도 서귀포시 대정읍 추사로 36번길 1,33.249949,126.278264,20220625190901,20220625172918,20220625175023,,200,동시,50,,,Y,2,2
108,하효마을다목적회관,ME18A274,11,04,제주특별자치도 서귀포시 칠십리로 740(하효동),33.258481,126.617699,20220625133201,20220623143510,20220623144425,,200,동시,50,,,Y,2,2
109,하효마을다목적회관,ME18A274,12,04,제주특별자치도 서귀포시 칠십리로 740(하효동),33.258481,126.617699,20220625233354,20220625132233,20220625134949,,200,동시,50,,,Y,2,2
110,중앙공영주차장,ME18A275,11,04,제주특별자치도 서귀포시 서귀동 291-63(3),33.249934,126.562129,20220624174810,20220624160347,20220624165359,,200,동시,50,,,N,9,9
111,중앙공영주차장,ME18A275,12,04,제주특별자치도 서귀포시 서귀동 291-63(3),33.249934,126.562129,20220624174810,20220624075355,20220624083921,20220624170232,200,동시,50,,,N,9,9
112,선흘리 낙선동4.3 유적지,ME18A276,11,04,제주특별자치도 제주시 조천읍 선흘서5길7,33.515459,126.693662,20220624185134,20220624175735,20220624184037,,200,동시,50,,,Y,2,2
113,선흘리 낙선동4.3 유적지,ME18A276,12,04,제주특별자치도 제주시 조천읍 선흘서5길7,33.515459,126.693662,20220625220027,20220625214103,20220625220026,,200,동시,50,,,Y,2,2
114,애월읍사무소,ME18A277,11,04,제주특별자치도 제주시 애월읍 일주서로 6322,33.462511,126.32973,20220608121810,20220422110740,20220422113628,,200,동시,50,,,Y,9,9
115,애월읍사무소,ME18A277,12,04,제주특별자치도 제주시 애월읍 일주서로 6322,33.462511,126.32973,20220608122310,20220422104045,20220422110549,,200,동시,50,,,Y,9,9
116,한국교통안전공단제주자동차검사소,ME18A278,01,06,제주특별자치도 제주시 삼봉로 79(도련2동),33.514325,126.589355,20220625233519,20220625231318,20220625233517,,100,단독,50,,,N,2,2
117,한국교통안전공단제주자동차검사소,ME18A278,02,06,제주특별자치도 제주시 삼봉로 79(도련2동),33.514325,126.589355,20220625211419,20220625210409,20220625211418,,100,단독,50,,,N,2,2
118,제주도립미술관,ME18A279,11,04,제주특별자치도 제주시 1100로 2894-78(연동),33.453067,126.488257,20220625163211,20220625152126,20220625162514,,200,동시,50,,,Y,2,2
119,제주도립미술관,ME18A279,12,04,제주특별자치도 제주시 1100로 2894-78(연동),33.453067,126.488257,20220625164559,20220625162214,20220625164557,,200,동시,50,,,Y,2,2
120,조천읍사무소,ME18A280,11,04,제주특별자치도 제주시 조천읍 신북로 194,33.534508,126.634244,20220625133829,20220625130534,20220625133828,,200,동시,50,,,Y,2,2
121,조천읍사무소,ME18A280,12,04,제주특별자치도 제주시 조천읍 신북로 194,33.534508,126.634244,20220625151909,20220625145443,20220625152006,,200,동시,50,,,Y,2,2
122,일출랜드,ME18A281,11,04,제주특별자치도 서귀포시 성산읍 중산간동로 4150-30,33.381622,126.84219,20220622151953,20220618122757,20220618130547,,200,동시,50,,,Y,2,2
123,일출랜드,ME18A281,12,04,제주특별자치도 서귀포시 성산읍 중산간동로 4150-30,33.381622,126.84219,20220625160932,20220625152614,20220625160916,,200,동시,50,,,Y,2,2
124,제주항일기념관,ME18A282,11,04,제주특별자치도 제주시 조천읍 신북로 303,33.541106,126.643424,20220625135215,20220624215804,20220624224107,,200,동시,50,,,N,2,2
125,제주항일기념관,ME18A282,12,04,제주특별자치도 제주시 조천읍 신북로 303,33.541106,126.643424,20220625214347,20220625211928,20220625214337,,200,동시,50,,,N,2,2
126,양지(추모)공원,ME18A283,11,04,제주특별자치도 제주시 516로 2810-31(영평동),33.43966,126.579013,20220625160413,20220625152618,20220625160411,,200,동시,50,,,N,2,2
127,양지(추모)공원,ME18A283,12,04,제주특별자치도 제주시 516로 2810-31(영평동),33.43966,126.579013,20220625120510,20220625115031,20220625120508,,200,동시,50,,,N,2,2
128,홍로공영주차장,ME18A306,01,06,제주특별자치도 서귀포시 동홍동 1480-6,33.255903,126.560992,20220625192505,20220625133301,20220625135307,,100,단독,50,,,Y,2,2
129,홍로공영주차장,ME18A306,11,04,제주특별자치도 서귀포시 동홍동 1480-6,33.255903,126.560992,20220625204507,20220625202152,20220625204506,,200,동시,50,,,Y,2,2
130,홍로공영주차장,ME18A306,12,04,제주특별자치도 서귀포시 동홍동 1480-6,33.255903,126.560992,20220624180155,20220623092253,20220623094405,,200,동시,50,,,Y,2,2
131,돌문화공원,ME18A307,01,06,제주특별자치도 제주시 조천읍 남조로 2023,33.446122,126.664039,20220625230448,20220625222143,20220625230445,,100,단독,50,,,Y,2,2
132,돌문화공원,ME18A307,11,04,제주특별자치도 제주시 조천읍 남조로 2023,33.446122,126.664039,20220623193125,20220623190134,20220623193124,,200,동시,50,,,Y,2,2
133,돌문화공원,ME18A307,12,04,제주특별자치도 제주시 조천읍 남조로 2023,33.446122,126.664039,20220625175008,20220625173909,20220625175006,,200,동시,50,,,Y,2,2
134,사려니숲길 주차장,ME18A308,01,06,제주특별자치도 제주시 봉개동 2750-2,33.434197,126.637593,20220625171919,20220625152828,20220625155809,,100,단독,50,,,Y,2,2
135,사려니숲길 주차장,ME18A308,11,04,제주특별자치도 제주시 봉개동 2750-2,33.434197,126.637593,20220625153959,20220625122131,20220625130433,,200,동시,50,,,Y,2,2
136,사려니숲길 주차장,ME18A308,12,04,제주특별자치도 제주시 봉개동 2750-2,33.434197,126.637593,20220625153122,20220625151433,20220625153120,,200,동시,50,,,Y,2,2
137,제스코마트,ME18A309,01,06,제주특별자치도 제주시 연북로 444,33.480929,126.529513,20220625194035,20220625190653,20220625194033,,100,단독,50,,,Y,2,2
138,제스코마트,ME18A309,11,04,제주특별자치도 제주시 연북로 444,33.480929,126.529513,20220625213046,20220625192133,20220625194009,,200,동시,50,,,Y,2,2
139,제스코마트,ME18A309,12,04,제주특별자치도 제주시 연북로 444,33.480929,126.529513,20220625221601,20220625184359,20220625192334,,200,동시,50,,,Y,2,2
140,신화역사공원 조성사업,ME18A404,01,04,제주특별자치도 서귀포시 안덕면 서광리 1279,33.29715,126.305416,20220625231810,20220625170530,20220625171212,,100,단독,50,,,Y,9,9
141,신화역사공원 조성사업,ME18A404,02,04,제주특별자치도 서귀포시 안덕면 서광리 1279,33.29715,126.305416,20220625225810,20220625161421,20220625165311,,100,단독,50,,,Y,9,9
142,신화역사공원 조성사업,ME18A404,03,04,제주특별자치도 서귀포시 안덕면 서광리 1279,33.29715,126.305416,20220625214810,20220625111250,20220625113726,,100,단독,50,,,Y,9,9
143,신화역사공원 조성사업,ME18A404,04,04,제주특별자치도 서귀포시 안덕면 서광리 1279,33.29715,126.305416,20220625211344,20220625210023,20220625211344,,100,단독,50,,,Y,2,2
144,서귀포보건소,ME19B169,01,04,제주특별자치도 서귀포시 중앙로 101번길 52,33.253073,126.555591,20220625101932,20220625094027,20220625101932,,100,단독,50,,,Y,2,2
145,남원119센터,ME19B170,01,04,제주특별자치도 서귀포시 남원읍 남원체육관로221번길 23,33.281416,126.708647,20220625112519,20220625104618,20220625112519,,100,단독,50,,,Y,2,2
146,홍로공영주차장,ME19B171,01,04,제주특별자치도 서귀포시 동홍동 1480-6,33.255905,126.560863,20220625193803,20220625190049,20220625193803,,100,단독,50,,,N,2,2
147,서귀포시 교통행정과(공영버스 차고지),ME19B172,01,04,제주특별자치도 서귀포시 토평공단로 20,33.284338,126.588341,20220625141144,20220623113953,20220623121838,,100,단독,50,,,Y,2,2
148,국민건강보험공단 서귀포지사,ME19B173,01,04,제주특별자치도 서귀포시 신서귀로 51번길 38,33.254949,126.507328,20220625170202,20220625163720,20220625170202,,100,단독,50,,,Y,2,2
149,용담1동주민센터,ME19B174,11,04,제주특별자치도 제주시 용남3길 7,33.509217,126.513524,20220625235309,20220624191756,20220624195845,,100,동시,50,,,Y,2,2
150,용담1동주민센터,ME19B174,12,04,제주특별자치도 제주시 용남3길 7,33.509217,126.513524,20220625235210,20220625231035,20220625235209,,100,동시,50,,,Y,2,2
151,라마다프라자제주호텔,ME19B175,01,04,제주특별자치도 제주시 탑동로 66,33.518486,126.518645,20220625232522,20220624192719,20220624194257,,100,단독,50,,,Y,2,2
152,서귀포항 해운항만과 사무실,ME19B240,21,04,제주특별자치도 서귀포시 칠십리로 72번길 1,33.239553,126.564491,20220625195310,20220625123304,20220625124727,,200,동시,50,,,Y,9,9
153,서귀포항 해운항만과 사무실,ME19B240,22,04,제주특별자치도 서귀포시 칠십리로 72번길 1,33.239553,126.564491,20220625193810,20220625155452,20220625163458,,200,동시,50,,,Y,9,9
154,강정크루즈터미널,ME19B241,21,04,제주특별자치도 서귀포시 말질로 261,33.229276,126.477424,20220625233810,20220622190641,20220622194354,,200,동시,50,,,Y,9,9
155,강정크루즈터미널,ME19B241,22,04,제주특별자치도 서귀포시 말질로 261,33.229276,126.477424,20220625233810,20220620144215,20220620150150,,200,동시,50,,,Y,9,9
156,아시아CGI애니메이션센터,ME19B242,21,04,제주특별자치도 서귀포시 동홍로 41,33.252386,126.56704,20220625205810,20220625100805,20220625104810,,200,동시,50,,,Y,9,9
157,아시아CGI애니메이션센터,ME19B242,22,04,제주특별자치도 서귀포시 동홍로 41,33.252386,126.56704,20220625200810,20220625150420,20220625153342,,200,동시,50,,,Y,9,9
158,한국중부발전㈜ 상명풍력발전소,ME19B243,21,04,제주특별자치도 제주시 한림읍 금악서길133,33.339766,126.29196,20220625195310,20220616131628,20220616133546,,200,동시,50,,,Y,9,9
159,한국중부발전㈜ 상명풍력발전소,ME19B243,22,04,제주특별자치도 제주시 한림읍 금악서길133,33.339766,126.29196,20220625195310,20220614104750,20220614105030,,200,동시,50,,,Y,9,9
160,한국중부발전㈜ 제주화력본부 사택,ME19B244,21,04,제주특별자치도 제주시 삼양1동 1637-1,33.527544,126.592481,20220625185310,20220623180709,20220623184715,,200,동시,50,,,Y,9,9
161,한국중부발전㈜ 제주화력본부 사택,ME19B244,22,04,제주특별자치도 제주시 삼양1동 1637-1,33.527544,126.592481,20220625185310,20220624213827,20220624221833,,200,동시,50,,,Y,9,9
162,문화예술진흥원,ME19B245,21,04,제주특별자치도 제주시 동광로 69,33.505176,126.535477,20220625235949,20220625234606,20220625235949,,200,동시,50,,,Y,2,2
163,문화예술진흥원,ME19B245,22,04,제주특별자치도 제주시 동광로 69,33.505176,126.535477,20220625234810,20220625210822,20220625211543,,200,동시,50,,,Y,9,9
164,제주특별자치도의회,ME19B246,21,04,제주특별자치도 제주시 문연로 13,33.489975,126.499794,20220625225810,20220625214735,20220625222741,,200,동시,50,,,Y,9,9
165,제주특별자치도의회,ME19B246,22,04,제주특별자치도 제주시 문연로 13,33.489975,126.499794,20220625221317,20220625211309,20220625212212,,200,동시,50,,,Y,2,2
166,제주농업기술센터,ME19B247,21,04,제주특별자치도 제주시 애월읍 상귀길 173,33.457922,126.4039,20220625214810,20220625183503,20220625191620,,200,동시,50,,,Y,9,9
167,제주농업기술센터,ME19B247,22,04,제주특별자치도 제주시 애월읍 상귀길 173,33.457922,126.4039,20220625193310,20220625130848,20220625132713,,200,동시,50,,,Y,9,9
168,김녕119지역센터,ME19B248,21,04,제주특별자치도 제주시 구좌읍 김녕로 242,33.554272,126.76293,20220625221310,20220625072732,20220625075940,,200,동시,50,,,Y,9,9
169,김녕119지역센터,ME19B248,22,04,제주특별자치도 제주시 구좌읍 김녕로 242,33.554272,126.76293,20220625195310,20220625142727,20220625144829,,200,동시,50,,,Y,9,9
170,용암해수산업화지원센터 2호관,ME19B249,21,04,제주특별자치도 제주시 구좌읍 일주동로 2708-19,33.541291,126.816172,20220625235810,20220624172221,20220624175832,,200,동시,50,,,Y,9,9
171,용암해수산업화지원센터 2호관,ME19B249,22,04,제주특별자치도 제주시 구좌읍 일주동로 2708-19,33.541291,126.816172,20220625200310,20220625131749,20220625132737,,200,동시,50,,,Y,9,9
172,제주특별자치도교육청,ME19B250,21,04,제주특별자치도 제주시 문연로 5,33.490464,126.497529,20220625234310,20220625223041,20220625224145,,200,동시,50,,,Y,9,9
173,제주특별자치도교육청,ME19B250,22,04,제주특별자치도 제주시 문연로 5,33.490464,126.497529,20220625213810,20220625192629,20220625200635,,200,동시,50,,,Y,9,9
174,동녘도서관,ME19B251,21,04,제주특별자치도 제주시 구좌읍 일주동로 3132,33.520768,126.854705,20220625185310,20220624185850,20220624191118,,200,동시,50,,,Y,9,9
175,동녘도서관,ME19B251,22,04,제주특별자치도 제주시 구좌읍 일주동로 3132,33.520768,126.854705,20220625225810,20220625145145,20220625152040,,200,동시,50,,,Y,9,9
176,제주시 외도일동 공영주차장,ME19B252,01,04,제주특별자치도 제주시 외도일동 632-7,33.485522,126.428719,20210820142312,20200809191501,20200809193648,,100,단독,50,,,Y,9,9
177,제주시 외도일동 공영주차장,ME19B252,02,04,제주특별자치도 제주시 외도일동 632-7,33.485522,126.428719,20210820142810,20200807163145,20200807165718,,100,단독,50,,,Y,9,9
178,비자림,ME19B253,21,04,제주특별자치도 제주시 구좌읍 비자숲길 55,33.491586,126.811214,20220625231810,20220625154120,20220625162126,,200,동시,50,,,Y,9,9
179,비자림,ME19B253,22,04,제주특별자치도 제주시 구좌읍 비자숲길 55,33.491586,126.811214,20220625232810,20220625174430,20220625175348,,200,동시,50,,,Y,9,9
180,월드컵경기장,ME19B404,21,04,제주특별자치도 서귀포시 월드컵로 31,33.246551,126.5071,20220625212810,20220625162547,20220625165425,,200,동시,50,,,Y,9,9
181,월드컵경기장,ME19B404,22,04,제주특별자치도 서귀포시 월드컵로 31,33.246551,126.5071,20220625234810,20220625144047,20220625150958,,200,동시,50,,,Y,9,9
182,월드컵경기장,ME19B404,23,04,제주특별자치도 서귀포시 월드컵로 31,33.246551,126.5071,20220625223810,20220625180312,20220625181413,,200,동시,50,,,Y,9,9
183,월드컵경기장,ME19B404,24,04,제주특별자치도 서귀포시 월드컵로 31,33.246551,126.5071,20220625221310,20220621141253,20220621145025,,200,동시,50,,,Y,9,9
184,제주4.3평화재단 공원,ME19B405,41,04,제주특별자치도 제주시 명림로 430,33.450197,126.621615,20220625235810,20220623163627,20220623170034,,100,단독,50,,,Y,9,9
185,제주4.3평화재단 공원,ME19B405,42,04,제주특별자치도 제주시 명림로 430,33.450197,126.621615,20220625195310,20220624080505,20220624082302,,100,단독,50,,,Y,9,9
186,제주4.3평화재단 공원,ME19B405,43,04,제주특별자치도 제주시 명림로 430,33.450197,126.621615,20220625220810,20220625153415,20220625160400,,100,단독,50,,,Y,9,9
187,제주4.3평화재단 공원,ME19B405,44,04,제주특별자치도 제주시 명림로 430,33.450197,126.621615,20220625162310,20220624181035,20220624185143,,100,단독,50,,,Y,9,9
188,제주국제대학교,ME19B406,21,04,제주특별자치도 제주시 516로 2870,33.44059,126.572195,20220625203810,20220625102152,20220625102842,,200,동시,50,,,Y,9,9
189,제주국제대학교,ME19B406,22,04,제주특별자치도 제주시 516로 2870,33.44059,126.572195,20220625230310,20220625181347,20220625182916,,200,동시,50,,,Y,9,9
190,제주국제대학교,ME19B406,23,04,제주특별자치도 제주시 516로 2870,33.44059,126.572195,20220625193810,20220625115153,20220625120115,,200,동시,50,,,Y,9,9
191,제주국제대학교,ME19B406,24,04,제주특별자치도 제주시 516로 2870,33.44059,126.572195,20220625201810,20220625163539,20220625171545,,200,동시,50,,,Y,9,9
192,웅전공영주차장,ME19D126,01,04,제주특별자치도 제주시 노형동 2517-1,33.48271691,126.47184937,20220625195917,20220625193042,20220625195908,,100,단독,50,,,N,2,2
193,수덕공영주차장,ME19D127,01,04,제주특별자치도 제주시 노형동 2534-3,33.48346416,126.47424822,20220625192118,20220623015223,20220623021635,,100,단독,50,,,N,2,2
194,용두암 공영주차장,ME19D128,01,04,제주특별자치도 제주시 용두암길15,33.51478249,126.51153269,20220625190514,20220625182508,20220625190508,,100,단독,50,,,N,2,2
195,오일시장 일대 공영주차장,ME19Y240,21,04,제주특별자치도 제주시 오일장서길 26,33.497482,126.474956,20220624174310,20220622091511,20220622094031,,100,단독,50,,,Y,9,9
196,오일시장 일대 공영주차장,ME19Y240,22,04,제주특별자치도 제주시 오일장서길 26,33.497482,126.474956,20220624174310,20220624122911,20220624130911,,100,단독,50,,,Y,9,9
197,외도119센터,ME19Y269,01,04,제주특별자치도 제주시 통물길 75,33.486439,126.437740,20220617043810,20220616194658,20220616201235,,100,단독,50,,,Y,9,9
198,외도119센터,ME19Y269,02,04,제주특별자치도 제주시 통물길 75,33.486439,126.437740,20220625170228,20220625162346,20220625170228,,100,단독,50,,,Y,2,2
199,조천도서관,ME19Y270,01,04,제주특별자치도 제주시 조천읍 일주동로 1189,33.537823,126.667909,20220625215912,20220625212026,20220625215912,,100,단독,50,,,Y,2,2
200,조천도서관,ME19Y270,02,04,제주특별자치도 제주시 조천읍 일주동로 1189,33.537823,126.667909,20220625213046,20220625210926,20220625213046,,100,단독,50,,,Y,2,2
201,한경면(청수리)청수마을회관,ME19Y271,01,04,제주특별자치도 제주시 한경면 대한로 1036,33.317755,126.247556,20220623121301,20220623113408,20220623121301,,100,단독,50,,,Y,2,2
202,한경면(청수리)청수마을회관,ME19Y271,02,04,제주특별자치도 제주시 한경면 대한로 1036,33.317755,126.247556,20220625125108,20220625121626,20220625125108,,100,단독,50,,,Y,2,2
203,성읍119지역센터,ME20B1e1,01,04,제주특별자치도 서귀포시 성산읍 성읍서문로 75,33.38339387,126.79465682,20220623184011,20220622184303,20220622192303,,100,단독,50,,,Y,2,2
204,신흥2리 리사무소,ME20B1e2,01,04,제주특별자치도 서귀포시 남원읍 중산간동로 5807,33.32126210,126.7455930,20220624192856,20220624185944,20220624192855,,100,단독,50,,,Y,2,2
205,영락리사무소,ME20B1e3,01,04,제주특별자치도 서귀포시 대정읍 영락중동로 11,33.25824940,126.21086170,20220625171243,20220625164626,20220625171228,,100,단독,50,,,Y,2,2
206,산양리 다목적회관,ME20B1e4,01,04,제주특별자치도 제주시 한경면 연명로 8-1,33.2927,126.2341,20220624193435,20220623191708,20220623195708,,100,단독,50,,,Y,9,9
207,도로 주차장,ME20B1e5,01,04,제주특별자치도 제주시 한림읍 금악리 1242-8,33.3498,126.3051,20220624175810,20220617155300,20220617160438,,100,단독,50,,,Y,9,9
208,경제통상진흥원,ME20B1e6,91,04,제주특별자치도 제주시 연삼로 473,33.49918040,126.54017670,20220625164812,20220625160757,20220625164757,,100,단독,50,,,Y,2,2
209,한림항 주차장,ME20B1e7,01,04,제주특별자치도 제주시 한림읍 한림리 1377-48,33.4104,126.2584,20220625173053,20220625172514,20220625173051,,100,단독,50,,,Y,2,2
210,도순마을회관,ME20B299,21,04,제주특별자치도 서귀포시 도순남로 29번길 13,33.25063327,126.47523846,20220624182505,20220618162911,20220618170911,,200,동시,50,,,Y,2,2
211,도순마을회관,ME20B299,22,04,제주특별자치도 서귀포시 도순남로 29번길 13,33.25063327,126.47523846,20220625182223,20220625175033,20220625182155,,200,동시,50,,,Y,2,2
212,성산국민체육센터,ME20B2a0,91,04,제주특별자치도 서귀포시 성산읍 일주동로 4024,33.45726610,126.91665020,20220625093354,20220625085340,20220625093340,,100,단독,50,,,Y,2,2
213,성산국민체육센터,ME20B2a0,92,04,제주특별자치도 서귀포시 성산읍 일주동로 4024,33.45726610,126.91665020,20220625184023,20220625180912,20220625184014,,100,단독,50,,,Y,2,2
214,제주감귤농협유통사업단(2유통센터),ME20B2a1,21,04,제주특별자치도 서귀포시 남원읍 태신로 130번길 170,33.31316210,126.74337470,20220605153824,20220605150051,20220605153821,,200,동시,50,,,Y,2,2
215,제주감귤농협유통사업단(2유통센터),ME20B2a1,22,04,제주특별자치도 서귀포시 남원읍 태신로 130번길 170,33.31316210,126.74337470,20220617102810,20220607130559,20220607130832,,200,동시,50,,,Y,9,9
216,하례2리 마을회,ME20B2a2,21,04,제주특별자치도 서귀포시 남원읍 하례돈야로 83,33.29716000,126.60891920,20220621210519,20220621204807,20220621210518,,200,동시,50,,,Y,2,2
217,하례2리 마을회,ME20B2a2,22,04,제주특별자치도 서귀포시 남원읍 하례돈야로 83,33.29716000,126.60891920,20220621130729,20220621124332,20220621130727,,200,동시,50,,,Y,2,2
218,제주동부하수처리장,ME20B2a3,21,04,제주특별자치도 제주시 월정서로 162,33.56238030,126.77819280,20220607124733,20220607121658,20220607124728,,200,동시,50,,,Y,2,2
219,제주동부하수처리장,ME20B2a3,22,04,제주특별자치도 제주시 월정서로 162,33.56238030,126.77819280,20220605143829,20220605141837,20220605143828,,200,동시,50,,,Y,2,2
220,항일기념관,ME20B2a4,21,04,제주특별자치도 제주시 조천읍 신북로 303,33.5412329,126.6433159,20220625235751,20220625233441,20220625235749,,200,동시,50,,,Y,2,2
221,항일기념관,ME20B2a4,22,04,제주특별자치도 제주시 조천읍 신북로 303,33.5412329,126.6433159,20220624185335,20220624183810,20220624185334,,200,동시,50,,,Y,2,2
222,한국산업인력공단 제주지사,ME20B2a5,21,04,제주특별자치도 제주시 복지로 19,33.487857,126.5199165,20220625172140,20220625164208,20220625172131,,200,동시,50,,,Y,2,2
223,한국산업인력공단 제주지사,ME20B2a5,22,04,제주특별자치도 제주시 복지로 19,33.487857,126.5199165,20220624165155,20220624163010,20220624165154,,200,동시,50,,,Y,2,2
224,서부하수처리장,ME20B2a6,21,04,제주특별자치도 제주시 한경면 판포리 1459-1,33.3721,126.2080,20220624160750,20220624155039,20220624160736,,200,동시,50,,,Y,2,2
225,서부하수처리장,ME20B2a6,22,04,제주특별자치도 제주시 한경면 판포리 1459-1,33.3721,126.2080,20220625102849,20220625094827,20220625102827,,200,동시,50,,,Y,2,2
226,애월국민체육센터,ME20B2a7,21,04,제주특별자치도 제주시 하귀동남1길 22,33.48546230,126.413714,20220625200838,20220625192838,20220625200838,,200,동시,50,,,Y,2,2
227,애월국민체육센터,ME20B2a7,22,04,제주특별자치도 제주시 하귀동남1길 22,33.48546230,126.413714,20220625183852,20220625135832,20220625141150,,200,동시,50,,,Y,2,2
228,건강쉼터,ME20B2a8,21,04,제주특별자치도 제주시 한경면 두모리 2962-1,33.3530,126.1858,20220625172934,20220625170846,20220625172923,,200,동시,50,,,Y,2,2
229,건강쉼터,ME20B2a8,22,04,제주특별자치도 제주시 한경면 두모리 2962-1,33.3530,126.1858,20220625155110,20220625153414,20220625155109,,200,동시,50,,,Y,2,2
230,금능해수욕장 주차장,ME20B2a9,21,04,제주특별자치도 제주시 한림읍 금능리 2018,33.3908,126.2376,20220625153808,20220624173052,20220624181052,,200,동시,50,,,Y,2,2
231,금능해수욕장 주차장,ME20B2a9,22,04,제주특별자치도 제주시 한림읍 금능리 2018,33.3908,126.2376,20220624182310,20220624163719,20220624165900,,200,동시,50,,,Y,9,9
232,소공원 주차장,ME20B2b0,21,04,제주특별자치도 제주시 한림읍 귀덕리 3025-2,33.4423,126.2896,20220625201204,20220625200733,20220625201159,,200,동시,50,,,Y,2,2
233,소공원 주차장,ME20B2b0,22,04,제주특별자치도 제주시 한림읍 귀덕리 3025-2,33.4423,126.2896,20220625195133,20220625194005,20220625195128,,200,동시,50,,,Y,2,2
234,유수암리사무소,ME20B2b1,21,04,제주특별자치도 제주시 애월읍 유수암평화길 14,33.44136770,126.40315580,20220625211336,20220624090910,20220624092425,,200,동시,50,,,Y,2,2
235,유수암리사무소,ME20B2b1,22,04,제주특별자치도 제주시 애월읍 유수암평화길 14,33.44136770,126.40315580,20220625134039,20220625132105,20220625134038,,200,동시,50,,,Y,2,2
236,저지 다온빌라 공용주차장,ME20B2b2,21,04,제주특별자치도 제주시 한경면 저지12길 72-12,33.3376,126.2638,20220621120840,20220621114659,20220621120839,,200,동시,50,,,Y,2,2
237,저지 다온빌라 공용주차장,ME20B2b2,22,04,제주특별자치도 제주시 한경면 저지12길 72-12,33.3376,126.2638,20220625143642,20220625141623,20220625143641,,200,동시,50,,,Y,2,2
238,제주 청소년수련원 도로변 주차장,ME20B2b3,21,04,제주특별자치도 제주시 한림읍 금능리 2243-2,33.3778,126.2379,20220625183016,20220625181341,20220625183016,,200,동시,50,,,Y,2,2
239,제주 청소년수련원 도로변 주차장,ME20B2b3,22,04,제주특별자치도 제주시 한림읍 금능리 2243-2,33.3778,126.2379,20220625155434,20220625153749,20220625155433,,200,동시,50,,,Y,2,2
240,환경시설관리사무소,ME20B2b4,01,04,제주특별자치도 제주시 송이길 226,33.4616109,126.6295205,20220623144856,20220623140840,20220623144840,,100,단독,50,,,Y,2,2
241,환경시설관리사무소,ME20B2b4,02,04,제주특별자치도 제주시 송이길 226,33.4616109,126.6295205,20220624173349,20220624165334,20220624173334,,100,단독,50,,,Y,2,2
242,제주특별자치도 농업기술원,ME20B416,21,04,제주특별자치도 서귀포시 중산간서로 212,33.2609,126.4893,20220616130805,20220616124647,20220616130759,,200,동시,50,,,Y,2,2
243,제주특별자치도 농업기술원,ME20B416,22,04,제주특별자치도 서귀포시 중산간서로 212,33.2609,126.4893,20220621184811,20220610084902,20220610090946,,200,동시,50,,,Y,2,2
244,제주특별자치도 농업기술원,ME20B416,23,04,제주특별자치도 서귀포시 중산간서로 212,33.2609,126.4893,20220624101947,20220624095509,20220624101946,,200,동시,50,,,Y,2,2
245,제주특별자치도 농업기술원,ME20B416,24,04,제주특별자치도 서귀포시 중산간서로 212,33.2609,126.4893,20220624075702,20220624074008,20220624075701,,200,동시,50,,,Y,2,2
246,돈내코유원지 주차장,ME20B417,41,04,제주특별자치도 서귀포시 돈내코로 120,33.30039880,126.58465160,20220624142823,20220624140638,20220624142816,,200,동시,50,,,Y,2,2
247,돈내코유원지 주차장,ME20B417,42,04,제주특별자치도 서귀포시 돈내코로 120,33.30039880,126.58465160,20220625114032,20220625111126,20220625114023,,200,동시,50,,,Y,2,2
248,돈내코유원지 주차장,ME20B417,43,04,제주특별자치도 서귀포시 돈내코로 120,33.30039880,126.58465160,20220625184910,20220625182545,20220625184902,,200,동시,50,,,Y,2,2
249,돈내코유원지 주차장,ME20B417,44,04,제주특별자치도 서귀포시 돈내코로 120,33.30039880,126.58465160,20220625152451,20220625151437,20220625152441,,200,동시,50,,,Y,2,2
250,한림종합운동장 주차장,ME20B418,41,04,제주특별자치도 제주시 한림읍 한림리 887-2,33.4028390,126.2697128,20220625221255,20220625213909,20220625221247,,200,동시,50,,,Y,2,2
251,한림종합운동장 주차장,ME20B418,42,04,제주특별자치도 제주시 한림읍 한림리 887-2,33.4028390,126.2697128,20220625133054,20220625125046,20220625133046,,200,동시,50,,,Y,2,2
252,한림종합운동장 주차장,ME20B418,43,04,제주특별자치도 제주시 한림읍 한림리 887-2,33.4028390,126.2697128,20220625193926,20220625190106,20220625193916,,200,동시,50,,,Y,2,2
253,한림종합운동장 주차장,ME20B418,44,04,제주특별자치도 제주시 한림읍 한림리 887-2,33.4028390,126.2697128,20220625183239,20220625175212,20220625183212,,200,동시,50,,,Y,2,2
254,블루렌트카 제주도,BNJG3401,01,04,제주특별자치도 제주시 용문로 48,33.5041002,126.5014242,20220625195910,,,,100,동시,50,,,Y,2,2
255,블루렌트카 제주도,BNJG3401,02,04,제주특별자치도 제주시 용문로 48,33.5041002,126.5014242,20220625194510,,,,100,동시,50,,,Y,2,2
256,블루렌트카 제주도,BNJG3401,03,04,제주특별자치도 제주시 용문로 48,33.5041002,126.5014242,20220625194710,,,,100,동시,50,,,Y,2,2
257,블루렌트카 제주도,BNJG3401,04,04,제주특별자치도 제주시 용문로 48,33.5041002,126.5014242,20220625194310,,,,100,동시,50,,,Y,2,2
258,블루렌트카 제주도,BNJG3401,05,04,제주특별자치도 제주시 용문로 48,33.5041002,126.5014242,20220624143258,,,,100,동시,50,,,Y,2,2
259,보타리에너지,BT000001,01,06,제주특별자치도 제주시 애월읍 녹근로 130,33.40864,126.317386,20220621155901,20220621151026,20220621151543,20220621151026,50,단독,50,,,Y,2,2
260,보타리에너지(오름재),BT000002,01,05,제주특별자치도 제주시 애월읍 돈물내길 16,33.398486,126.326259,20220624114101,20220624111011,20220624114025,20220624111011,50,단독,50,,,Y,2,2
261,보타리에너지(오름재),BT000002,02,02,제주특별자치도 제주시 애월읍 돈물내길 16,33.398486,126.326259,20220624180201,20220624154242,20220624180149,20220624154242,7,단독,50,,,Y,2,2
262,포레스트사파리,BT000003,01,05,제주특별자치도 제주시 조천읍 선교로 474-1,33.463075,126.70884,20220625145300,20220625133406,20220625145256,20220625133406,50,단독,50,,,Y,2,2
263,포레스트사파리,BT000003,02,05,제주특별자치도 제주시 조천읍 선교로 474-1,33.463075,126.70884,20220505012602,20220502124202,20220502132048,20220502124202,50,단독,50,,,Y,2,2
264,유수암주유소,BT000004,01,05,제주특별자치도 제주시 애월읍 유수암평화10길 2,33.427569,126.410881,20220625182401,20220625173817,20220625182340,20220625173817,50,단독,50,,,Y,2,2
265,그리스박물관,BT000005,01,05,제주특별자치도 제주시 한림읍 광산로 942,33.347946,126.356832,20220505012602,20220325131702,20220325144231,20220325131702,50,단독,50,,,Y,5,5
266,CU김녕교차로점,BT000006,01,06,제주특별자치도 제주시 구좌읍 일주동로 1998,33.551221,126.7438,20220625122701,20220625122126,20220625122624,20220625122126,50,단독,50,,,Y,2,2
267,금악주유소,BT000007,01,06,제주특별자치도 제주시 한림읍 한창로 1249,33.3533358,126.2983901,20220625185902,20220625184521,20220625185827,20220625184521,50,단독,50,,,Y,2,2
268,제주담,BT000008,01,06,제주특별자치도 제주시 구좌읍 비자림로 1575,33.4511076,126.7680259,20220625192902,20220625190010,20220625192831,20220625190010,50,단독,50,,,Y,2,2
269,와흘을그리다,BT000009,01,06,제주특별자치도 제주시 조천읍 남조로 2213,33.4625262,126.6603667,20220625155501,20220625154526,20220625155422,20220625154526,50,단독,50,,,Y,2,2
270,마마뜰카페,BT000010,01,06,제주특별자치도 서귀포시 안덕면 신화역사로403번길 82,33.3099807,126.3337272,20220505012603,20220325161131,20220325165250,20220325161131,50,단독,50,,,Y,5,5
271,한앤솜하우스,BT000011,01,06,제주특별자치도 제주시 진군남2길 10-5,33.4755212,126.4771929,20220625174701,20220625173710,20220625174656,20220625173710,50,단독,50,,,Y,2,2
272,산방산나들목,BT000012,01,06,제주특별자치도 서귀포시 안덕면 사계남로 189,33.2302827,126.3081339,20220625214202,20220625190557,20220625214154,20220625190557,50,단독,50,,,Y,2,2
273,제주다와풀빌라,BT000013,01,06,제주특별자치도 서귀포시 안덕면 소기왓로 81-4,33.2423297,126.3681386,20220624191901,20220624190054,20220624191852,20220624190054,50,단독,50,,,Y,2,2
274,스놉부티쿠스테이,BT000014,01,06,제주특별자치도 서귀포시 예래해안로 17,33.2332187,126.3694299,20220625210601,20220625204703,20220625210512,20220625204703,50,단독,50,,,Y,2,2
275,파파빌레,BT000015,01,06,제주특별자치도 제주시 조천읍 남조로 2185,33.4604749,126.6611223,20220625141400,20220625133614,20220625141306,20220625133614,50,단독,50,,,Y,2,2
276,제이이피,BT000016,01,06,제주특별자치도 서귀포시 태평로120번길 20,33.242671,126.535552,20220625202503,20220625192736,20220625202438,20220625192736,50,단독,50,,,Y,2,2
277,농업회사법인경덕,BT000017,01,06,제주특별자치도 제주시 조천읍 선교로 117,33.4869322,126.7060525,20220625235303,20220625201131,20220625235225,20220625201131,50,단독,50,,,Y,2,2
278,도치돌,BT000018,01,06,제주특별자치도 제주시 애월읍 천덕로 440-1,33.4198248,126.339179,20220625191601,20220625181620,20220625191509,20220625181620,50,단독,50,,,Y,2,2
279,동광메밀짬뽕,BT000019,01,06,제주특별자치도 서귀포시 안덕면 신화역사로 581,33.3105483,126.3498084,20220625212201,20220625211300,20220625212112,20220625211300,50,단독,50,,,Y,2,2
280,대평회센터,BT000020,01,06,제주특별자치도 서귀포시 안덕면 대평로 52,33.2376824,126.3620591,20220626000308,20220625230600,20220626000224,20220625230600,50,단독,50,,,Y,2,2
281,달스테이,BT000022,01,06,제주특별자치도 제주시 애월읍 중산간서로 6333,33.4568869,126.4078767,20220625210301,20220625193853,20220625210256,20220625193853,50,단독,50,,,Y,2,2
282,돈내코순두부한림점,BT000023,01,06,제주특별자치도 제주시 한림읍 한상로 72,33.4097051,126.2824973,20220623160902,20220425121902,20220425124332,20220425121902,50,단독,50,,,Y,2,2
283,돈내코순두부한림점,BT000023,02,06,제주특별자치도 제주시 한림읍 한상로 72,33.4097051,126.2824973,20220624195602,20220624193750,20220624195559,20220624193750,50,단독,50,,,Y,2,2
284,어박사,BT000024,01,06,제주특별자치도 제주시 한림읍 한림로 564,33.4078298,126.257976,20220623155701,20220317134606,20220317141001,20220317134606,50,단독,50,,,Y,2,2
285,어박사,BT000024,02,06,제주특별자치도 제주시 한림읍 한림로 564,33.4078298,126.257976,20220624192901,20220624190759,20220624192810,20220624190759,50,단독,50,,,Y,2,2
286,선래왓,BT000025,01,06,제주특별자치도 제주시 조천읍 선진길 66-2,33.4582425,126.7086636,20220616114400,20220616111938,20220616114302,20220616111938,50,단독,50,,,Y,2,2
287,제주갤럭시호텔,BT000026,01,06,제주특별자치도 제주시 남성로 33,33.5031006,126.5124982,20220625201902,20220625183157,20220625201848,20220625183157,50,단독,50,,,Y,2,2
288,스퀘어오션타운,BT000027,01,05,제주특별자치도 제주시 조천읍 신흥로 33,33.546511,126.65222,20220625221701,20220625220818,20220625221633,20220625220818,50,단독,50,,,Y,2,2
289,스퀘어오션타운,BT000027,02,05,제주특별자치도 제주시 조천읍 신흥로 33,33.546511,126.65222,20220505012602,20220326195923,20220326195923,20220325124245,50,단독,50,,,Y,5,5
290,라온랜드,BT000028,01,05,제주특별자치도 제주시 한림읍 월림7길 155,33.355585,126.242011,20220624101101,20220624094325,20220624101003,20220624094325,50,단독,50,,,Y,2,2
291,라온랜드,BT000028,02,05,제주특별자치도 제주시 한림읍 월림7길 155,33.355585,126.242011,20220623113701,20220623102630,20220623113609,20220623102630,50,단독,50,,,Y,2,2
292,장촌한우마을,BT000029,01,05,제주특별자치도 제주시 애월읍 천덕로 440-4,33.420124,126.338883,20220624104400,20220624102143,20220624104351,20220624102143,100,단독,50,,,Y,2,2
293,도노미 한샘영농조합법인,BT000030,01,05,제주특별자치도 제주시 애월읍 곽봉로 213,33.4295861,126.313339,20220622171503,20220622121621,20220622144520,20220622121621,50,단독,50,,,Y,2,2
294,제주코,BT000031,01,05,제주특별자치도 제주시 한림읍 중산간서로 4494,33.372684,126.284578,20220625154100,20220625152424,20220625154032,20220625152424,50,단독,50,,,Y,2,2
295,만복흑돼지,BT000032,01,05,제주특별자치도 서귀포시 안덕면 산방로 53,33.243512,126.327026,20220623162004,20220623155223,20220623161918,20220623155223,50,단독,50,,,Y,2,2
296,아만토브펜션,BT000033,01,05,제주특별자치도 서귀포시 예래로 446,33.235836,126.370619,20220625050901,20220623060600,20220623062027,20220623060600,50,단독,50,,,Y,1,1
297,캐릭파크,BT000034,01,05,제주특별자치도 제주시 조천읍 선교로 266,33.479712,126.700689,20220607135301,20220325152613,20220325152931,20220325152613,100,단독,50,,,Y,5,5
298,캐릭파크,BT000034,02,05,제주특별자치도 제주시 조천읍 선교로 266,33.479712,126.700689,20220625172901,20220625171232,20220625172838,20220625171232,50,단독,50,,,Y,2,2
299,과수원피스,BT000035,01,05,제주특별자치도 제주시 한림읍 한림로 176-2,33.385369,126.227464,20220625204203,20220625195749,20220625204153,20220625195749,50,단독,50,,,Y,2,2
300,교래아름가든,BT000036,01,05,제주특별자치도 제주시 조천읍 교래3길 24,33.435612,126.678779,20220625180801,20220625163217,20220625172247,20220625180557,50,단독,50,,,Y,2,2
301,구구토종닭,BT000037,01,05,제주특별자치도 제주시 조천읍 남조로 1767,33.425421,126.674423,20220623124400,20220623115927,20220623124345,20220623115927,50,단독,50,,,Y,2,2
302,관통사,BT000038,01,05,제주특별자치도 서귀포시 표선면 표선관정로 52,33.326648,126.826629,20220624170301,20220624160434,20220624170203,20220624160434,50,단독,50,,,Y,2,2
303,꽃머채,BT000039,01,05,제주특별자치도 제주시 애월읍 소길남길 202-4,33.418527,126.376817,20220625131201,20220625114159,20220625131138,20220625114159,50,단독,50,,,Y,2,2
304,제주안전체험관,BT000040,01,05,제주특별자치도 제주시 애월읍 평화로 1885,33.394694,126.372333,20220624163502,20220624160722,20220624163459,20220624160722,50,단독,50,,,Y,2,2
305,제주안전체험관,BT000040,02,05,제주특별자치도 제주시 애월읍 평화로 1885,33.394694,126.372333,20220623154202,20220623123157,20220623123506,20220623145620,50,단독,50,,,Y,2,2
306,제주안전체험관,BT000040,11,02,제주특별자치도 제주시 애월읍 평화로 1885,33.394694,126.372333,20220625153200,20220625084053,20220625153110,20220625084053,7,단독,50,,,Y,2,2
307,제주안전체험관,BT000040,12,02,제주특별자치도 제주시 애월읍 평화로 1885,33.394694,126.372333,20220624102700,20220624084326,20220624102629,20220624084326,7,단독,50,,,Y,2,2
308,제주안전체험관,BT000040,13,02,제주특별자치도 제주시 애월읍 평화로 1885,33.394694,126.372333,20220625144701,20220625132847,20220625144606,20220625132847,7,단독,50,,,Y,2,2
309,제주안전체험관,BT000040,14,02,제주특별자치도 제주시 애월읍 평화로 1885,33.394694,126.372333,20220620161001,20220620082439,20220620160859,20220620082439,7,단독,50,,,Y,2,2
310,음부리카페,BT000041,01,05,제주특별자치도 제주시 한림읍 중산간서로 3905,33.352121,126.257607,20220623151701,20220623150848,20220623151633,20220623150848,50,단독,50,,,Y,2,2
311,창고내음식점,BT000042,01,05,제주특별자치도 서귀포시 안덕면 창천중앙로 55,33.267362,126.369285,20220625175701,20220625164155,20220625175603,20220625164155,50,단독,50,,,Y,2,2
312,창천리복지회관,BT000043,01,05,제주특별자치도 서귀포시 안덕면 창천중앙로 31,33.265612,126.368564,20220625103700,20220625090150,20220625103619,20220625090150,50,단독,50,,,Y,2,2
313,대자연가든,BT000044,01,05,제주특별자치도 제주시 조천읍 신북로 618,33.5397877,126.675138,20220614170202,20220614162424,20220614162424,20220614163030,50,단독,50,,,Y,1,1
314,애월스테이인제주,BT000045,01,05,제주특별자치도 제주시 애월읍 애월해안로 708,33.4833534,126.3771455,20220625204401,20220625202836,20220625202836,20220625203209,50,단독,50,,,Y,2,2
315,애월스테이인제주,BT000045,02,04,제주특별자치도 제주시 애월읍 애월해안로 708,33.4833534,126.3771455,20220625120002,20220624191414,20220624191414,20220624194255,100,동시,50,,,Y,2,2
316,금악정육식당,BT000046,01,05,제주특별자치도 제주시 한림읍 중산간서로 4302,33.3589495,126.2942221,20220625172801,20220625172232,20220625172232,20220625172412,50,단독,50,,,Y,2,2
317,한림교회,BT000047,01,05,제주특별자치도 제주시 한림읍 한림로14길 13,33.4159133,126.2672042,20220624192401,20220624182958,20220624191806,20220624182958,50,단독,50,,,Y,2,2
318,성결교회,BT000049,01,05,제주특별자치도 서귀포시 중산간동로 8251,33.2613446,126.5357252,20220625152502,20220625144843,20220625150957,20220625144843,50,단독,50,,,Y,2,2
319,자유렌트카,BT000050,01,05,제주특별자치도 제주시 제성1길 75,33.4981199,126.478865,20220623134501,20220623132921,20220623132921,20220623133659,50,단독,50,,,Y,2,2
320,자유렌트카,BT000050,02,05,제주특별자치도 제주시 제성1길 75,33.4981199,126.478865,20220625175501,20220625082710,20220625094647,20220625082710,50,단독,50,,,Y,3,3
321,자유렌트카,BT000050,03,05,제주특별자치도 제주시 제성1길 75,33.4981199,126.478865,20220625191201,20220625172326,20220625180522,20220625172326,50,단독,50,,,Y,3,3
322,홍대감더덕토종닭,BT000051,01,05,제주특별자치도 제주시 구좌읍 비자림로 1772,33.4671298,126.7735825,20220621150301,20220621144719,20220621144719,20220621145758,50,단독,50,,,Y,2,2
323,오픈박스,BT000052,01,05,제주특별자치도 제주시 번영로 138,33.5047894,126.5602451,20220625135300,20220625122535,20220625123852,20220625122535,50,단독,50,,,Y,2,2
324,벙커하우스,BT000053,01,05,제주특별자치도 서귀포시 막숙포로41번길 66,33.2405751,126.5191839,20220625190302,20220625182543,20220625185701,20220625182543,50,단독,50,,,Y,2,2
325,JDC 리슈빌,BT000054,01,05,제주특별자치도 제주시 첨단로동길 24,33.457517,126.5741186,20220625224302,20220625215538,20220625224200,20220625215538,50,단독,50,,,Y,2,2
326,JDC 리슈빌,BT000054,02,02,제주특별자치도 제주시 첨단로동길 24,33.457517,126.5741186,20220625200101,20220625031708,20220625082220,20220625195608,7,단독,50,,,Y,3,3
327,JDC 리슈빌,BT000054,03,02,제주특별자치도 제주시 첨단로동길 24,33.457517,126.5741186,20220623221300,20220623205322,20220623221215,20220623205322,7,단독,50,,,Y,2,2
328,JDC 리슈빌,BT000054,04,02,제주특별자치도 제주시 첨단로동길 24,33.457517,126.5741186,20220625210502,20220625191443,20220625210408,20220625191443,7,단독,50,,,Y,2,2
329,JDC 리슈빌,BT000054,05,05,제주특별자치도 제주시 첨단로동길 24,33.457517,126.5741186,20220608223600,20220608213743,20220608223540,20220608213743,50,단독,50,,,Y,2,2
330,JDC 리슈빌,BT000054,06,02,제주특별자치도 제주시 첨단로동길 24,33.457517,126.5741186,20220625205601,20220625160350,20220625173717,20220625205159,7,단독,50,,,Y,3,3
331,JDC 리슈빌,BT000054,07,02,제주특별자치도 제주시 첨단로동길 24,33.457517,126.5741186,20220609162100,20220609154843,20220609162037,20220609154843,7,단독,50,,,Y,2,2
332,JDC 리슈빌,BT000054,08,02,제주특별자치도 제주시 첨단로동길 24,33.457517,126.5741186,20220625213101,20220623194815,20220623223808,20220625212515,7,단독,50,,,Y,3,3
333,JDC 리슈빌,BT000054,09,02,제주특별자치도 제주시 첨단로동길 24,33.457517,126.5741186,20220625232301,20220625195743,20220625232236,20220625195743,7,단독,50,,,Y,2,2
334,JDC 리슈빌,BT000054,10,02,제주특별자치도 제주시 첨단로동길 24,33.457517,126.5741186,20220623031100,20220622214410,20220623031012,20220622214410,7,단독,50,,,Y,2,2
335,JDC 리슈빌,BT000054,11,02,제주특별자치도 제주시 첨단로동길 24,33.457517,126.5741186,20220625213203,20220625171940,20220625213130,20220625171940,7,단독,50,,,Y,2,2
336,JDC 리슈빌,BT000054,12,02,제주특별자치도 제주시 첨단로동길 24,33.457517,126.5741186,20220624234701,20220624202152,20220624234625,20220624202152,7,단독,50,,,Y,2,2
337,JDC 리슈빌,BT000054,13,02,제주특별자치도 제주시 첨단로동길 24,33.457517,126.5741186,20220625203008,20220624215452,20220625041306,20220625202618,7,단독,50,,,Y,3,3
338,JDC 리슈빌,BT000054,14,02,제주특별자치도 제주시 첨단로동길 24,33.457517,126.5741186,20220625190108,20220624163403,20220624171557,20220625185647,7,단독,50,,,Y,3,3
339,JDC 리슈빌,BT000054,15,02,제주특별자치도 제주시 첨단로동길 24,33.457517,126.5741186,20220625183302,20220625155331,20220625183218,20220625155331,,,50,,,Y,2,2
340,JDC 리슈빌,BT000054,16,02,제주특별자치도 제주시 첨단로동길 24,33.457517,126.5741186,20220625215102,20220624132936,20220624173541,20220625214908,,,50,,,Y,3,3
341,JDC 리슈빌,BT000054,17,02,제주특별자치도 제주시 첨단로동길 24,33.457517,126.5741186,20220625220101,20220625132612,20220625215956,20220625132612,,,50,,,Y,2,2
342,JDC 행복주택,BT000056,01,05,제주특별자치도 제주시 첨단로동길 10,33.4587486,126.5735796,20220625233800,20220625133913,20220625141133,20220625133913,,,50,,,Y,2,2
343,JDC 행복주택,BT000056,02,02,제주특별자치도 제주시 첨단로동길 10,33.4587486,126.5735796,20220625120601,20220623175423,20220623223843,20220624214154,,,50,,,Y,1,1
344,JDC 행복주택,BT000056,03,02,제주특별자치도 제주시 첨단로동길 10,33.4587486,126.5735796,20220624142201,20220623171437,20220623192448,20220623171437,,,50,,,Y,1,1
345,JDC 행복주택,BT000056,04,02,제주특별자치도 제주시 첨단로동길 10,33.4587486,126.5735796,20220625200302,20220625003518,20220625031646,20220625003518,,,50,,,Y,2,2
346,JDC 행복주택,BT000056,05,02,제주특별자치도 제주시 첨단로동길 10,33.4587486,126.5735796,20220625191004,20220623212202,20220623233327,20220625182327,,,50,,,Y,1,1
347,JDC 행복주택,BT000056,06,02,제주특별자치도 제주시 첨단로동길 10,33.4587486,126.5735796,20220625230101,20220624212032,20220624220507,20220625165755,,,50,,,Y,2,2
348,JDC 행복주택,BT000056,07,02,제주특별자치도 제주시 첨단로동길 10,33.4587486,126.5735796,20220625235103,20220625123651,20220625154618,20220625220952,,,50,,,Y,3,3
349,JDC 행복주택,BT000056,08,02,제주특별자치도 제주시 첨단로동길 10,33.4587486,126.5735796,20220625235103,20220623185934,20220624023335,20220625224801,,,50,,,Y,3,3
350,JDC 행복주택,BT000056,09,02,제주특별자치도 제주시 첨단로동길 10,33.4587486,126.5735796,20220625235001,20220624181615,20220624224916,20220625215240,,,50,,,Y,2,2
351,JDC 행복주택,BT000056,10,02,제주특별자치도 제주시 첨단로동길 10,33.4587486,126.5735796,20220625171001,20220625140432,20220625170918,20220625140432,,,50,,,Y,2,2
352,JDC 행복주택,BT000056,11,02,제주특별자치도 제주시 첨단로동길 10,33.4587486,126.5735796,20220624225602,20220624195609,20220624225536,20220624195609,,,50,,,Y,2,2
353,JDC 행복주택,BT000056,12,02,제주특별자치도 제주시 첨단로동길 10,33.4587486,126.5735796,20220625234802,20220625195137,20220625234701,20220625195137,,,50,,,Y,2,2
354,JDC 행복주택,BT000056,13,02,제주특별자치도 제주시 첨단로동길 10,33.4587486,126.5735796,20220621223902,20220621184019,20220621223809,20220621184019,,,50,,,Y,2,2
355,메리언 골프장,BT000059,01,05,제주특별자치도 제주시 우평로 79,33.4792052,126.4575435,20220625102900,20220625100340,20220625102349,20220625100340,,,50,,,Y,2,2
356,한림 기숙사,BT000060,01,02,제주특별자치도 제주시 한림읍 한림중앙로 113,33.405623,126.269208,20220622185700,20220622184400,20220622185601,20220622184400,,,50,,,Y,2,2
357,한림항공,BT000061,01,06,제주특별자치도 제주시 한림읍 한수5길 6,33.421894,126.263841,20220625235201,20220625172008,20220625235100,20220625172008,7,단독,50,,,Y,2,2
358,YES렌트카,BT000062,01,06,제주특별자치도 제주시 오일장중길 117,33.799874,126.478520,20220517163500,20220517160148,20220517160148,20220429184238,50,단독,50,,,Y,1,1
359,YES렌트카,BT000062,02,06,제주특별자치도 제주시 오일장중길 117,33.799874,126.478520,20220625203601,20220625195843,20220625203529,20220625195843,50,단독,50,,,Y,2,2
360,YES렌트카,BT000062,03,06,제주특별자치도 제주시 오일장중길 117,33.799874,126.478520,20220625202503,20220625200103,20220625202406,20220625200103,50,단독,50,,,Y,2,2
361,YES렌트카,BT000062,04,05,제주특별자치도 제주시 오일장중길 117,33.799874,126.478520,20220505012602,20220317100831,20220317103534,20220317100831,50,단독,50,,,Y,5,5
362,YES렌트카,BT000062,05,05,제주특별자치도 제주시 오일장중길 117,33.799874,126.478520,20220625194701,20220625174428,20220625180439,20220625174428,50,단독,50,,,Y,3,3
363,교래퐁낭GS,BT000063,01,05,제주특별자치도 제주시 조천읍 남조로 1773,33.426106,126.674145,20220624122403,20220624120723,20220624121811,20220624120723,,,50,,,Y,2,2
364,성미가든,BT000064,01,04,제주특별자치도 제주시 조천읍 교래1길 3,33.437844,126.677031,20220625152201,20220624113517,20220624121452,20220625143939,,,50,,,Y,2,2
365,우도넥스트아일랜드,CU640003,01,02,제주특별자치도 제주시 우도면 우도해안길 32-24,33.4940441,126.9551885,20220527145720,20220527132139,20220527145715,20220527132139,7,단독,50,,,Y,2,2
366,우도넥스트아일랜드,CU640003,02,02,제주특별자치도 제주시 우도면 우도해안길 32-24,33.4940441,126.9551885,20220612160328,20220612142819,20220612160050,20220612142819,7,단독,50,,,Y,2,2
367,우도넥스트아일랜드,CU640003,03,02,제주특별자치도 제주시 우도면 우도해안길 32-24,33.4940441,126.9551885,20220622151151,20220622140811,20220622150856,20220622140811,7,단독,50,,,Y,2,2
368,우도넥스트아일랜드,CU640003,04,02,제주특별자치도 제주시 우도면 우도해안길 32-24,33.4940441,126.9551885,20220609000156,20220608183256,20220608235239,20220608183256,7,단독,50,,,Y,2,2
369,우도넥스트아일랜드,CU640003,05,02,제주특별자치도 제주시 우도면 우도해안길 32-24,33.4940441,126.9551885,20220625191310,20220505124949,20220505133647,20220505124949,7,단독,50,,,Y,9,9
370,우도넥스트아일랜드,CU640003,06,02,제주특별자치도 제주시 우도면 우도해안길 32-24,33.4940441,126.9551885,20220625191310,20220531125345,20220531143828,20220531125345,7,단독,50,,,Y,9,9
371,우도넥스트아일랜드,CU640003,07,02,제주특별자치도 제주시 우도면 우도해안길 32-24,33.4940441,126.9551885,20220623162512,20220623162113,20220623162438,20220623162113,7,단독,50,,,Y,2,2
372,우도넥스트아일랜드,CU640003,08,02,제주특별자치도 제주시 우도면 우도해안길 32-24,33.4940441,126.9551885,20220502174810,20220502130101,20220502130101,20220502130101,7,단독,50,,,Y,9,9
373,제주 장애인복지회관,CU640004,01,02,제주특별자치도 제주시 서광로27길 16,33.5009409,126.5250211,,,,,7,단독,50,,,Y,9,9
374,금등청화펜션,CU640005,01,02,제주특별자치도 제주시 한경면 금등4길 149-44,33.34892,126.20277,20220619222925,20220619222323,20220619222905,20220619222323,7,단독,50,,,Y,2,2
375,엉커리카페,CU640006,01,02,제주특별자치도 서귀포시 일주서로176번길 43,33.251445,126.504178,,,,,7,단독,50,,,N,9,9
376,고명보,CU640007,01,02,제주특별자치도 제주시 한경면 명이5길 17,33.319121,126.270542,20220615162404,20220615161350,20220615161823,20220615161350,7,단독,50,,,N,2,2
377,UFO펜션,CV000131,01,02,제주특별자치도 제주시 애월읍 애월해안로 765,33.485504999,126.38184499,20220625202126,20220623205156,20220624084911,20220625201922,,,50,,,Y,3,3
378,UFO펜션,CV000131,02,02,제주특별자치도 제주시 애월읍 애월해안로 765,33.485504999,126.38184499,20220625202126,20220624213038,20220625024208,20220624213038,,,50,,,Y,3,3
379,새소망의료재단,CV000132,01,02,제주특별자치도 서귀포시 안덕면 한창로110번길 61,33.277861,126.362106,20220625111123,20220328172706,20220328172745,,,,50,,,Y,2,2
380,새소망의료재단,CV000132,02,02,제주특별자치도 서귀포시 안덕면 한창로110번길 61,33.277861,126.362106,20220625111123,20220618113723,20220618115831,,,,50,,,Y,2,2
381,영보맨션(입주자용),CV000138,01,02,제주특별자치도 제주시 용화로5길 7,33.510627,126.5060119,20220625151627,20220625094416,20220625151141,20220625094416,,,50,,,Y,2,2
382,동원리조트,CV000139,01,02,제주특별자치도 서귀포시 솔동산로10번길 45,33.2408083,126.5625259,20220625102138,20220616154954,20220616155232,20220616154954,,,50,,,Y,2,2
383,제이앤클로이,CV000140,01,02,제주특별자치도 서귀포시 대정읍 무릉중앙로 203,33.257265,126.188916,20220625102133,20220620175749,20220620192933,20220620175749,,,50,,,Y,2,2
384,제이앤클로이,CV000140,02,02,제주특별자치도 서귀포시 대정읍 무릉중앙로 203,33.257265,126.188916,20220625210129,20220622195253,20220623035813,20220625205619,,,50,,,Y,3,3
385,코스모스태홍누리안 5차아파트,CV000141,01,02,제주특별자치도 제주시 신대로 136,33.4853412,126.4957885,20220625193131,20220625171453,20220625192644,20220625171453,,,50,,,Y,2,2
386,코스모스태홍누리안 5차아파트,CV000141,02,02,제주특별자치도 제주시 신대로 136,33.4853412,126.4957885,20220625102136,20220624183302,20220624214227,20220624183302,,,50,,,Y,2,2
387,제이라움,CV000142,01,02,제주특별자치도 서귀포시 대정읍 노을해안로 418,33.256545943,126.19047836,20220625212619,20220625202506,20220625212436,20220625202506,,,50,,,Y,2,2
388,제이라움,CV000142,02,02,제주특별자치도 서귀포시 대정읍 노을해안로 418,33.256545943,126.19047836,20220625164619,20220625150206,20220625164153,20220625150206,,,50,,,Y,2,2
389,끌림365,CV000143,01,02,제주특별자치도 제주시 애월읍 고내로13길 83,33.470912,126.3476299,20220625102129,20220617152414,20220617172425,20220617152414,,,50,,,Y,2,2
390,끌림365,CV000143,02,02,제주특별자치도 제주시 애월읍 고내로13길 83,33.470912,126.3476299,20220625102129,20220624210723,20220625062626,20220624210723,,,50,,,Y,2,2
391,엘로이빌,CV000144,01,02,제주특별자치도 제주시 남녕로8길 17,33.492878,126.481185,20220625202131,20220625195744,20220625201630,20220625195744,,,50,,,Y,2,2
392,엘로이빌,CV000144,02,02,제주특별자치도 제주시 남녕로8길 17,33.492878,126.481185,20220625200124,20220625131127,20220625195729,20220625131127,,,50,,,Y,2,2
393,서귀포시서부보건소 안덕보건지소,CV000145,01,02,제주특별자치도 서귀포시 안덕면 화순중앙로12번길 30-9,33.250524,126.331392,20220625223625,20220625145828,20220625223133,20220625145828,,,50,,,Y,2,2
394,한국전기안전공사 제주지역본부,CV000157,01,02,제주특별자치도 제주시 도령로 40,33.487949,126.483349,20220625102138,20220624123435,20220624180933,20220624123435,,,50,,,Y,2,2
395,한국전기안전공사 제주지역본부,CV000157,02,02,제주특별자치도 제주시 도령로 40,33.487949,126.483349,20220625102138,20220623152757,20220623221219,20220623152757,,,50,,,Y,2,2
396,한국전기안전공사 제주지역본부,CV000157,03,02,제주특별자치도 제주시 도령로 40,33.487949,126.483349,20220625102138,20220624165901,20220625012103,20220624165901,,,50,,,Y,2,2
397,한국전기안전공사 제주지역본부,CV000157,04,02,제주특별자치도 제주시 도령로 40,33.487949,126.483349,20220625102138,20220622142553,20220622194912,20220622142553,,,50,,,Y,2,2
398,신광아파트,CV000158,01,02,제주특별자치도 제주시 도령로7길 20,33.490793,126.4844048,20220625102126,20220612202503,20220612231626,20220612202503,,,50,,,Y,2,2
399,아라2차미다움,CV000159,01,02,제주특별자치도 제주시 금월길 66,33.48333,126.552549,20220625194124,20220625172310,20220625193757,20220625172310,,,50,,,Y,2,2
400,아라2차미다움,CV000159,02,02,제주특별자치도 제주시 금월길 66,33.48333,126.552549,20220625001122,20210713153334,20210713153610,,,,50,,,Y,2,2
401,아라2차미다움,CV000159,03,02,제주특별자치도 제주시 금월길 66,33.48333,126.552549,20220625001122,20220623145802,20220623175448,,,,50,,,Y,2,2
402,제주첨단과학단지(엘리트빌딩),CV000271,01,06,제주특별자치도 제주시 첨단로 213-4,33.452903,126.572552,20220624224120,20220624223829,20220624223849,20220624223349,,,50,,,N,2,2
403,제주첨단과학단지(스마트빌딩),CV000272,01,06,제주특별자치도 제주시 첨단남길 42 (월평동),33.4537316548,126.572534802,20220625152623,20220625142246,20220625152247,20220625142246,,,50,,,N,2,2
404,제주첨단과학단지(세미양빌딩),CV000273,01,06,제주특별자치도 제주시 첨단로 330,33.4423379999,126.57145,20220625102125,20220624162759,20220624162841,20220624090544,,,50,,,N,2,2
405,모닝시티오피스텔,CV000277,01,02,제주특별자치도 제주시 하귀9길 2,33.486521,126.414607,20220625182132,20220624181608,20220625062047,20220625182028,,,50,,,N,3,3
406,모닝시티오피스텔,CV000277,02,02,제주특별자치도 제주시 하귀9길 2,33.486521,126.414607,20220624090132,20220623170726,20220624085558,20220623170726,,,50,,,N,2,2
407,더베이리조트,CV000304,01,02,제주특별자치도 서귀포시 문필로35번길 46,33.241199,126.59348699999,20220625102135,20220623182523,20220623191333,20220623182523,,,50,,,N,2,2
408,더베이리조트,CV000304,02,02,제주특별자치도 서귀포시 문필로35번길 46,33.241199,126.59348699999,20220625102135,20220620161856,20220620185902,20220620161856,,,50,,,N,2,2
409,뉴오션리조트,CV000308,01,02,제주특별자치도 제주시 애월읍 고내로13길 59,33.469464,126.3455849,20220625102135,20220624203220,20220625000310,20220624203220,,,50,,,N,2,2
410,제주 에코그린리조트,CV000319,01,06,제주특별자치도 제주시 한림읍 귀덕6길 94,33.435572,126.291692,20220625212625,20220625205605,20220625212527,20220625205605,,,50,,,Y,2,2
411,센트럴시티 에덴(지엔에프주식회사),CV000327,01,02,제주특별자치도 제주시 구좌읍 김녕로21길 5-5,33.556432,126.754861,20220625233753,20220625212659,20220625233428,20220625212659,,,50,,,N,2,2
412,뜨레모아7차 공동주택,CV000342,01,02,제주특별자치도 제주시 광평중길 65-1,33.479595,126.4691049,20220625214628,20220625193838,20220625214211,20220625193838,,,50,,,Y,2,2
413,뜨레모아7차 공동주택,CV000342,02,02,제주특별자치도 제주시 광평중길 65-1,33.479595,126.4691049,20220625212622,20220625092613,20220625113038,20220625212402,,,50,,,Y,3,3
414,터닝포인트제주,CV000343,01,02,제주특별자치도 서귀포시 성산읍 일주동로 5199-11,33.37301,126.8726109,20220625102135,20220623190157,20220623214128,20220623190157,,,50,,,N,2,2
415,글래드호텔엔리조트,CV000344,01,02,제주특별자치도 서귀포시 안덕면 녹차분재로 216,33.305247,126.299204,20220625222533,20220623174924,20220623190136,20220625221622,,,50,,,N,3,3
416,글래드호텔엔리조트,CV000344,02,02,제주특별자치도 서귀포시 안덕면 녹차분재로 216,33.305247,126.299204,20220625102138,20220623174711,20220623174810,20220619212717,,,50,,,N,2,2
417,글래드호텔엔리조트,CV000344,03,02,제주특별자치도 서귀포시 안덕면 녹차분재로 216,33.305247,126.299204,20220625102138,20220620210902,20220621000154,20220620210902,,,50,,,N,2,2
418,글래드호텔엔리조트,CV000344,04,02,제주특별자치도 서귀포시 안덕면 녹차분재로 216,33.305247,126.299204,20220625210645,20220625202318,20220625210349,20220625202318,,,50,,,N,2,2
419,글래드호텔엔리조트,CV000344,05,02,제주특별자치도 서귀포시 안덕면 녹차분재로 216,33.305247,126.299204,20220625102138,20220620203237,20220621014700,20220620203237,,,50,,,N,2,2
420,글래드호텔엔리조트,CV000344,06,02,제주특별자치도 서귀포시 안덕면 녹차분재로 216,33.305247,126.299204,20220625214631,20220625202700,20220625214401,20220625202700,,,50,,,N,2,2
421,글래드호텔엔리조트,CV000344,07,02,제주특별자치도 서귀포시 안덕면 녹차분재로 216,33.305247,126.299204,20220625102138,20220620211226,20220621004315,20220620211226,,,50,,,N,2,2
422,(유)다올-썬라이즈호텔 섭지코지점,CV000353,01,02,제주특별자치도 서귀포시 성산읍 신양로 83,33.4367196,126.918324,20220625200625,20220625181302,20220625200505,20220625181302,,,50,,,Y,2,2
423,(유)다올-성산썬라이즈호텔,CV000358,01,02,제주특별자치도 서귀포시 성산읍 성산등용로17번길 35,33.462349,126.931026,20220625213128,20220624001612,20220624014134,20220625212647,,,50,,,N,3,3
424,(유)다올-성산썬라이즈호텔,CV000358,02,02,제주특별자치도 서귀포시 성산읍 성산등용로17번길 35,33.462349,126.931026,20220625102135,20220622000928,20220622080345,20220622000928,,,50,,,N,2,2
425,세기자동차공업사,CV000363,01,02,제주특별자치도 제주시 서광로 77,33.500464,126.5040759,20220625102134,20220619133031,20220619142759,20220619133031,,,50,,,Y,2,2
426,세기자동차공업사,CV000363,02,02,제주특별자치도 제주시 서광로 77,33.500464,126.5040759,20220625130141,20220625115747,20220625125839,20220625115747,,,50,,,Y,2,2
427,아이고운힐에이,CV000371,01,02,제주특별자치도 제주시 연오로 61-16,33.48757,126.5038419,20220625222526,20220624183147,20220624202408,20220625222124,,,50,,,Y,3,3
428,아이고운힐에이,CV000371,02,02,제주특별자치도 제주시 연오로 61-16,33.48757,126.5038419,20220625212121,20220625165444,20220625205704,20220625211603,,,50,,,Y,3,3
429,(유)다올-호텔아루미,CV000412,01,02,제주특별자치도 서귀포시 색달중앙로 38,33.258573,126.413963,20220625235356,20220625202911,20220625235310,20220625202911,,,50,,,N,2,2
430,(유)다올-호텔아루미,CV000412,02,02,제주특별자치도 서귀포시 색달중앙로 38,33.258573,126.413963,20220625102127,20220623175817,20220623211307,20220623175817,,,50,,,N,2,2
431,(유)다올-중문썬라이즈,CV000417,01,02,제주특별자치도 서귀포시 중문관광로 310,33.2475209,126.430568,20220623002505,20220619175546,20220619185621,20220619175546,,,50,,,N,2,2
432,노형리츠하임 테라스파크,CV000424,01,02,제주특별자치도 제주시 오광로 94,33.487624,126.4588929,20220625102133,20220623174003,20220623214443,20220623174003,,,50,,,N,2,2
433,노형리츠하임 테라스파크,CV000424,02,02,제주특별자치도 제주시 오광로 94,33.487624,126.4588929,20220625212623,20220625174110,20220625212504,20220625174110,,,50,,,N,2,2
434,노형리츠하임 테라스파크,CV000424,03,02,제주특별자치도 제주시 오광로 94,33.487624,126.4588929,20220625102133,20220620083547,20220620120744,20220620083547,,,50,,,N,2,2
435,노형리츠하임 테라스파크,CV000424,04,02,제주특별자치도 제주시 오광로 94,33.487624,126.4588929,20220625102133,20220621143002,20220621143027,20220617205311,,,50,,,N,2,2
436,라메르빌,CV000451,01,02,제주특별자치도 제주시 도련3길 14,33.50801296441,126.58676499999,20220625231124,20220620214140,20220621011404,20220625230940,,,50,,,Y,3,3
437,라메르빌,CV000451,02,02,제주특별자치도 제주시 도련3길 14,33.50801296441,126.58676499999,20220625102128,20220623182557,20220623232420,20220623182557,,,50,,,Y,2,2
438,라메르빌,CV000451,03,02,제주특별자치도 제주시 도련3길 14,33.50801296441,126.58676499999,20220625222526,20220625162753,20220625222108,20220625162753,,,50,,,Y,2,2
439,민형파인즈,CV000521,01,02,제주특별자치도 제주시 진군남4길 7-18,33.474317,126.4810129,20220625172623,20220622173628,20220623003848,20220622173628,,,50,,,Y,2,2
440,민형파인즈,CV000521,02,02,제주특별자치도 제주시 진군남4길 7-18,33.474317,126.4810129,20220625102127,20220623203546,20220624025153,20220623203546,,,50,,,Y,2,2
441,민형파인즈,CV000521,03,02,제주특별자치도 제주시 진군남4길 7-18,33.474317,126.4810129,20220625102127,20220622205754,20220622212234,20220622205754,,,50,,,Y,2,2
442,엠제이(MJ),CV000575,01,02,제주특별자치도 제주시 구좌읍 해맞이해안로 1651,33.528889,126.879296,20220625102124,20220625075347,20220625092914,20220625075347,,,50,,,Y,2,2
443,엠제이(MJ),CV000575,02,02,제주특별자치도 제주시 구좌읍 해맞이해안로 1651,33.528889,126.879296,20220625102124,20220624223659,20220625030549,20220624223659,,,50,,,Y,2,2
444,애월연어,CV000635,01,02,제주특별자치도 제주시 애월읍 하소로 660,33.425659,126.3956869,20220625212126,20220625191638,20220625212026,20220625191638,,,50,,,Y,2,2
445,제주앤성산,CV000636,01,02,제주특별자치도 서귀포시 성산읍 고성중앙로 28-5,33.44712,126.9075379,20220625102125,20220603143254,20220603143435,20220531212514,,,50,,,Y,2,2
446,제주앤성산,CV000636,02,02,제주특별자치도 서귀포시 성산읍 고성중앙로 28-5,33.44712,126.9075379,20220625102125,20220624113054,20220624163820,20220624113054,,,50,,,Y,2,2
447,마이카,CV000653,01,02,제주특별자치도 서귀포시 남원읍 남조로 15,33.28109,126.7205449,20220625182619,20220623094852,20220623150433,20220625182110,,,50,,,Y,3,3
448,우체국물류지원단,CV000661,01,02,제주특별자치도 제주시 1100로 3307,33.481652,126.4803179,20220621192128,20220406163006,20220406205702,20220406163006,,,50,,,Y,2,2
449,우체국물류지원단,CV000661,02,02,제주특별자치도 제주시 1100로 3307,33.481652,126.4803179,20220621192128,20220620045448,20220620060844,20220404173510,,,50,,,Y,2,2
450,제주해양수산관리단,CV000664,01,02,제주특별자치도 제주시 임항로 128,33.519403,126.538043,20220625155626,20220625130630,20220625155106,20220625130630,,,50,,,Y,2,2
451,CU 성산일주동로점,CV000671,01,06,제주특별자치도 서귀포시 성산읍 일주동로 5210,33.373190000000,126.8706409999,20220624170621,20220624150929,20220624151015,20220622232514,,,50,,,Y,2,2
452,여울목펜션,CV000672,01,06,제주특별자치도 서귀포시 성산읍 삼달로 28-1,33.369614000000,126.8660499999,20220623220133,20220623211148,20220623215648,20220623211148,,,50,,,Y,2,2
453,가시리 유채꽃길 펜션,CV000686,01,06,제주특별자치도 서귀포시 표선면 녹산로 45,33.363936000000,126.7625289999,20220624232620,20220624231115,20220624232540,20220624231115,,,50,,,Y,2,2
454,고영진,CV000697,01,02,제주특별자치도 제주시 천수로8길 7,33.503069,126.5428449,20220625102130,20220622123517,20220622125006,20220622123517,,,50,,,Y,2,2
455,고영진,CV000697,02,02,제주특별자치도 제주시 천수로8길 7,33.503069,126.5428449,20220625102130,20220525150326,20220525155021,20220525150326,,,50,,,Y,2,2
456,아라마루자치회,CV000704,01,02,제주특별자치도 제주시 인다1길 45,33.474318,126.552983,20220625102127,20220617043538,20220617062157,20220617043538,,,50,,,Y,2,2
457,아라마루자치회,CV000704,02,02,제주특별자치도 제주시 인다1길 45,33.474318,126.552983,20220625205619,20220625101904,20220625112752,20220625205148,,,50,,,Y,3,3
458,아라마루자치회,CV000704,03,02,제주특별자치도 제주시 인다1길 45,33.474318,126.552983,20220625102127,20220617212919,20220618061430,20220617212919,,,50,,,Y,2,2
459,아라마루자치회,CV000704,04,02,제주특별자치도 제주시 인다1길 45,33.474318,126.552983,20220625195120,20220625160358,20220625174706,20220625194642,,,50,,,Y,3,3
460,제주도수퍼마켓협동조합,CV000707,01,02,제주특별자치도 제주시 오광로 82,33.488546,126.458286,20220625160127,20220625093201,20220625155809,20220625093201,,,50,,,Y,2,2
461,제주도수퍼마켓협동조합,CV000707,02,02,제주특별자치도 제주시 오광로 82,33.488546,126.458286,20220625102131,20220624171957,20220625012755,20220624171957,,,50,,,Y,2,2
462,뜨레모아주택7차공동주택,CV000748,01,02,제주특별자치도 제주시 광평중길 65-1,33.479595,126.4691049,20220625102125,20220624124212,20220624124226,20220624124048,,,50,,,Y,2,2
463,뜨레모아주택7차공동주택,CV000748,02,02,제주특별자치도 제주시 광평중길 65-1,33.479595,126.4691049,20220625200622,20220623123226,20220623134322,20220625200155,,,50,,,Y,3,3
464,CU편의점 서귀덕수점,CV000836,01,06,제주특별자치도 서귀포시 안덕면 덕수서로 7,33.250867135,126.30334014,20220625211618,20220625203233,20220625211529,20220625203233,,,50,,,Y,2,2
465,호텔서귀피안,CV000837,01,06,제주특별자치도 서귀포시 보목로64번길 178,33.244354660,126.59072985,20220625220626,20220625213049,20220625220124,20220625213049,,,50,,,Y,2,2
466,성산보말죽칼국수,CV000843,01,06,제주특별자치도 서귀포시 성산읍 해맞이해안로 2725,33.471683542,126.91689879,20220625174624,20220625172427,20220625174326,20220625172427,,,50,,,Y,2,2
467,아우디 제주전시장,CV000844,01,04,제주특별자치도 제주시 연삼로 111,33.493643000,126.5042229,20220625225128,20220625223012,20220625224633,20220625223012,,,50,,,Y,2,2
468,레몬비 편의점 애월점,CV000847,01,06,제주특별자치도 제주시 애월읍 애월해안로 852,33.488749089,126.38904817,20220625204127,20220625201154,20220625203822,20220625201154,,,50,,,Y,2,2
469,제주사옥,CV000855,01,04,제주특별자치도 서귀포시 일주동로 8910-7,33.253170000,126.53772100,,,,,,,50,,,Y,9,9
470,현대자동차 하이차저10 연북로지점,CV000871,01,04,제주특별자치도 제주시 연북로 454,33.480922,126.529804,,,,,,,50,,,Y,9,9
471,포르쉐 데스티네이션 제주 클럽나인브릿지 스타빌,CV000901,01,02,제주특별자치도 서귀포시 안덕면 광평로 34-154,33.329168,126.38201899,20220625102128,20220621101703,20220621102211,20220621101703,,,50,,,Y,2,2
472,포르쉐 데스티네이션 제주 클럽나인브릿지 스타빌,CV000901,02,02,제주특별자치도 서귀포시 안덕면 광평로 34-154,33.329168,126.38201899,20220625102128,20220621102738,20220621103023,20220119080816,,,50,,,Y,2,2
473,포르쉐 데스티네이션 제주 클럽나인브릿지 스타빌,CV000901,03,02,제주특별자치도 서귀포시 안덕면 광평로 34-154,33.329168,126.38201899,20220625102128,20220621103537,20220621104621,20220621103537,,,50,,,Y,2,2
474,포르쉐 데스티네이션 제주 클럽나인브릿지 스타빌,CV000901,04,02,제주특별자치도 서귀포시 안덕면 광평로 34-154,33.329168,126.38201899,20220625102128,20220621104438,20220621104634,20220621104438,,,50,,,Y,2,2
475,포르쉐 데스티네이션 제주 클럽나인브릿지 스타빌,CV000901,05,02,제주특별자치도 서귀포시 안덕면 광평로 34-154,33.329168,126.38201899,20220625102128,20220621103443,20220621103533,20220401185328,,,50,,,Y,2,2
476,포르쉐 데스티네이션 제주 클럽나인브릿지 스타빌,CV000901,06,02,제주특별자치도 서귀포시 안덕면 광평로 34-154,33.329168,126.38201899,20220625102128,20220621102449,20220621102547,20220621102449,,,50,,,Y,2,2
477,포르쉐 데스티네이션 제주 클럽나인브릿지 스타빌,CV000901,07,02,제주특별자치도 서귀포시 안덕면 광평로 34-154,33.329168,126.38201899,20220625215122,20220621101524,20220621101618,20220625214858,,,50,,,Y,3,3
478,허브동산,CV000935,01,04,제주특별자치도 서귀포시 표선면 돈오름로 180,33.3305218,126.81650438,20220624150628,20220623125714,20220623130853,20220623125714,100,동시,50,,,Y,2,2
479,허브동산,CV000935,02,04,제주특별자치도 서귀포시 표선면 돈오름로 180,33.3305218,126.81650438,20220624150628,20220624142212,20220624145628,20220621200157,100,동시,50,,,Y,2,2
480,사라봉 다목적체육관,CV000950,01,02,제주특별자치도 제주시 동문로 169,33.514529999,126.54638599,20220625122626,20220625101900,20220625122427,20220625101900,7,단독,50,,,Y,2,2
481,이도노브힐 2차,CV000968,01,02,제주특별자치도 제주시 신설동길 45-7,33.496726000,126.55013600,20220625143119,20220625133307,20220625142645,20220625133307,,단독,50,,,Y,2,2
482,이도노브힐 2차,CV000968,02,02,제주특별자치도 제주시 신설동길 45-7,33.496726000,126.55013600,20220625220619,20220624222405,20220625003051,20220625220119,,단독,50,,,Y,3,3
483,이도노브힐 3차,CV000969,01,02,제주특별자치도 제주시 신설동길 45-3,33.495865,126.54969099,20220625230122,20220625212648,20220625225744,20220625212648,7,단독,50,,,Y,2,2
484,화이트디어 해안1차 야외주차장,CV000999,01,02,제주특별자치도 제주시 해안마을서4길 107-1,33.452703,126.452533,20220625102135,20220624191105,20220625000313,20220624191105,7,단독,50,,,Y,2,2
485,화이트디어 해안1차 야외주차장,CV000999,02,02,제주특별자치도 제주시 해안마을서4길 107-1,33.452703,126.452533,20220625102135,20220618222835,20220619022352,20220618222835,7,단독,50,,,Y,2,2
486,호텔 앤 리조트 담모라,CV001068,01,04,제주특별자치도 서귀포시 안덕면 일주서로 1975-11,33.249696999,126.30596300,20220624150622,20220624111359,20220624113500,20220624111359,100,동시,50,,,Y,2,2
487,호텔 앤 리조트 담모라,CV001068,02,04,제주특별자치도 서귀포시 안덕면 일주서로 1975-11,33.249696999,126.30596300,20220624150622,20220623233109,20220624003110,20220623233109,100,동시,50,,,Y,2,2
488,캔디원,CV001070,01,04,제주특별자치도 제주시 조천읍 선교로 384,33.47128500,126.70770500,20220625133625,20220625123731,20220625133421,20220625123731,100,동시,50,,,Y,2,2
489,캔디원,CV001070,02,04,제주특별자치도 제주시 조천읍 선교로 384,33.47128500,126.70770500,20220625133625,20220625131240,20220625133402,20220625131240,100,동시,50,,,Y,2,2
490,베롱베롱in행원,CV001071,01,02,제주특별자치도 제주시 구좌읍 해맞이해안로 820-38,33.553443000,126.82244500,20220625211123,20220625192246,20220625211044,20220625192246,7,단독,50,,,Y,2,2
491,한라축산 정육식당,CV001079,01,04,제주특별자치도 제주시 1100로 3128,33.465868,126.48555799,20220625142127,20220625132722,20220625142020,20220625132722,100,동시,50,,,Y,2,2
492,한라축산 정육식당,CV001079,02,04,제주특별자치도 제주시 1100로 3128,33.465868,126.48555799,20220625142127,20220625141147,20220625141954,20220625141147,100,동시,50,,,Y,2,2
493,석부작박물관(숨도),CV001146,01,02,제주특별자치도 서귀포시 일주동로 8941,33.250448,126.53655499,20220625151624,20220625142109,20220625151312,20220625142109,7,단독,50,,,Y,2,2
494,석부작박물관(숨도),CV001146,02,04,제주특별자치도 서귀포시 일주동로 8941,33.250448,126.53655499,20220625005620,20220625004309,20220625005145,20220625004309,100,동시,50,,,Y,2,2
495,석부작박물관(숨도),CV001146,03,04,제주특별자치도 서귀포시 일주동로 8941,33.250448,126.53655499,20220625005620,20220625005235,20220625005247,20220624152620,100,동시,50,,,Y,2,2
496,파더스가든,CV001147,01,04,제주특별자치도 서귀포시 안덕면 병악로 44-33,33.280498999,126.36543000,20220624150618,20220619111509,20220619121511,20220619111509,100,동시,50,,,Y,2,2
497,파더스가든,CV001147,02,04,제주특별자치도 서귀포시 안덕면 병악로 44-33,33.280498999,126.36543000,20220624150618,20220620132534,20220620141031,20220619091229,100,동시,50,,,Y,2,2
498,파더스가든,CV001147,03,04,제주특별자치도 서귀포시 안덕면 병악로 44-33,33.280498999,126.36543000,20220625182618,20220625180650,20220625182202,20220625180650,100,동시,50,,,Y,2,2
499,파더스가든,CV001147,04,04,제주특별자치도 서귀포시 안덕면 병악로 44-33,33.280498999,126.36543000,20220625182618,20220625143218,20220625150120,20220625143218,100,동시,50,,,Y,2,2
500,신창어촌계(싱계물공원),CV001152,01,04,제주특별자치도 제주시 한경면 한경해안로 485,33.343102999,126.17211299,20220624183119,20220624182518,20220624182802,20220624182518,100,동시,50,,,Y,2,2
501,신창어촌계(싱계물공원),CV001152,02,04,제주특별자치도 제주시 한경면 한경해안로 485,33.343102999,126.17211299,20220624183119,20220624143924,20220624151115,20220624143924,100,동시,50,,,Y,2,2
502,유니호텔,CV001155,01,04,제주특별자치도 제주시 애월읍 애월해안로 656,33.479476999,126.37345600,20220625144624,20220625140951,20220625144101,20220625140951,100,동시,50,,,Y,2,2
503,유니호텔,CV001155,02,04,제주특별자치도 제주시 애월읍 애월해안로 656,33.479476999,126.37345600,20220625144624,20220621203929,20220621210202,20220621203929,100,동시,50,,,Y,2,2
504,유니호텔,CV001155,03,04,제주특별자치도 제주시 애월읍 애월해안로 656,33.479476999,126.37345600,20220624174126,20220624164005,20220624174005,20220624164005,100,동시,50,,,Y,2,2
505,유니호텔,CV001155,04,04,제주특별자치도 제주시 애월읍 애월해안로 656,33.479476999,126.37345600,20220624174126,20220623205059,20220623212849,20220623205059,100,동시,50,,,Y,2,2
506,렉서스 제주 전시장,CV001188,01,05,제주특별자치도 제주시 일주서로 7661,33.494643,126.465171,20220625102128,20220621193332,20220621194024,20220621193332,200,동시,50,,,Y,2,2
507,렉서스 제주 전시장,CV001188,02,05,제주특별자치도 제주시 일주서로 7661,33.494643,126.465171,20220625102128,20220624163515,20220624164106,20220615095112,200,동시,50,,,Y,2,2
508,렉서스 제주 전시장,CV001188,03,05,제주특별자치도 제주시 일주서로 7661,33.494643,126.465171,20220625102128,20220621182827,20220621200016,20220621182827,200,동시,50,,,Y,2,2
509,렉서스 제주 전시장,CV001188,04,02,제주특별자치도 제주시 일주서로 7661,33.494643,126.465171,20220625102128,20220621193513,20220621194219,20220621193513,7,단독,50,,,Y,2,2
510,렉서스 제주 전시장,CV001188,05,05,제주특별자치도 제주시 일주서로 7661,33.494643,126.465171,20220625102128,20220620133051,20220620135856,,200,동시,50,,,Y,2,2
511,렉서스 제주 전시장,CV001188,06,02,제주특별자치도 제주시 일주서로 7661,33.494643,126.465171,20220625102128,20220624183304,20220624183542,20220621182849,7,단독,50,,,Y,2,2
512,렉서스 제주 전시장,CV001188,07,02,제주특별자치도 제주시 일주서로 7661,33.494643,126.465171,20220625102128,20220621182932,20220621201529,20220621182932,7,단독,50,,,Y,2,2
513,레드서브마린,CV001190,01,04,제주특별자치도 제주시 한림읍 한림해안로 592,33.440676,126.27710399,20220624150625,20220622192723,20220622200244,20220622192723,100,동시,50,,,Y,2,2
514,레드서브마린,CV001190,02,04,제주특별자치도 제주시 한림읍 한림해안로 592,33.440676,126.27710399,20220624150625,20220622204514,20220622214428,20220622085152,100,동시,50,,,Y,2,2
515,레드서브마린,CV001190,03,02,제주특별자치도 제주시 한림읍 한림해안로 592,33.440676,126.27710399,20220625141628,20220623125423,20220623150347,20220623125423,7,단독,50,,,Y,2,2
516,일출식자재마트,CV001191,01,04,제주특별자치도 서귀포시 성산읍 섭지코지로25번길 77,33.445539000,126.91788199,20220624150622,20220624104332,20220624114334,20220624104332,100,동시,50,,,Y,2,2
517,일출식자재마트,CV001191,02,04,제주특별자치도 서귀포시 성산읍 섭지코지로25번길 77,33.445539000,126.91788199,20220624150622,20220622183842,20220622185431,20220622183842,100,동시,50,,,Y,2,2
518,한국농어촌공사 제주지역본부,CV001193,01,04,제주특별자치도 제주시 선사로 12,33.522557000,126.58718800,20220625193132,20220625191322,20220625192843,20220625191322,100,동시,50,,,Y,2,2
519,한국농어촌공사 제주지역본부,CV001193,02,04,제주특별자치도 제주시 선사로 12,33.522557000,126.58718800,20220625193132,20220624130212,20220624130439,20220624130212,100,동시,50,,,Y,2,2
520,한국농어촌공사 제주지역본부,CV001193,03,04,제주특별자치도 제주시 선사로 12,33.522557000,126.58718800,20220625102138,20220624220512,20220624223312,20220624220512,100,동시,50,,,Y,2,2
521,한국농어촌공사 제주지역본부,CV001193,04,04,제주특별자치도 제주시 선사로 12,33.522557000,126.58718800,20220625102138,20220625043000,20220625050407,20220624200102,100,동시,50,,,Y,2,2
522,이엔_제주연구소,EN888888,01,02,제주특별자치도 제주시 첨단로8길 64,33.4446314,126.5687428,20220331161810,,,,7,단독,50,,,Y,9,9
523,제주 삼달다방,EP200003,01,02,제주특별자치도 서귀포시 성산읍 삼달신풍로 95-24,33.3721769,126.839197,20220623032935,20210831040809,20210831040809,,7,단독,50,,,N,2,2
524,제주 삼달다방,EP200003,02,02,제주특별자치도 서귀포시 성산읍 삼달신풍로 95-24,33.3721769,126.839197,20220624142310,20220604020636,20220604050612,20220604143536,7,단독,50,,,N,2,2
525,제주 노형성환그린1차,EP200215,01,02,제주특별자치도 제주시 정존5길 39,33.485116,126.4714976,20220624063736,20220622070634,20220622080653,20220624001259,7,단독,50,,,Y,2,2
526,제주 노형성환그린1차,EP200215,02,02,제주특별자치도 제주시 정존5길 39,33.485116,126.4714976,20220625194952,20220623060630,20220623070606,20220625194951,7,단독,50,,,Y,3,3
527,제주 노형성환그린1차,EP200215,03,02,제주특별자치도 제주시 정존5길 39,33.485116,126.4714976,20220625084311,20220621090610,20220622050633,20220621215710,7,단독,50,,,Y,2,2
528,제주 노형성환그린1차,EP200215,04,02,제주특별자치도 제주시 정존5길 39,33.485116,126.4714976,20220624075128,20220621050633,20220621080652,20220624054819,7,단독,50,,,Y,2,2
529,제주 노형성환그린1차,EP200215,05,02,제주특별자치도 제주시 정존5길 39,33.485116,126.4714976,20220625135459,20220624070603,20220625030613,20220624191903,7,단독,50,,,Y,2,2
530,제주 대기고등학교,EP200216,01,02,제주특별자치도 제주시 번영로 453-6,33.4925098,126.5932794,20220624113231,20220623070657,20220623120625,20220624071120,7,단독,50,,,Y,2,2
531,제주 노형2차아이파크,EP200217,01,02,제주특별자치도 제주시 노형12길 24,33.483,126.4795911,20220625174214,20220623060636,20220623090626,20220625135010,7,단독,50,,,Y,2,2
532,제주 노형2차아이파크,EP200217,02,02,제주특별자치도 제주시 노형12길 24,33.483,126.4795911,20220625195237,20220623100609,20220623040625,20220623100609,7,단독,50,,,Y,3,3
533,제주 노형2차아이파크,EP200217,03,02,제주특별자치도 제주시 노형12길 24,33.483,126.4795911,20220622080903,20220611100603,20220611110644,20220611102003,7,단독,50,,,Y,2,2
534,제주 노형2차아이파크,EP200217,04,02,제주특별자치도 제주시 노형12길 24,33.483,126.4795911,20220625204319,20220625050608,20220625060604,20220625191512,,,50,,,Y,2,2
535,제주 노형2차아이파크,EP200217,05,02,제주특별자치도 제주시 노형12길 24,33.483,126.4795911,20220625110326,20220624110614,20220625060608,20220625100457,7,단독,50,,,Y,2,2
536,제주 소길리 황토민박,EP200297,01,02,제주특별자치도 제주시 애월읍 광상로 595-29,33.435035,126.3719616,20220625070804,20220624120633,20220624070627,20220624225406,7,단독,50,,,Y,2,2
537,제주 소길리 황토민박,EP200297,02,02,제주특별자치도 제주시 애월읍 광상로 595-29,33.435035,126.3719616,20220623094350,20220620010636,20220620010637,20220623011311,7,단독,50,,,Y,2,2
538,제주 파리바게뜨 함덕해수욕장점,EP200298,01,02,제주특별자치도 제주시 조천읍 신북로 473,33.5436714,126.6610043,20220625174908,20220620070601,20220620070657,20220620193701,7,단독,50,,,Y,2,2
539,제주 파리바게뜨 함덕해수욕장점,EP200298,02,02,제주특별자치도 제주시 조천읍 신북로 473,33.5436714,126.6610043,20220625121332,20220620080631,20220620100629,20220625113313,7,단독,50,,,Y,2,2
540,제주 아라주원라비앙,EV000040,01,02,"제주특별자치도 제주시 아연로 512 (아라일동, 아라 주원라비앙)",33.4760010571,126.5345813809,20220624220918,20220624201013,20220624214921,20220624201013,,,50,,,Y,2,2
541,카페더라이트,EV003426,01,06,제주특별자치도 서귀포시 성산읍 한도로 267,33.466182984017,126.9359147434,20220625233818,20220625221744,20220625233717,20220625221744,50,단독,50,,,Y,2,2
542,쏘카존_제주대학교,EV003474,01,02,제주특별자치도 제주시 제주대학로 102,33.457236975,126.56429389,20220623154344,20220331204404,20220331214156,,7,단독,50,,,Y,1,1
543,쏘카존_제주대학교,EV003474,02,02,제주특별자치도 제주시 제주대학로 102,33.457236975,126.56429389,20220623154345,20220401084659,20220401094431,,7,단독,50,,,Y,1,1
544,쏘카존_제주대학교,EV003474,03,02,제주특별자치도 제주시 제주대학로 102,33.457236975,126.56429389,20220623154345,20220331160610,20220331163348,,7,단독,50,,,Y,1,1
545,쏘카존_제주대학교,EV003474,04,02,제주특별자치도 제주시 제주대학로 102,33.457236975,126.56429389,20220623154345,20220331232419,20220401002646,,7,단독,50,,,Y,1,1
546,쏘카존_제주대학교,EV003474,05,02,제주특별자치도 제주시 제주대학로 102,33.457236975,126.56429389,20220623154345,20220330190746,20220330191648,,7,단독,50,,,Y,1,1
547,제주산학융합원,EV003475,01,02,제주특별자치도 제주시 첨단로8길 36,33.447622577,126.56754052,20220623154348,20220331141034,20220331153542,,7,단독,50,,,Y,1,1
548,제주산학융합원,EV003475,02,02,제주특별자치도 제주시 첨단로8길 36,33.447622577,126.56754052,20220623154348,,,,7,단독,50,,,Y,1,1
549,제주산학융합원,EV003475,03,02,제주특별자치도 제주시 첨단로8길 36,33.447622577,126.56754052,20220623154348,20220331141218,20220331153947,,7,단독,50,,,Y,1,1
550,제주산학융합원,EV003475,04,02,제주특별자치도 제주시 첨단로8길 36,33.447622577,126.56754052,20220623154348,20220331141432,20220331153151,,7,단독,50,,,Y,1,1
551,제주산학융합원,EV003475,05,02,제주특별자치도 제주시 첨단로8길 36,33.447622577,126.56754052,20220623154348,,,,7,단독,50,,,Y,1,1
552,제주 첨단과학단지 야외주차장,EV003476,01,02,제주특별자치도 제주시 첨단로 216-18,33.452349492,126.56958709,20220623154350,20220331151346,20220331153744,,7,단독,50,,,Y,1,1
553,제주 첨단과학단지 야외주차장,EV003476,02,02,제주특별자치도 제주시 첨단로 216-18,33.452349492,126.56958709,20220623154350,20220330200049,20220330210014,,7,단독,50,,,Y,1,1
554,제주 첨단과학단지 야외주차장,EV003476,03,02,제주특별자치도 제주시 첨단로 216-18,33.452349492,126.56958709,20220623154350,20220331132041,20220331143953,,7,단독,50,,,Y,1,1
555,제주 첨단과학단지 야외주차장,EV003476,04,02,제주특별자치도 제주시 첨단로 216-18,33.452349492,126.56958709,20220623154350,20220418164512,20220418175550,,7,단독,50,,,Y,1,1
556,제주서귀포_더웨이팅,EV003923,01,02,제주특별자치도 서귀포시 표선면 표선동서로 147,33.317965772,126.82813723,20220624144413,20220624094312,20220624124059,20220624094312,7,단독,50,,,Y,2,2
557,JDC 행복주택,EV003924,01,02,제주특별자치도 제주시 첨단로동길 10,33.458392630,126.57451743,20220623154337,20220319082850,20220319160210,,7,단독,50,,,Y,1,1
558,JDC 행복주택,EV003924,02,02,제주특별자치도 제주시 첨단로동길 10,33.458392630,126.57451743,20220623154337,20220331134839,20220331135042,,7,단독,50,,,Y,1,1
559,JDC 행복주택,EV003924,03,02,제주특별자치도 제주시 첨단로동길 10,33.458392630,126.57451743,20220623154337,20220331171648,20220331181258,,7,단독,50,,,Y,1,1
560,NIA글로벌센터,EZ100011,01,02,제주특별자치도 서귀포시 서호중앙로 68-11,33.25351334,126.5200729,20200724131310,,,,,,50,,,N,9,9
561,그림책카페노란우산,EZ100073,01,02,제주특별자치도 서귀포시 안덕면 녹차분재로 32,33.2885153,126.3028191,20220625193004,20220625153439,20220625191257,20220625153445,7,단독,50,,,Y,2,2
562,㈜외도339(오이디오339),EZ100087,01,02,제주특별자치도 제주시 일주서로 7345,33.4937423,126.4316835,,,,,7,단독,50,,,Y,9,9
563,㈜외도339(오이디오339),EZ100087,02,02,제주특별자치도 제주시 일주서로 7345,33.4937423,126.4316835,,,,,7,단독,50,,,Y,9,9
564,비에노즈,EZ100088,01,02,제주특별자치도 제주시 한림읍 귀덕7길 29,33.4424791,126.2845537,20220623223004,20220623172453,20220623221856,20220623172456,7,단독,50,,,Y,2,2
565,비에노즈,EZ100088,02,02,제주특별자치도 제주시 한림읍 귀덕7길 29,33.4424791,126.2845537,20220624180004,20220624165158,20220624173352,20220624165203,7,단독,50,,,Y,2,2
566,라온레저개발㈜,GN000448,01,02,제주특별자치도 제주시 한경면 용금로 998,33.345183,126.278205,20220625184043,20220625053311,20220625094157,20220625053311,,,50,,,Y,2,2
567,라온레저개발㈜,GN000448,02,02,제주특별자치도 제주시 한경면 용금로 998,33.345183,126.278205,20220625194046,20220625141052,20220625193227,20220625141052,,,50,,,Y,2,2
568,라온레저개발㈜,GN000448,03,02,제주특별자치도 제주시 한경면 용금로 998,33.345183,126.278205,20220623182039,20220623122843,20220623181900,20220623122843,,,50,,,Y,2,2
569,켄싱턴리조트 서귀포점,GN000449,01,02,제주특별자치도 서귀포시 이어도로 684,33.233813,126.488989,20220625091105,20220624200054,20220624231356,20220624200054,,,50,,,Y,2,2
570,켄싱턴리조트 서귀포점,GN000449,02,02,제주특별자치도 서귀포시 이어도로 684,33.233813,126.488989,20220621155053,20220616114859,20220616121122,20220616114859,,,50,,,Y,1,1
571,해비치호텔앤드리조트㈜,GN000450,01,02,제주특별자치도 서귀포시 남원읍 원님로399번길 319,33.359944,126.728177,20220617122035,20220602062018,20220602062146,,,,50,,,Y,2,2
572,해비치호텔앤드리조트㈜,GN000450,02,02,제주특별자치도 서귀포시 남원읍 원님로399번길 319,33.359944,126.728177,20220617122035,20220526144153,20220526144340,20211201103653,,,50,,,Y,2,2
573,해비치호텔앤드리조트㈜,GN000450,03,02,제주특별자치도 서귀포시 남원읍 원님로399번길 319,33.359944,126.728177,20220617122035,20220602062328,20220602065952,20220602062328,,,50,,,Y,1,1
574,㈜캐슬렉스 제주,GN000451,01,02,제주특별자치도 서귀포시 안덕면 평화로 1241,33.340751,126.349549,20220625163037,20220625150102,20220625162112,20220625150102,,,50,,,Y,2,2
575,㈜캐슬렉스 제주,GN000451,02,02,제주특별자치도 서귀포시 안덕면 평화로 1241,33.340751,126.349549,20220625191036,20220625102422,20220625135526,20220625102422,,,50,,,Y,2,2
576,㈜캐슬렉스 제주,GN000451,03,02,제주특별자치도 서귀포시 안덕면 평화로 1241,33.340751,126.349549,20220625182034,20220625121434,20220625174519,20220625121434,,,50,,,Y,2,2
577,라헨느리조트㈜,GN000452,01,02,제주특별자치도 제주시 명림로 374,33.45313,126.614433,20220619165031,20220619120303,20220619160432,20220619120303,,,50,,,Y,2,2
578,라헨느리조트㈜,GN000452,02,02,제주특별자치도 제주시 명림로 374,33.45313,126.614433,20220617122034,20220102175943,20220102183631,20220102175943,,,50,,,Y,3,3
579,용인아파트,GN000453,01,02,"제주특별자치도 제주시 고마로14길 16, 308호",33.5058737,126.5393848,20220625120028,20220624121954,20220624171037,20220625115212,,,50,,,Y,3,3
580,삼정지에듀아파트,GN000454,01,02,제주특별자치도 서귀포시 대정읍 에듀시티로 148,33.28548,126.275529,20220625202025,20220624204737,20220625022808,20220625201211,,,50,,,Y,3,3
581,삼정지에듀아파트,GN000454,02,02,제주특별자치도 서귀포시 대정읍 에듀시티로 148,33.28548,126.275529,20220625205026,20220624214900,20220625010503,20220625204400,,,50,,,Y,3,3
582,그랑블제주알엔지㈜,GN000455,01,02,제주특별자치도 제주시 한림읍 화전길 82,33.347926,126.368213,20220625120023,20220625085335,20220625113146,20220625085335,,,50,,,Y,2,2
583,그랑블제주알엔지㈜,GN000455,02,02,제주특별자치도 제주시 한림읍 화전길 82,33.347926,126.368213,20220622083026,20220621220244,20220622082025,20220621220244,,,50,,,Y,2,2
584,그랑블제주알엔지㈜,GN000455,03,02,제주특별자치도 제주시 한림읍 화전길 82,33.347926,126.368213,20220625085022,20220625084759,20220625084911,20220624220136,,,50,,,Y,2,2
585,테디벨리골프엔리조트,GN000456,01,02,제주특별자치도 서귀포시 안덕면 한창로 365,33.293461,126.34893,20220625061023,20220624213012,20220625044115,20220624213012,,,50,,,Y,2,2
586,테디벨리골프엔리조트,GN000456,02,02,제주특별자치도 서귀포시 안덕면 한창로 365,33.293461,126.34893,20220625140022,20220625085917,20220625112758,20220625135030,,,50,,,Y,3,3
587,주식회사 비체올린,GN000457,01,02,제주특별자치도 제주시 한경면 판조로 253-6,33.350286,126.218222,20220617122021,20220317112829,20220317121046,20220317112829,,,50,,,Y,2,2
588,주식회사 비체올린,GN000457,02,02,제주특별자치도 제주시 한경면 판조로 253-6,33.350286,126.218222,20220624181018,20220624155543,20220624180143,20220624155543,,,50,,,Y,2,2
589,우선종합주식회사,GN000458,01,02,제주특별자치도 제주시 조천읍 함덕남2길 14,33.535489,126.661433,20220625131014,20220625092100,20220625130121,20220625092100,,,50,,,Y,2,2
590,우선종합주식회사,GN000458,02,02,제주특별자치도 제주시 조천읍 함덕남2길 14,33.535489,126.661433,20220617122014,20220610143908,20220610143943,20220525064946,,,50,,,Y,2,2
591,뉴해안풍경,GN000459,01,02,제주특별자치도 제주시 신사수2길 8-2,33.509029,126.474856,20220617175011,20220617161623,20220617174110,20220617161623,,,50,,,Y,2,2
592,뉴해안풍경,GN000459,02,02,제주특별자치도 제주시 신사수2길 8-2,33.509029,126.474856,20220617122011,20201220173655,20201220181843,,,,50,,,Y,2,2
593,주식회사 캔디원,GN000460,01,02,제주특별자치도 제주시 조천읍 선교로 384,33.471349,126.7077598,,,,,7,단독,50,,,Y,9,9
594,주식회사 캔디원,GN000460,02,02,제주특별자치도 제주시 조천읍 선교로 384,33.471349,126.7077598,,,,,7,단독,50,,,Y,9,9
595,달빛바다팬션,GN000464,01,02,제주특별자치도 제주시 어영길 64-12,33.222774,126.293236,20220617122032,20220405202350,20220406030538,20220405202350,,,50,,,Y,2,2
596,제주허브동산,GN000465,01,02,제주특별자치도 서귀포시 표선면 돈오름로 170,33.329891,126.814854,20220617122035,20220529004359,20220529004431,,,,50,,,Y,2,2
597,제주허브동산,GN000465,02,02,제주특별자치도 서귀포시 표선면 돈오름로 170,33.329891,126.814854,20220617122035,20220615202903,20220617025832,20220505140105,,,50,,,Y,2,2
598,해변풍경 민박,GN000466,01,02,제주특별자치도 제주시 도두봉2길 71,33.507503,126.475673,20220617122036,20191230145318,20191230150627,,,,50,,,Y,2,2
599,주식회사 노형호텔,GN000469,01,02,제주특별자치도 제주시 수덕1길 7,33.4863,126.478235,20220617122042,20220607162102,20220607162623,20220118162840,,,50,,,N,2,2
600,주식회사 노형호텔,GN000469,02,02,제주특별자치도 제주시 수덕1길 7,33.4863,126.478235,20220624163045,20220624144348,20220624162711,20220624144348,,,50,,,N,2,2
601,제주조랑말타운,GN000473,01,02,제주특별자치도 서귀포시 번영로 2486,33.408058,126.772623,20220620182310,20200705175021,20200705181736,,,,50,,,Y,9,9
602,제주조랑말타운,GN000473,02,02,제주특별자치도 서귀포시 번영로 2486,33.408058,126.772623,20220620182310,20210622141806,20210622142342,,,,50,,,Y,9,9
603,느영나영초가집,GN000474,01,02,제주특별자치도 서귀포시 남원읍 태위로 483,33.275429,126.699023,20220617122034,20201219011701,20201219012301,,,,50,,,Y,2,2
604,느영나영초가집,GN000474,02,02,제주특별자치도 서귀포시 남원읍 태위로 483,33.275429,126.699023,20220617122034,20201217155430,20201217173630,,,,50,,,Y,2,2
605,동부휴게소,GN000476,01,02,제주특별자치도 제주시 조천읍 번영로 1619,33.457519,126.703718,20220617122030,20201207183727,20201207184301,,,,50,,,Y,2,2
606,이랜드파크켄싱턴리조트제주한림점,GN000477,01,02,제주특별자치도 제주시 한림읍 한림해안로 530,33.436024,126.274542,20220625093024,20220624215833,20220625040424,20220624215833,,,50,,,Y,2,2
607,이랜드파크켄싱턴리조트제주한림점,GN000477,02,02,제주특별자치도 제주시 한림읍 한림해안로 530,33.436024,126.274542,20220623072027,20220622221144,20220623024228,20220622221144,,,50,,,Y,2,2
608,에코럭스,GN000478,01,02,제주특별자치도 서귀포시 김정문화로27번길 9-1,33.252609,126.507706,20220625090039,20220624221355,20220625013426,20220624221355,,,50,,,Y,2,2
609,에코럭스,GN000478,02,02,제주특별자치도 서귀포시 김정문화로27번길 9-1,33.252609,126.507706,20220625195039,20220625172432,20220625194942,20220625172432,,,50,,,Y,2,2
610,라온랜드 주식회사,GN000479,01,02,제주특별자치도 제주시 한림읍 월림7길 155,33.35564,126.241944,20220622162045,20220622141323,20220622152924,20220622141323,,,50,,,Y,2,2
611,라온랜드 주식회사,GN000479,02,02,제주특별자치도 제주시 한림읍 월림7길 155,33.35564,126.241944,20220617122040,20211117170338,20211117170639,,,,50,,,Y,2,2
612,라온랜드 주식회사,GN000479,03,02,제주특별자치도 제주시 한림읍 월림7길 155,33.35564,126.241944,20220617122040,20211229165009,20211229165247,,,,50,,,Y,2,2
613,나인스파빌,GN000480,01,02,제주특별자치도 제주시 애월읍 하광로 518,33.445626,126.430258,20220617144042,20220617142203,20220617143208,20220617142203,,,50,,,Y,2,2
614,나인스파빌,GN000480,02,02,제주특별자치도 제주시 애월읍 하광로 518,33.445626,126.430258,20220617122040,20220616205938,20220617025834,20220616205938,,,50,,,Y,2,2
615,아모르하우스,GN000482,01,02,제주특별자치도 제주시 구좌읍 해맞이해안로 2060-18,33.50906,126.901903,20220617122029,20220428120845,20220428120939,,,,50,,,Y,1,1
616,아모르하우스,GN000482,02,02,제주특별자치도 제주시 구좌읍 해맞이해안로 2060-18,33.50906,126.901903,20220617122030,20220505190649,20220506005744,20220505190649,,,50,,,Y,1,1
617,㈜백상,GN000483,01,02,제주특별자치도 서귀포시 안덕면 평화로319번길 31-11,33.276475,126.305386,20220617122027,20220614164803,20220614164813,20220606115256,,,50,,,Y,2,2
618,㈜백상,GN000483,02,02,제주특별자치도 서귀포시 안덕면 평화로319번길 31-11,33.276475,126.305386,20220624174025,20220624143921,20220624173837,20220624143921,,,50,,,Y,2,2
619,아띠랑스,GN000485,01,02,제주특별자치도 서귀포시 성산읍 해맞이해안로 2614,33.477758,126.909365,20210504151311,,,,,,50,,,Y,9,9
620,아띠랑스,GN000485,02,02,제주특별자치도 서귀포시 성산읍 해맞이해안로 2614,33.477758,126.909365,20220617122033,20220612123550,20220612132727,20220612123550,,,50,,,Y,2,2
621,블루마운틴커피랜드,GN000486,01,02,제주특별자치도 서귀포시 성산읍 중산간동로 4255,33.380291,126.837147,20220625052027,20220624090514,20220624122054,20220624090514,,,50,,,Y,1,1
622,블루마운틴커피랜드,GN000486,02,02,제주특별자치도 서귀포시 성산읍 중산간동로 4255,33.380291,126.837147,20220625052027,20220624090124,20220624110335,20220624090124,,,50,,,Y,1,1
623,돈내코힐리조트,GN000489,01,02,제주특별자치도 서귀포시 돈내코로 178,33.303032,126.578505,20220623213021,20220623194923,20220623203024,20220623194923,,,50,,,Y,2,2
624,돈내코힐리조트,GN000489,02,02,제주특별자치도 서귀포시 돈내코로 178,33.303032,126.578505,20220625165019,20220624171909,20220624233003,20220625164610,,,50,,,Y,3,3
625,그랜드메르호텔,GN000490,01,02,제주특별자치도 서귀포시 논짓물로 45,33.239876,126.386022,20220617122042,20220526135228,20220526135301,20220425023546,,,50,,,Y,2,2
626,그랜드메르호텔,GN000490,02,02,제주특별자치도 서귀포시 논짓물로 45,33.239876,126.386022,20220617122042,20220526135505,20220526140030,,,,50,,,Y,2,2
627,오드리인제주/㈜갤러리,GN000491,01,02,제주특별자치도 제주시 서해안로 100,33.503415,126.460452,20220617122039,20220616215807,20220616220332,20220607082037,,,50,,,Y,2,2
628,오드리인제주/㈜갤러리,GN000491,02,02,제주특별자치도 제주시 서해안로 100,33.503415,126.460452,20220617122039,20220609074044,20220609112410,20220609074044,,,50,,,Y,2,2
629,크리스마스,GN000492,01,02,제주특별자치도 제주시 구좌읍 해맞이해안로 2030-8,33.50933,126.900271,20220617122038,20220616155048,20220617025832,20220614195526,,,50,,,Y,2,2
630,크리스마스,GN000492,02,02,제주특별자치도 제주시 구좌읍 해맞이해안로 2030-8,33.50933,126.900271,20220621211038,20220621183856,20220621210544,20220621183856,,,50,,,Y,2,2
631,더썸하우스,GN000493,01,02,"제주특별자치도 서귀포시 성산읍 난고로 42번길 110, 103동",33.443542,126.906517,20220622091037,20220621185442,20220622032037,20220621185442,,,50,,,Y,2,2
632,더썸하우스,GN000493,02,02,"제주특별자치도 서귀포시 성산읍 난고로 42번길 110, 103동",33.443542,126.906517,20220617122036,20220418215342,20220419055937,20220418215342,,,50,,,Y,2,2
633,조은리조트,GN000496,01,02,제주특별자치도 서귀포시 이어도로 721,33.236052,126.492155,20210324214310,,,,,,50,,,Y,9,9
634,조은리조트,GN000496,02,02,제주특별자치도 서귀포시 이어도로 721,33.236052,126.492155,20210324214310,,,,,,50,,,Y,9,9
635,동백동산,GN000497,01,02,제주특별자치도 제주시 조천읍 북흘로 378,33.516643,126.706132,20220617122031,20220614210950,20220614222923,20220614210950,,,50,,,Y,2,2
636,지중해리조트,GN000498,01,02,제주특별자치도 서귀포시 남원읍 남태해안로 445,33.283082,126.746964,20220617122028,20201009172301,20201009172344,,,,50,,,Y,2,2
637,㈜에이치엠자산관리,GN000499,01,02,제주특별자치도 서귀포시 대정읍 에듀시티로 102,33.495621,126.90652,20220624194024,20220623191207,20220623191207,20220620165301,,,50,,,Y,2,2
638,㈜에이치엠자산관리,GN000499,02,02,제주특별자치도 서귀포시 대정읍 에듀시티로 102,33.495621,126.90652,20220625171021,20220625122825,20220625152448,20220625170308,,,50,,,Y,3,3
639,동복리671,GN000500,01,02,제주특별자치도 제주시 구좌읍 구좌해안로 52-13,33.556326,126.720576,20220617122023,20200710161744,20200710165823,,,,50,,,Y,1,1
640,동복리671,GN000500,02,02,제주특별자치도 제주시 구좌읍 구좌해안로 52-13,33.556326,126.720576,20220617122023,20220606173914,20220617025939,20220604155006,,,50,,,Y,2,2
641,오션베스트빌구내,GN000504,01,02,제주특별자치도 제주시 조천읍 조함해안로 221,33.553275,126.644754,20220616160310,20220109171139,20220109171243,,,,50,,,Y,9,9
642,오션베스트빌구내,GN000504,02,02,제주특별자치도 제주시 조천읍 조함해안로 221,33.553275,126.644754,20220616160310,20210213214747,20210213214916,,,,50,,,Y,9,9
643,알프스보석궁전테마파크,GN000505,01,02,제주특별자치도 제주시 한경면 연명로 159-7,33.291234,126.249147,20220623161050,20220623160554,20220623160554,20220604145534,,,50,,,Y,1,1
644,알프스보석궁전테마파크,GN000505,02,02,제주특별자치도 제주시 한경면 연명로 159-7,33.291234,126.249147,20220617122036,20201124170916,20201124171256,,,,50,,,Y,2,2
645,도라미펜션,GN000506,01,02,제주특별자치도 서귀포시 일주동로 8215,33.260353,126.609648,20220620192039,20220620164754,20220620191107,20220620164754,,,50,,,Y,2,2
646,나우씨앤씨,GN000507,01,02,제주특별자치도 서귀포시 하신상로 166,33.272428,126.610353,20220617122036,20220608220316,20220612091146,20220314175053,,,50,,,Y,2,2
647,나우씨앤씨,GN000507,02,02,제주특별자치도 서귀포시 하신상로 166,33.272428,126.610353,20220617122036,20220524214558,20220524214703,20220524212543,,,50,,,Y,2,2
648,소금막호스텔,GN000508,01,02,제주특별자치도 서귀포시 쇠소깍로 151-10,33.25067,126.620559,20220509104310,20220317072123,20220317112924,20220317072123,,,50,,,Y,9,9
649,제주아이브,GN000509,01,02,제주특별자치도 서귀포시 산록남로 1966-34,33.288872,126.496904,20220625153040,20220619164042,20220619201618,20220625152035,,,50,,,Y,3,3
650,제주아이브,GN000509,02,02,제주특별자치도 서귀포시 산록남로 1966-34,33.288872,126.496904,20220617122039,20220307193626,20220307194130,,,,50,,,Y,2,2
651,디스이즈핫,GN000510,01,02,제주특별자치도 제주시 구좌읍 하도15길 153-5,33.513253,126.897377,20220617122049,20210802165411,20210802171728,,,,50,,,Y,2,2
652,갯그시,GN000511,01,02,제주특별자치도 서귀포시 성산읍 환해장성로 469,33.399071,126.90477,20220617122047,20220128215511,20220128215822,20220128211240,,,50,,,Y,2,2
653,갯그시,GN000511,02,02,제주특별자치도 서귀포시 성산읍 환해장성로 469,33.399071,126.90477,20220617122047,20220428140410,20220428140613,,,,50,,,Y,2,2
654,금앤옥통나무펜션,GN000513,01,02,제주특별자치도 서귀포시 남원읍 중산간동로7141번길 6,33.283205,126.629345,20220617122043,20220616144701,20220616151048,20220616144701,,,50,,,Y,2,2
655,금앤옥통나무펜션,GN000513,02,02,제주특별자치도 서귀포시 남원읍 중산간동로7141번길 6,33.283205,126.629345,20220617122043,20200429170628,20200429170932,,,,50,,,Y,2,2
656,선스토리,GN000514,01,02,제주특별자치도 서귀포시 표선면 표선백사로60번길 72,33.316539,126.837707,20220617122041,20211112151023,20211112151056,,,,50,,,Y,2,2
657,선스토리,GN000514,02,02,제주특별자치도 서귀포시 표선면 표선백사로60번길 72,33.316539,126.837707,20220617122041,20220503202040,20220504002518,20220503202040,,,50,,,Y,2,2
658,가산토방,GN000519,01,02,제주특별자치도 서귀포시 인정오름로 90,33.287427,126.577512,20220617122034,20210607204837,20210608001928,,,,50,,,Y,2,2
659,가산토방,GN000519,02,02,제주특별자치도 서귀포시 인정오름로 90,33.287427,126.577512,20220617122034,20210330220127,20210331010100,,,,50,,,Y,2,2
660,모던플레이스,GN000521,01,02,제주특별자치도 서귀포시 상예로 262,33.268192,126.394885,20220617122013,20220521173945,20220521174028,,,,50,,,Y,2,2
661,제주스카이휴양펜션,GN000524,01,02,제주특별자치도 서귀포시 표선면 세성로 352-32,33.335647,126.798382,20220617122043,20220603194707,20220617025758,20220131080341,,,50,,,Y,2,2
662,제주스카이휴양펜션,GN000524,02,02,제주특별자치도 서귀포시 표선면 세성로 352-32,33.335647,126.798382,20220625174042,20220619172719,20220619225129,20220625173601,,,50,,,Y,3,3
663,메이더호텔,GN000525,01,02,제주특별자치도 제주시 구좌읍 일주동로 1626,33.551827,126.706813,20220625182047,20220625154423,20220625181055,20220625154423,,,50,,,Y,2,2
664,메이더호텔,GN000525,02,02,제주특별자치도 제주시 구좌읍 일주동로 1626,33.551827,126.706813,20220623083053,20220622222945,20220623024528,20220622222945,,,50,,,Y,2,2
665,㈜제주테마조각공원,GN000544,01,02,제주특별자치도 제주시 1100로 2894-72,33.452306,126.488933,20220618153015,20220617084249,20220617084405,20220514070842,,,50,,,Y,1,1
666,㈜제주테마조각공원,GN000544,02,02,제주특별자치도 제주시 1100로 2894-72,33.452306,126.488933,20220617122013,20210827180820,20210827181413,,,,50,,,Y,2,2
667,대원상록수12차 주민자치회,GN000875,01,02,제주특별자치도 제주시 오라2동 1496-1,33.4874215,126.5130945,20220625163024,20220624222247,20220625012301,20220624222247,,,50,,,Y,2,2
668,대원상록수12차 주민자치회,GN000875,02,02,제주특별자치도 제주시 오라2동 1496-1,33.4874215,126.5130945,20220625071025,20220623184648,20220623222724,20220623184648,,,50,,,Y,2,2
669,김녕새마을회,GN000876,01,02,제주특별자치도 제주시 구좌읍 일주동로 2045,33.5515797,126.7488094,20220617122034,20201002112141,20201002112359,,,,50,,,Y,1,1
670,만디와산,GN000877,01,02,제주특별자치도 제주시 조천읍 함와로 548-1,33.494744,126.679538,20220617122032,20211002154233,20211002154755,,,,50,,,Y,2,2
671,만디와산,GN000877,02,02,제주특별자치도 제주시 조천읍 함와로 548-1,33.494744,126.679538,20220617122032,20220218123159,20220218123646,,,,50,,,Y,2,2
672,동광리마을회,GN000880,01,02,제주특별자치도 서귀포시 안덕면 동광로 126,33.3076171,126.3398858,20220617122045,20200720193049,20200720200912,,,,50,,,Y,2,2
673,동광리마을회,GN000880,02,02,제주특별자치도 서귀포시 안덕면 동광로 126,33.3076171,126.3398858,20220617122045,20220102174210,20220102174641,,,,50,,,Y,1,1
674,오션하우스,GN000882,01,02,제주특별자치도 서귀포시 안덕면 사계남로216번길 42,33.2348365,126.3101792,20220625205048,20220625172852,20220625190225,20220625204528,,,50,,,Y,3,3
675,오션하우스,GN000882,02,02,제주특별자치도 서귀포시 안덕면 사계남로216번길 42,33.2348365,126.3101792,20220617122048,20200104122545,20200127172606,,,,50,,,Y,2,2
676,제주조이랜드,GN000884,01,02,제주특별자치도 제주시 애월읍 애원로 116-5,33.4549146,126.3251277,20220617122019,20220427102036,20220427102138,20220213200803,,,50,,,Y,1,1
677,제주조이랜드,GN000884,02,02,제주특별자치도 제주시 애월읍 애원로 116-5,33.4549146,126.3251277,20220617122019,20220414212620,20220415014921,20220414212620,,,50,,,Y,2,2
678,주식회사 레저가온 제주지점,GN000885,01,02,제주특별자치도 제주시 애월읍 중산간서로 5409,33.4327678,126.3216538,20220622105032,20220621205035,20220621233114,20220621205035,,,50,,,Y,2,2
679,주식회사 레저가온 제주지점,GN000885,02,02,제주특별자치도 제주시 애월읍 중산간서로 5409,33.4327678,126.3216538,20220623155015,20220623113748,20220623154832,20220623113748,,,50,,,Y,2,2
680,J두빛나래리조트,GN000887,01,02,제주특별자치도 서귀포시 안덕면 사계북로 99,33.2365394,126.2984496,20220420151310,20220304142534,20220304174222,20220304142534,,,50,,,Y,9,9
681,J두빛나래리조트,GN000887,02,02,제주특별자치도 서귀포시 안덕면 사계북로 99,33.2365394,126.2984496,20220420151310,20200806143106,20200806143343,,,,50,,,Y,9,9
682,제주해안휴양펜션,GN000888,01,02,제주특별자치도 서귀포시 안덕면 사계남로 89,33.2272994,126.2995262,20220618124030,20220618112621,20220618123354,20220618112621,,,50,,,Y,2,2
683,뷰티플리조트,GN000889,01,02,제주특별자치도 서귀포시 이어도로253번길 2,33.243755,126.4466854,20220617122030,20210705222220,20210705222453,,,,50,,,Y,1,1
684,뷰티플리조트,GN000889,02,02,제주특별자치도 서귀포시 이어도로253번길 2,33.243755,126.4466854,20220625105040,20220624183246,20220624195831,20220624183246,,,50,,,Y,2,2
685,제주아리랑,GN000891,01,02,제주특별자치도 서귀포시 안덕면 일주서로 1975-16,33.2497051,126.3053207,20220420151310,20200428201456,20200428230515,,,,50,,,Y,9,9
686,제주아리랑,GN000891,02,02,제주특별자치도 서귀포시 안덕면 일주서로 1975-16,33.2497051,126.3053207,20220420151310,20210415202124,20210416001327,,,,50,,,Y,9,9
687,사계리마을회,GN000892,01,02,제주특별자치도 서귀포시 안덕면 사계중앙로 3,33.2311141,126.2981597,20220619153045,20220619142324,20220619152413,20220619142324,,,50,,,Y,2,2
688,사계리마을회,GN000892,02,02,제주특별자치도 서귀포시 안덕면 사계중앙로 3,33.2311141,126.2981597,20220625184047,20220625170010,20220625183031,20220625170010,,,50,,,Y,2,2
689,사우스캘리(서귀산방),GN000893,01,02,제주특별자치도 서귀포시 중산간서로157번길 74,33.2558631,126.4977777,20220617122049,20220112074958,20220112075324,,,,50,,,Y,2,2
690,사우스캘리(서귀산방),GN000893,02,02,제주특별자치도 서귀포시 중산간서로157번길 74,33.2558631,126.4977777,20220617122049,20200201104618,20200201104727,,,,50,,,Y,2,2
691,제이앤비가족호텔,GN000894,01,02,제주특별자치도 서귀포시 토평남로30번길 10-8,33.2606841,126.5925928,20220617122043,20200704162715,20200704163302,,,,50,,,Y,2,2
692,제이앤비가족호텔,GN000894,02,02,제주특별자치도 서귀포시 토평남로30번길 10-8,33.2606841,126.5925928,20220625200049,20220625164705,20220625193746,20220625164705,,,50,,,Y,2,2
693,중문훼미리콘도미니엄,GN000895,01,02,제주특별자치도 서귀포시 소보리당로164번길 83,33.2659445,126.3836379,20220617122045,20201221200504,20201221203143,,,,50,,,Y,1,1
694,미르빌,GN000896,01,02,제주특별자치도 서귀포시 안덕면 사계로114번길 87,33.2461154,126.3059834,20220625191047,20220625172116,20220625190415,20220625172116,,,50,,,Y,2,2
695,미르빌,GN000896,02,02,제주특별자치도 서귀포시 안덕면 사계로114번길 87,33.2461154,126.3059834,20220617122046,20210817203427,20210817204003,,,,50,,,Y,2,2
696,주식회사 파미유,GN000898,01,02,제주특별자치도 서귀포시 이어도로 826-6,33.2350118,126.5029207,20220617122041,20201123205452,20201123205951,,,,50,,,Y,2,2
697,주식회사 파미유,GN000898,02,02,제주특별자치도 서귀포시 이어도로 826-6,33.2350118,126.5029207,20220617122041,20201009164524,20201009164931,,,,50,,,Y,2,2
698,제주끄라비펜션,GN000899,01,02,제주특별자치도 서귀포시 토평로148번길 28,33.2794049,126.5913972,20220617122044,20220607233118,20220608031232,20220607233118,,,50,,,Y,2,2
699,제주끄라비펜션,GN000899,02,02,제주특별자치도 서귀포시 토평로148번길 28,33.2794049,126.5913972,20220617122044,20220414201605,20220414201936,,,,50,,,Y,2,2
700,자인빌리지펜션,GN000900,01,02,제주특별자치도 서귀포시 하신상로 174-21,33.2746014,126.6095504,20220617122041,20220107205213,20220107212756,20220107205213,,,50,,,Y,1,1
701,자인빌리지펜션,GN000900,02,02,제주특별자치도 서귀포시 하신상로 174-21,33.2746014,126.6095504,20220617122041,20200403184904,20200403221519,,,,50,,,Y,2,2
702,해담은,GN000901,01,02,제주특별자치도 서귀포시 안덕면 사계북로 157-17,33.239402,126.303953,20220617122044,20210807182558,20210807182809,,,,50,,,Y,1,1
703,의귀리마을회,GN000902,01,02,제주특별자치도 서귀포시 남원읍 한신로 207,33.310333,126.713388,20220617122038,20220617103755,20220617104054,20220617103755,,,50,,,Y,2,2
704,의귀리마을회,GN000902,02,02,제주특별자치도 서귀포시 남원읍 한신로 207,33.310333,126.713388,20220624164037,20220624083106,20220624105138,20220624083106,,,50,,,Y,2,2
705,신흥2리마을회,GN000903,01,02,제주특별자치도 서귀포시 남원읍 중산간동로 5807,33.3211699,126.7456777,20220624152045,20220624130127,20220624151728,20220624130127,,,50,,,Y,2,2
706,신흥2리마을회,GN000903,02,02,제주특별자치도 서귀포시 남원읍 중산간동로 5807,33.3211699,126.7456777,20220619174038,20220619083535,20220619163706,20220619083535,,,50,,,Y,2,2
707,남원1리마을회,GN000904,01,02,제주특별자치도 서귀포시 남원읍 남원회관로 27,33.27805,126.71546,20220623211032,20220623183348,20220623210149,20220623183348,,,50,,,Y,2,2
708,남원1리마을회,GN000904,02,02,제주특별자치도 서귀포시 남원읍 남원회관로 27,33.27805,126.71546,20220625222031,20220625130155,20220625145734,20220625130155,,,50,,,Y,2,2
709,태흥1리마을회,GN000905,01,02,제주특별자치도 서귀포시 남원읍 태위로 817,33.283392,126.7332,20220617152035,20211128095706,20211128111258,20211128095706,,,50,,,Y,1,1
710,태흥2리마을회,GN000906,01,02,제주특별자치도 서귀포시 남원읍 태신로 14,33.2877438,126.7451812,20220625161030,20220625123726,20220625160657,20220625123726,,,50,,,Y,2,2
711,태흥2리마을회,GN000906,02,02,제주특별자치도 서귀포시 남원읍 태신로 14,33.2877438,126.7451812,20220617122034,20220402205429,20220403051345,20220402205429,,,50,,,Y,2,2
712,하례1리마을회,GN000908,01,02,제주특별자치도 서귀포시 남원읍 하례중앙로 95,33.2691801,126.6253963,20220617122039,20220530221834,20220617025915,20220520192916,,,50,,,Y,2,2
713,위미1리마을회,GN000909,01,02,제주특별자치도 서귀포시 남원읍 위미해안로 4-3,33.2737962,126.6572014,20220624231036,20220624163743,20220624205402,20220624163743,,,50,,,Y,2,2
714,신례1리마을회,GN000910,01,02,제주특별자치도 서귀포시 남원읍 신례중앙로 37,33.288158,126.627,20220625003045,20220624211310,20220625001327,20220624211310,,,50,,,Y,2,2
715,신례1리마을회,GN000910,02,02,제주특별자치도 서귀포시 남원읍 신례중앙로 37,33.288158,126.627,20220617122046,20220215232921,20220215233035,20220126182036,,,50,,,Y,2,2
716,밀레니엄빌,GN000911,01,02,제주특별자치도 서귀포시 보목로64번길 196,33.2452326,126.5900383,20220617122017,20210527154024,20210527154131,,,,50,,,Y,2,2
717,썬레이크빌제주휴양펜션,GN000912,01,02,제주특별자치도 서귀포시 성산읍 한도로 49,33.4674929,126.9133546,20220617122012,20210914184547,20210914185000,,,,50,,,Y,2,2
718,썬레이크빌제주휴양펜션,GN000912,02,02,제주특별자치도 서귀포시 성산읍 한도로 49,33.4674929,126.9133546,20220617122012,20210903144743,20210903145309,,,,50,,,Y,1,1
719,김녕리대충동 새마을회,GN000914,01,02,제주특별자치도 제주시 구좌읍 김녕리 2111,33.5516876,126.7471751,20220617122021,20210517114413,20210517114651,,,,50,,,Y,2,2
720,김녕리대충동 새마을회,GN000914,02,02,제주특별자치도 제주시 구좌읍 김녕리 2111,33.5516876,126.7471751,20220617122021,20210924203406,20210924203649,,,,50,,,Y,2,2
721,빨간풍차,GN000915,01,02,제주특별자치도 제주시 구좌읍 김녕남2길 36,33.554273,126.743644,20220617122030,20220310120418,20220310120538,20210924205901,,,50,,,Y,2,2
722,빨간풍차,GN000915,02,02,제주특별자치도 제주시 구좌읍 김녕남2길 36,33.554273,126.743644,20220617122030,20220314183428,20220315040455,20220314183428,,,50,,,Y,2,2
723,김녕새마을회(노인대학),GN000916,01,02,제주특별자치도 제주시 구좌읍 김녕로8길 14,33.553042,126.74875,20220617122028,20210322150531,20210322150958,,,,50,,,Y,1,1
724,욜로펜션,GN000917,01,02,제주특별자치도 제주시 구좌읍 문주란로 58,33.5192844,126.8883917,20220617122034,20220504103526,20220617025909,20220425135518,,,50,,,Y,2,2
725,성지,GN000918,01,02,제주특별자치도 서귀포시 동홍동로 10,33.2553967,126.5750731,20220617122031,20210527195227,20210527195427,,,,50,,,Y,2,2
726,성지,GN000918,02,02,제주특별자치도 서귀포시 동홍동로 10,33.2553967,126.5750731,20220617122031,20211202005731,20211202063359,20211202005731,,,50,,,Y,2,2
727,파밀리아 호텔,GN000920,01,02,제주특별자치도 서귀포시 대포동서로 63-20,33.2409534,126.4380047,20220617122046,20220611165910,20220611173757,20220611165910,,,50,,,Y,2,2
728,파밀리아 호텔,GN000920,02,02,제주특별자치도 서귀포시 대포동서로 63-20,33.2409534,126.4380047,20220617122046,20220615132743,20220615133431,20220615132743,,,50,,,Y,2,2
729,마니주민박,GN000921,01,02,제주특별자치도 제주시 도두1동 1688-9,33.5089565,126.4722161,20220621130053,20220621124154,20220621125608,20220621124154,,,50,,,Y,2,2
730,㈜에스피오엘 제주지점(빌레리조트),GN000922,01,02,제주특별자치도 제주시 애월읍 고내로13길 79,33.471411,126.3473746,20220625201047,20220625183722,20220625200150,20220625183722,,,50,,,Y,2,2
731,㈜에스피오엘 제주지점(빌레리조트),GN000922,02,02,제주특별자치도 제주시 애월읍 고내로13길 79,33.471411,126.3473746,20220624181043,20220624162857,20220624180145,20220624162857,,,50,,,Y,2,2
732,대웅투민박,GN000925,01,02,제주특별자치도 제주시 애월읍 구엄리 348-5,33.4813126,126.3833738,20220617122020,20220424223244,20220424223405,20220331184540,,,50,,,Y,2,2
733,대웅투민박,GN000925,02,02,제주특별자치도 제주시 애월읍 구엄리 348-5,33.4813126,126.3833738,20220617122020,20220429174405,20220430001953,20220429174405,,,50,,,Y,2,2
734,고투베드,GN000926,01,02,제주특별자치도 서귀포시 성산읍 서성일로 660,33.4273439,126.8550925,20220618094016,20220617184649,20220618012033,20220617184649,,,50,,,Y,2,2
735,고투베드,GN000926,02,02,제주특별자치도 서귀포시 성산읍 서성일로 660,33.4273439,126.8550925,20220617122016,20200810180649,20200810181014,,,,50,,,Y,2,2
736,아망뜨휴양펜션,GN000927,01,02,제주특별자치도 서귀포시 표선면 민속해안로 11,33.30608,126.8064068,20220617122012,20220409100435,20220409120217,20220409100435,,,50,,,Y,2,2
737,아망뜨휴양펜션,GN000927,02,02,제주특별자치도 서귀포시 표선면 민속해안로 11,33.30608,126.8064068,20220617122012,20210718105006,20210718105041,,,,50,,,Y,2,2
738,더갤러리,GN000928,01,02,제주특별자치도 제주시 조천읍 남조로 1717-24,33.4221248,126.6754879,20220624153049,20220624142759,20220624152517,20220624142759,,,50,,,Y,2,2
739,더갤러리,GN000928,02,02,제주특별자치도 제주시 조천읍 남조로 1717-24,33.4221248,126.6754879,20220617122033,20220220202622,20220220202808,20220104000623,,,50,,,Y,2,2
740,한남리마을회,GN000929,01,02,제주특별자치도 서귀포시 남원읍 한남리 359-2,33.311867,126.695213,20220617122032,20220407210150,20220407210701,20220123122001,,,50,,,Y,2,2
741,바사팬스파,GN000930,01,02,제주특별자치도 제주시 한경면 한경해안로 448-6,33.3401641,126.1683622,20220617122047,20200804162959,20200804163827,,,,50,,,Y,2,2
742,바사팬스파,GN000930,02,02,제주특별자치도 제주시 한경면 한경해안로 448-6,33.3401641,126.1683622,20220617122047,20200804162749,20200804162852,,,,50,,,Y,2,2
743,제주또올레,GN000931,01,02,제주특별자치도 제주시 한경면 판포2길 44,33.3608573,126.2013471,20220617184043,20220617183323,20220617183612,20220304202210,,,50,,,Y,2,2
744,제주또올레,GN000931,02,02,제주특별자치도 제주시 한경면 판포2길 44,33.3608573,126.2013471,20220617122046,20220603140100,20220603140110,20220520201755,,,50,,,Y,2,2
745,리치호텔,GN000932,01,02,제주특별자치도 제주시 애월읍 고내로13길 100,33.4720296,126.3489132,20220625110040,20220624205132,20220625004725,20220624205132,,,50,,,Y,2,2
746,리치호텔,GN000932,02,02,제주특별자치도 제주시 애월읍 고내로13길 100,33.4720296,126.3489132,20220624165038,20220624125355,20220624151955,20220624125355,,,50,,,Y,2,2
747,하모1리마을회,GN000933,01,02,제주특별자치도 서귀포시 대정읍 최남단해안로125번길 47,33.216025,126.25755,20220617122037,20220526215634,20220617025909,,,,50,,,Y,2,2
748,상모1리마을회,GN000934,01,02,제주특별자치도 서귀포시 대정읍 상모인성로 18,33.226368,126.269463,20220617122035,20220525104030,20220525104129,20211002183441,,,50,,,Y,2,2
749,상모1리마을회,GN000934,02,02,제주특별자치도 서귀포시 대정읍 상모인성로 18,33.226368,126.269463,20220617122035,20220529235420,20220530021503,20220529235420,,,50,,,Y,2,2
750,용흥리새마을회,GN000935,01,02,제주특별자치도 제주시 애월읍 신용로 144,33.4587107,126.3690552,20220621164045,20220621154251,20220621163735,20220621154251,,,50,,,Y,2,2
751,용흥리새마을회,GN000935,02,02,제주특별자치도 제주시 애월읍 신용로 144,33.4587107,126.3690552,20220617122040,20220603184945,20220603220526,20220603184945,,,50,,,Y,2,2
752,봉개동마을운영회,GN000936,01,02,제주특별자치도 제주시 봉개북1길 7,33.491287,126.5950163,20220623225044,20220623184226,20220623224624,20220623184226,,,50,,,Y,2,2
753,봉개동마을운영회,GN000936,02,02,제주특별자치도 제주시 봉개북1길 7,33.491287,126.5950163,20220625154040,20220625041355,20220625081432,20220625153358,,,50,,,Y,3,3
754,중문예촌펜션,GN000937,01,02,제주특별자치도 서귀포시 상예로 249-9,33.2680579,126.3938882,20220617122028,20220603211254,20220604020201,20220603211254,,,50,,,Y,2,2
755,제주와요,GN000938,01,02,제주특별자치도 제주시 조천읍 조천남4길 4,33.5329945,126.6385631,20220617122026,20220608174913,20220608180729,20220607224400,,,50,,,Y,2,2
756,여유펜션매점,GN000939,01,02,제주특별자치도 서귀포시 성산읍 한도로 23,33.4664908,126.9109565,20220625231030,20220624235724,20220625044410,20220625230032,,,50,,,Y,3,3
757,주식회사 아라온제주,GN000940,01,02,제주특별자치도 제주시 일주서로 7592-4,33.4947942,126.4580497,20220625181014,20220625162052,20220625180801,20220625162052,,,50,,,Y,2,2
758,주식회사 아라온제주,GN000940,02,02,제주특별자치도 제주시 일주서로 7592-4,33.4947942,126.4580497,20220617122016,20220408160336,20220408160519,20220331182443,,,50,,,Y,2,2
759,포에마,GN000941,01,02,제주특별자치도 제주시 한림읍 명월로 13,33.3916358,126.2647641,20220617162055,20220415152430,20220415152733,,,,50,,,Y,2,2
760,포에마,GN000941,02,02,제주특별자치도 제주시 한림읍 명월로 13,33.3916358,126.2647641,20220617122048,20220603232116,20220604044707,20220603232116,,,50,,,Y,2,2
761,바다그리기,GN000942,01,02,제주특별자치도 제주시 한림읍 옹포2길 16,33.3993553,126.2500403,20220618145042,20220618112914,20220618144801,20220618112914,,,50,,,Y,2,2
762,바다그리기,GN000942,02,02,제주특별자치도 제주시 한림읍 옹포2길 16,33.3993553,126.2500403,20220617122046,20220521203918,20220521234015,20220521203918,,,50,,,Y,2,2
763,애니카랜드삼화점(한일자동차),GN000943,01,02,제주특별자치도 제주시 동화로 24,33.5180279,126.5726538,20220617122045,20220529164930,20220529165033,20220306180545,,,50,,,Y,2,2
764,돔그라미,GN000944,01,02,제주특별자치도 서귀포시 표선면 가시로 137,33.3357369,126.80961,20220617122042,20220615232125,20220616073714,20220615232125,,,50,,,Y,2,2
765,제주양로원,GN000945,01,02,제주특별자치도 제주시 장군내길 68-1,33.4737596,126.4485375,20220620153104,20220620075819,20220620110928,20220620075819,,,50,,,Y,2,2
766,제주양로원,GN000945,02,02,제주특별자치도 제주시 장군내길 68-1,33.4737596,126.4485375,20220624144053,20220624085917,20220624114549,20220624085917,,,50,,,Y,2,2
767,한담누리게스트하우스,GN000946,01,02,제주특별자치도 제주시 애월읍 일주서로 6158,33.4593045,126.3123465,20220617122041,20200328170902,20200328203617,,,,50,,,Y,2,2
768,한담누리게스트하우스,GN000946,02,02,제주특별자치도 제주시 애월읍 일주서로 6158,33.4593045,126.3123465,20220618070044,20220617173142,20220617193535,20220617173142,,,50,,,Y,2,2
769,빠담빠담게스트하우스,GN000948,01,02,제주특별자치도 서귀포시 표선면 돈오름로 198-4,33.3296201,126.8182094,20220617122037,20200103181017,20200103235635,,,,50,,,Y,2,2
770,빠담빠담게스트하우스,GN000948,02,02,제주특별자치도 서귀포시 표선면 돈오름로 198-4,33.3296201,126.8182094,20220617122037,20220513070858,20220513071402,,,,50,,,Y,2,2
771,게스트하우스에버,GN000949,01,02,제주특별자치도 서귀포시 성산읍 한도로 67,33.4682697,126.9153818,20220617122035,20210611152839,20210611153126,,,,50,,,Y,2,2
772,게스트하우스에버,GN000949,02,02,제주특별자치도 서귀포시 성산읍 한도로 67,33.4682697,126.9153818,20220617122035,20220528160444,20220528170406,20220528160444,,,50,,,Y,2,2
773,알랑가하우스,GN000951,01,02,제주특별자치도 서귀포시 안덕면 사계남로153번길 2,33.2288895,126.306469,20220625204041,20220625193025,20220625203804,20220625193025,,,50,,,Y,2,2
774,성산핫플게스트하우스,GN000953,01,02,제주특별자치도 서귀포시 성산읍 한도로242번길 8,33.4660883,126.9328138,20220617122035,20220123171352,20220123171901,,,,50,,,Y,2,2
775,성산핫플게스트하우스,GN000953,02,02,제주특별자치도 서귀포시 성산읍 한도로242번길 8,33.4660883,126.9328138,20220617122035,20210722195833,20210722195953,,,,50,,,Y,2,2
776,모루티,GN000954,01,02,제주특별자치도 서귀포시 이어도로 986-1,33.2414045,126.5183755,20220624203030,20220624174831,20220624202808,20220624174831,,,50,,,Y,2,2
777,모루티,GN000954,02,02,제주특별자치도 서귀포시 이어도로 986-1,33.2414045,126.5183755,20220617122032,20220504202322,20220504230343,20220504202322,,,50,,,Y,2,2
778,귤낭하우스,GN000955,01,02,제주특별자치도 서귀포시 이어도로 1028-12,33.2430354,126.5218872,20210430122310,,,,,,50,,,Y,9,9
779,귤낭하우스,GN000955,02,02,제주특별자치도 서귀포시 이어도로 1028-12,33.2430354,126.5218872,20220617122034,20220617082402,20220617082402,20220610220505,,,50,,,Y,2,2
780,무거,GN000965,01,02,제주특별자치도 제주시 조천읍 조함해안로 356,33.5489909,126.655053,20220625200045,20220625100450,20220625100450,20220625195943,,,50,,,Y,3,3
781,무거,GN000965,02,02,제주특별자치도 제주시 조천읍 조함해안로 356,33.5489909,126.655053,20220617122039,20200208184724,20200208185815,,,,50,,,Y,2,2
782,장안그랜드빌리지자치회,GN000966,01,02,제주특별자치도 서귀포시 문필로 54,33.2417409,126.5975106,20220617122038,20220610204538,20220611024219,20220610204538,,,50,,,Y,2,2
783,금원앙상블9차자치위원회,GN000967,01,02,제주특별자치도 제주시 삼봉로 299-28,33.4954103,126.5952963,20220617122028,20220605222915,20220606063845,20220605222915,,,50,,,Y,2,2
784,LH제주지역본부,GN000968,01,02,제주특별자치도 제주시 전농로 100,33.5040842,126.5237266,20220624112028,20220621164437,20220621233958,20220624111001,,,50,,,Y,3,3
785,원신아파트,GN007089,01,02,제주특별자치도 제주시 신성로2길 45,33.4949104,126.5263105,20220622042040,20220621184006,20220621215529,20220621184006,,,50,,,Y,2,2
786,에코하우스아파트,GN007090,01,02,제주특별자치도 제주시 신성마을1길 62,33.4961855,126.4843571,20220623212049,20220623183157,20220623211709,20220623183157,,,50,,,Y,2,2
787,에코하우스아파트,GN007090,02,02,제주특별자치도 제주시 신성마을1길 62,33.4961855,126.4843571,20220620083054,20220619233645,20220620055744,20220619233645,,,50,,,Y,2,2
788,삼성뜨래별아파트,GN022949,01,02,제주특별자치도 제주시 홍랑길 26-17,33.5024209,126.5240053,20220625234010,20220623230631,20220624064302,20220625233308,,,50,,,Y,3,3
789,라오체효돈아파트,GN023077,01,02,제주특별자치도 서귀포시 신효로 30,33.263276,126.6139348,20220621120106,20220621110359,20220621115950,20220621110359,,,50,,,Y,2,2
790,㈜돔베낭골,GN030460,01,02,제주특별자치도 서귀포시 태평로92번길 34,33.2414425,126.5311286,20220617122033,20220419201144,20220419221808,20220419201144,,,50,,,Y,2,2
791,㈜돔베낭골,GN030460,02,02,제주특별자치도 서귀포시 태평로92번길 34,33.2414425,126.5311286,20220623145031,20220623140103,20220623144325,20220623140103,,,50,,,Y,2,2
792,모슬포2호텔,GN030634,01,02,제주특별자치도 서귀포시 대정읍 최남단해안로30번길 13,33.2177324,126.250722,20220617122037,20220611201800,20220612004628,20220611201800,,,50,,,Y,2,2
793,모슬포2호텔,GN030634,02,02,제주특별자치도 서귀포시 대정읍 최남단해안로30번길 13,33.2177324,126.250722,20220617122037,20220616111728,20220616115116,20220616111728,,,50,,,Y,2,2
794,모슬포1호텔,GN030650,01,02,제주특별자치도 서귀포시 대정읍 최남단해안로30번길 11,33.2177382,126.2509158,20220617122043,20220430103655,20220430103703,20220220125707,,,50,,,Y,2,2
795,모슬포1호텔,GN030650,02,02,제주특별자치도 서귀포시 대정읍 최남단해안로30번길 11,33.2177382,126.2509158,20220617122043,20220615211028,20220616020058,20220615211028,,,50,,,Y,2,2
796,비원모텔,GN100197,01,02,제주특별자치도 제주시 남성로 129-4,33.5093711,126.5193622,20220625132035,20220625114345,20220625131036,20220625114345,,,50,,,Y,2,2
797,비원모텔,GN100197,02,02,제주특별자치도 제주시 남성로 129-4,33.5093711,126.5193622,20220617122039,20220505120223,20220505123050,20220505120223,,,50,,,Y,2,2
798,제주올레호텔,GN100198,01,02,제주특별자치도 제주시 삼무로5길 8,33.4902618,126.4919638,20220623201043,20220623170618,20220623200116,20220623170618,,,50,,,Y,2,2
799,제주올레호텔,GN100198,02,02,제주특별자치도 제주시 삼무로5길 8,33.4902618,126.4919638,20220617122045,20220612142809,20220612145723,20220612142809,,,50,,,Y,2,2
800,로만토피아,GN100199,01,02,제주특별자치도 서귀포시 표선면 중산간동로5220번길 37,33.3515253,126.7673404,20220617122042,20220617111106,20220617111222,20220603163645,,,50,,,Y,2,2
801,로만토피아,GN100199,02,02,제주특별자치도 서귀포시 표선면 중산간동로5220번길 37,33.3515253,126.7673404,20220617122042,20220617111309,20220617111444,20220407192500,,,50,,,Y,2,2
802,오랑제리펜션,GN100200,01,02,제주특별자치도 서귀포시 법환상로2번길 58,33.2447318,126.5144909,20220625224045,20220309155140,20220309165219,20220309155140,,,50,,,Y,1,1
803,오랑제리펜션,GN100200,02,02,제주특별자치도 서귀포시 법환상로2번길 58,33.2447318,126.5144909,20220617122046,20211104185928,20211104211015,20211104185928,,,50,,,Y,1,1
804,베네치아호텔,GN100201,01,02,제주특별자치도 서귀포시 중앙로 23-2,33.2467891,126.5614843,20220617122047,20211012231259,20211012231431,,,,50,,,Y,2,2
805,베네치아호텔,GN100201,02,02,제주특별자치도 서귀포시 중앙로 23-2,33.2467891,126.5614843,20220617122047,20220524104750,20220524105347,20220524104750,,,50,,,Y,2,2
806,무궁화모텔,GN100202,01,02,제주특별자치도 제주시 서사로 16,33.5110361,126.519307,20220617122041,20220509144337,20220509172552,20220509144337,,,50,,,Y,2,2
807,세진자동차공업사,GN100204,01,02,제주특별자치도 제주시 화남로 12,33.5169061,126.5629507,20220617122017,20220613131610,20220613143908,20220613131610,,,50,,,Y,2,2
808,글로벌투어,GN100205,02,02,제주특별자치도 제주시 오광로 189,33.48064,126.46505,20220625224013,20220625085825,20220625165821,20220625085825,,,50,,,Y,2,2
809,폴에이리조트,GN100206,01,02,제주특별자치도 서귀포시 월드컵로45번길 40,33.2446424,126.51206,20220621094025,20220620184240,20220621003821,20220620184240,,,50,,,Y,2,2
810,폴에이리조트,GN100206,02,02,제주특별자치도 서귀포시 월드컵로45번길 40,33.2446424,126.51206,20220625192022,20220625155415,20220625174435,20220625191012,,,50,,,Y,3,3
811,농업회사법인가뫼물,GN100207,01,02,제주특별자치도 서귀포시 남원읍 남위남성로 168,33.2899969,126.6934608,20220420160310,20210923124427,20210923144235,20210923124427,,,50,,,Y,9,9
812,농업회사법인가뫼물,GN100207,02,02,제주특별자치도 서귀포시 남원읍 남위남성로 168,33.2899969,126.6934608,20220420160310,20211104105509,20211104123628,20211028134317,,,50,,,Y,9,9
813,오아시스휴양펜션,GN100209,01,02,제주특별자치도 서귀포시 상효로 74-10,33.2666381,126.5992516,20220617122027,20220517140032,20220517140121,,,,50,,,Y,2,2
814,오아시스휴양펜션,GN100209,02,02,제주특별자치도 서귀포시 상효로 74-10,33.2666381,126.5992516,20220617122027,20220616093455,20220616093731,,,,50,,,Y,2,2
815,준민박,GN100216,01,02,제주특별자치도 제주시 구좌읍 일주동로 3031,33.5274517,126.8452785,20220625194051,20220624192246,20220624232613,20220625193752,,,50,,,Y,3,3
816,준민박,GN100216,02,02,제주특별자치도 제주시 구좌읍 일주동로 3031,33.5274517,126.8452785,20220624013106,20220623221605,20220624012231,20220623221605,,,50,,,Y,2,2
817,주식회사 이레,GN100217,01,02,제주특별자치도 서귀포시 표선면 번영로 2564-21,33.4026949,126.7786354,20220619115033,20220619110158,20220619114605,20220619110158,,,50,,,Y,2,2
818,주식회사 이레,GN100217,02,02,제주특별자치도 서귀포시 표선면 번영로 2564-21,33.4026949,126.7786354,20220623210036,20220620133042,20220620140454,20220620133042,,,50,,,Y,2,2
819,온더스톤,GN100219,01,02,제주특별자치도 서귀포시 성산읍 해맞이해안로 2746,33.4702545,126.9178471,20220617122028,20220606203631,20220607044242,20220606203631,,,50,,,Y,1,1
820,온더스톤,GN100219,02,02,제주특별자치도 서귀포시 성산읍 해맞이해안로 2746,33.4702545,126.9178471,20220624191026,20220624151228,20220624190510,20220624151228,,,50,,,Y,2,2
821,제주특별자치도관광협회,GN100220,01,02,제주특별자치도 제주시 첨단로 213-65,33.48624,126.4991432,20220624152016,20220624114529,20220624151847,20220624114529,,,50,,,Y,2,2
822,제주특별자치도관광협회,GN100220,02,02,제주특별자치도 제주시 첨단로 213-65,33.48624,126.4991432,20220624134016,20220624082537,20220624133335,20220624082537,,,50,,,Y,2,2
823,제주특별자치도관광협회,GN100220,03,02,제주특별자치도 제주시 첨단로 213-65,33.48624,126.4991432,20220624180017,20220624081922,20220624175650,20220624081922,,,50,,,Y,2,2
824,마린포트,GN100222,01,02,제주특별자치도 서귀포시 이어도로 744,33.2354585,126.4948242,20220619141045,20220404181705,20220405001805,20220404181705,,,50,,,Y,2,2
825,마린포트,GN100222,02,02,제주특별자치도 서귀포시 이어도로 744,33.2354585,126.4948242,20220617192051,20220617184643,20220617191458,20220617184643,,,50,,,Y,2,2
826,북촌플레이스,GN100224,01,02,제주특별자치도 제주시 조천읍 일주동로 1435,33.5456752,126.6881035,20220617122043,20220411195605,20220411195840,20220109151515,,,50,,,Y,2,2
827,북촌플레이스,GN100224,02,02,제주특별자치도 제주시 조천읍 일주동로 1435,33.5456752,126.6881035,20220617122043,20220606170457,20220606170950,20220521141953,,,50,,,Y,2,2
828,티나모텔,GN100239,01,02,제주특별자치도 제주시 서광로19길 21,33.5016367,126.5203597,20220624183032,20220624175612,20220624182938,20220624175612,,,50,,,Y,2,2
829,티나모텔,GN100239,02,02,제주특별자치도 제주시 서광로19길 21,33.5016367,126.5203597,20220622211033,20220622190204,20220622210013,20220622190204,,,50,,,Y,2,2
830,보롬코지펜션,GN100240,01,02,제주특별자치도 제주시 구좌읍 해맞이해안로 402,33.559298,126.7925866,20220621161039,20220621133721,20220621154818,20220621133721,,,50,,,Y,2,2
831,보롬코지펜션,GN100240,02,02,제주특별자치도 제주시 구좌읍 해맞이해안로 402,33.559298,126.7925866,20220617122038,20220127093326,20220127093427,20220116220334,,,50,,,Y,1,1
832,펜션정원,GN100250,01,02,제주특별자치도 서귀포시 남원읍 일주동로 6523,33.3064196,126.7751669,20220617122032,20220615221236,20220616065321,20220615221236,,,50,,,Y,2,2
833,펜션정원,GN100250,02,02,제주특별자치도 서귀포시 남원읍 일주동로 6523,33.3064196,126.7751669,20220617122032,20220512130714,20220512130747,20220412113959,,,50,,,Y,2,2
834,호텔이디,GN100251,01,02,제주특별자치도 서귀포시 남원읍 태위로 690-3,33.2792156,126.7204697,20220617150038,20220617145548,20220617145719,,,,50,,,Y,2,2
835,호텔이디,GN100251,02,02,제주특별자치도 서귀포시 남원읍 태위로 690-3,33.2792156,126.7204697,20220617150038,20220617145417,20220617145543,,,,50,,,Y,2,2
836,㈜송원,GN100252,01,02,제주특별자치도 제주시 신성로13길 25-1,33.4980246,126.5303842,20220617152035,20220617151156,20220617151217,20220617112943,,,50,,,Y,2,2
837,㈜송원,GN100252,02,02,제주특별자치도 제주시 신성로13길 25-1,33.4980246,126.5303842,20220622193036,20220622112700,20220622192522,20220622112700,,,50,,,Y,2,2
838,이아호텔,GN100253,01,02,제주특별자치도 서귀포시 중정로 36,33.2473574,126.5602243,20220617122035,20211226133117,20211226152815,20211008193752,,,50,,,Y,2,2
839,모이라펜션,GN100254,01,02,제주특별자치도 서귀포시 516로 296,33.279083,126.5871461,20220617122040,20220613192029,20220613230611,20220613192029,,,50,,,Y,2,2
840,모이라펜션,GN100254,02,02,제주특별자치도 서귀포시 516로 296,33.279083,126.5871461,20220617122040,20220614203821,20220614222911,20220614203821,,,50,,,Y,2,2
841,메모리모텔,GN100255,01,02,제주특별자치도 제주시 평전1길 1,33.5003426,126.5189695,20220617122038,20220601102514,20220601102617,,,,50,,,Y,2,2
842,메모리모텔,GN100255,02,02,제주특별자치도 제주시 평전1길 1,33.5003426,126.5189695,20220617122038,20211216184130,20211216184334,,,,50,,,Y,2,2
843,풍경채대촌미락,GN100256,01,02,제주특별자치도 제주시 조천읍 조함해안로 482-1,33.5428356,126.6644534,20220624074042,20220623203845,20220623234933,20220623203845,,,50,,,Y,2,2
844,풍경채대촌미락,GN100256,02,02,제주특별자치도 제주시 조천읍 조함해안로 482-1,33.5428356,126.6644534,20220625224044,20220625110818,20220625121925,20220625110818,,,50,,,Y,2,2
845,그린모텔,GN100257,01,02,제주특별자치도 제주시 공설로 15,33.4985487,126.5166426,20220617122042,20211212110713,20211212123322,20211212110713,,,50,,,Y,1,1
846,파인힐호텔,GN100263,01,02,제주특별자치도 서귀포시 부두로 44,33.241383,126.5644852,20220617122010,20220501190650,20220617025840,20220314175343,,,50,,,Y,2,2
847,강정포구횟집,GN100264,01,02,제주특별자치도 서귀포시 말질로 274,33.22873,126.47582,20220625121013,20220625083959,20220625111039,20220625083959,,,50,,,Y,2,2
848,강정포구횟집,GN100264,02,02,제주특별자치도 서귀포시 말질로 274,33.22873,126.47582,20220625122013,20220625092337,20220625113008,20220625092337,,,50,,,Y,2,2
849,마빈,GN100266,01,02,제주특별자치도 제주시 조천읍 일주동로 1532,33.5489666,126.6974839,20220621072044,20220620170522,20220621022616,20220620170522,,,50,,,Y,2,2
850,마빈,GN100266,02,02,제주특별자치도 제주시 조천읍 일주동로 1532,33.5489666,126.6974839,20220625102046,20220624185457,20220624211035,20220624185457,,,50,,,Y,2,2
851,바람불어좋은날,GN100267,01,02,제주특별자치도 서귀포시 안덕면 사계로 68,33.2371434,126.2978758,20220617122045,20220605134340,20220605134528,20220529202100,,,50,,,Y,2,2
852,제이뷰호텔,GN100269,01,02,제주특별자치도 서귀포시 중산간서로 935,33.2647421,126.4164709,20220625221042,20220625212935,20220625220540,20220625212935,,,50,,,Y,2,2
853,제이뷰호텔,GN100269,02,02,제주특별자치도 서귀포시 중산간서로 935,33.2647421,126.4164709,20220617122042,20220610091911,20220617030409,20220604081238,,,50,,,Y,2,2
854,해든빌레펜션,GN100270,01,02,제주특별자치도 서귀포시 남원읍 자배오름로139번길 149,33.2921973,126.6611686,20220625003025,20220617142728,20220617142830,20220421220044,,,50,,,Y,1,1
855,해든빌레펜션,GN100270,02,02,제주특별자치도 서귀포시 남원읍 자배오름로139번길 149,33.2921973,126.6611686,20220618060025,20220617181909,20220617231010,20220617181909,,,50,,,Y,2,2
856,제주오토갤러리,GN100271,01,02,제주특별자치도 제주시 화남로 8,33.5172614,126.5624866,20220617122030,20220512143533,20220512143637,20220418164242,,,50,,,Y,2,2
857,제주오토갤러리,GN100271,02,02,제주특별자치도 제주시 화남로 8,33.5172614,126.5624866,20220617122030,20210726110109,20210726110131,,,,50,,,Y,2,2
858,대한예수교장로회 모슬포제일교회,GN100272,01,02,제주특별자치도 서귀포시 대정읍 신영로 65-12,33.221422,126.2498994,20220617122030,20220106142217,20220106142353,,,,50,,,Y,2,2
859,대한예수교장로회 모슬포제일교회,GN100272,02,02,제주특별자치도 서귀포시 대정읍 신영로 65-12,33.221422,126.2498994,20220617122030,20210622140326,20210622211411,,,,50,,,Y,2,2
860,정원파인즈13차,GN100273,01,02,제주특별자치도 제주시 연북로 203,33.482634,126.5029481,20220625071029,20220619175052,20220619182930,20220619175052,,,50,,,Y,2,2
861,정원파인즈13차,GN100273,02,02,제주특별자치도 제주시 연북로 203,33.482634,126.5029481,20220621074028,20220620215134,20220621062604,20220620215134,,,50,,,Y,2,2
862,정원파인즈13차,GN100273,03,02,제주특별자치도 제주시 연북로 203,33.482634,126.5029481,20220625214027,20220625141427,20220625183759,20220625212959,,,50,,,Y,3,3
863,로하스펜션,GN100280,01,02,제주특별자치도 서귀포시 안덕면 사계로 62,33.23675,126.29789,20220617122012,20220523174954,20220523201607,20220523174954,,,50,,,Y,2,2
864,대한예수교장로회 표선교회,GN100285,01,02,제주특별자치도 서귀포시 표선면 표선관정로 16,33.3288343,126.8237046,20220617122049,20220529003305,20220529003317,20220102193926,,,50,,,Y,2,2
865,무수천주유소,GS000032,01,04,제주특별자치도 제주시 노형로 45,33.463228,126.452021,20220625204332,20220625200123,20220625202721,20220625200123,,,50,,,Y,2,2
866,무수천주유소,GS000032,02,04,제주특별자치도 제주시 노형로 45,33.463228,126.452021,20220625163232,20220625063510,20220625070639,20220625063510,,,50,,,Y,2,2
867,무수천주유소,GS000032,03,05,제주특별자치도 제주시 노형로 45,33.463228,126.452021,20220619200818,20220614121353,20220614121355,20220614121353,,,50,,,Y,2,2
868,중문관광단지충전소,GS000037,01,05,제주특별자치도 서귀포시 일주서로 1076,33.262971,126.398324,20220427172406,,,,,,50,,,Y,1,1
869,중문관광단지충전소,GS000037,02,05,제주특별자치도 서귀포시 일주서로 1076,33.262971,126.398324,20220427172406,,,,,,50,,,Y,1,1
870,제주혁신도시주유소,GS000051,01,04,제주특별자치도 서귀포시 일주동로 9144,33.248180,126.516228,20220625220629,20220625210016,20220625220506,20220625210016,,,50,,,Y,2,2
871,제주혁신도시주유소,GS000051,02,04,제주특별자치도 서귀포시 일주동로 9144,33.248180,126.516228,20220624190736,20220624180354,20220624190633,20220624180354,,,50,,,Y,2,2
872,노을코지(제주),GS000089,01,04,제주특별자치도 제주시 서해안로 386,33.5129184,126.4824358,20220610184628,,,,200,단독,50,,,Y,1,1
873,노을코지(제주),GS000089,02,04,제주특별자치도 제주시 서해안로 386,33.5129184,126.4824358,20220610184628,,,,200,단독,50,,,Y,1,1
874,토비스콘도(제주),GS000090,01,04,제주특별자치도 제주시 애월읍 애월로1길 8,33.4630468,126.3099424,,,,,200,단독,50,,,Y,9,9
875,토비스콘도(제주),GS000090,02,04,제주특별자치도 제주시 애월읍 애월로1길 8,33.4630468,126.3099424,,,,,200,단독,50,,,Y,9,9
876,제주 새빌 E-pit,HD000018,01,04,제주특별자치도 제주시 애월읍 평화로 1513,33.3612831,126.3639863,20220625212000,,,,260,단독,50,,,Y,2,2
877,제주 새빌 E-pit,HD000018,02,04,제주특별자치도 제주시 애월읍 평화로 1513,33.3612831,126.3639863,20220625125509,,,,260,단독,50,,,Y,2,2
878,제주 새빌 E-pit,HD000018,03,04,제주특별자치도 제주시 애월읍 평화로 1513,33.3612831,126.3639863,20220625080501,,,,260,단독,50,,,Y,2,2
879,제주 새빌 E-pit,HD000018,04,04,제주특별자치도 제주시 애월읍 평화로 1513,33.3612831,126.3639863,20220625194006,,,,260,단독,50,,,Y,2,2
880,제주 새빌 E-pit,HD000018,05,04,제주특별자치도 제주시 애월읍 평화로 1513,33.3612831,126.3639863,20220623220500,,,,100,단독,50,,,Y,2,2
881,제주 새빌 E-pit,HD000018,06,04,제주특별자치도 제주시 애월읍 평화로 1513,33.3612831,126.3639863,20220625194506,,,,100,단독,50,,,Y,2,2
882,제주 연북로지점,HD010003,01,04,제주특별자치도 제주시 연북로 454,33.48039,126.52914,20220625155530,,,,350,단독,50,,,Y,2,2
883,제주 서귀포지점,HD010004,01,04,제주특별자치도 서귀포시 일주동로 8914,33.25297,126.54189,20220625204530,,,,350,단독,50,,,Y,2,2
884,GS25 너울빌리지점,HE000001,01,06,제주특별자치도 제주시 한경면 일주서로4469,33.3628047,126.1933057,20220625104810,20220618214311,20220618214330,20220617153338,50,단독,50,,,N,9,9
885,현대자동차 블루핸즈 노형북부점,HE000002,01,06,제주특별자치도 제주시 월광로 43,33.4854929,126.4654341,20220625104810,20210719204815,20210719222537,,50,단독,50,,,N,9,9
886,현대자동차 블루핸즈 한림점,HE000003,01,06,제주특별자치도 제주시 한림읍 일주서로 5697,33.435865,126.277641,20220625104810,,,,50,단독,50,,,N,9,9
887,현대자동차 블루핸즈 아라점,HE000004,01,02,제주특별자치도 제주시 아봉로11,33.478463,126.545241,20220611220325,20220531184128,20220531230520,20220531224329,7,단독,50,,,N,2,2
888,현대자동차 블루핸즈 연동점,HE000005,01,02,제주특별자치도 제주시 신대로21길34-1,33.4819609,126.500229,20220624044100,20220620204246,20220621063912,20220621054640,7,단독,50,,,N,2,2
889,GS25 안덕서광점,HE000006,01,06,제주특별자치도 서귀포시 안덕면 중산간서로 18821882,33.2892419,126.3220016,20220625195025,20220625125911,20220625130637,20220625194643,50,단독,50,,,N,2,2
890,제주지방합동청사,HE000008,01,06,제주특별자치도 제주시 청사로 59,33.4908611,126.5248524,20220625104810,20220623130340,20220623135155,20220623145341,50,단독,50,,,Y,9,9
891,제주지방합동청사,HE000008,02,02,제주특별자치도 제주시 청사로 59,33.4908611,126.5248524,20220625224530,20220625201646,20220625220830,20220625212043,7,단독,50,,,Y,2,2
892,라마다호텔 제주,HE000009,01,02,제주특별자치도 제주시 탑동로 66,33.518897,126.51796,20220625204224,20220625172239,20220625200757,20220625192643,7,단독,50,,,Y,3,3
893,라마다호텔 제주,HE000009,02,02,제주특별자치도 제주시 탑동로 66,33.518897,126.51796,20220625170724,20220624212728,20220625103802,20220625161743,7,단독,50,,,Y,2,2
894,형제공업사,HE000010,01,06,제주특별자치도 제주시 일주서로 7266,33.491718,126.423656,20220625104810,20220329112901,20220329113219,20220621020340,50,단독,50,,,Y,9,9
895,탑동2공영주차장,HE000011,01,06,제주특별자치도 제주시 삼도2동1257,33.5183217,126.5197945,20220625104810,20211101181828,20211101184859,,50,단독,50,,,N,9,9
896,탑동2공영주차장,HE000011,02,02,제주특별자치도 제주시 삼도2동1257,33.5183217,126.5197945,20220625104810,20210725132243,20210725133401,,7,단독,50,,,N,9,9
897,제주대학교 병원,HE000012,01,06,제주특별자치도 제주시 아란13길15,33.4671206,126.5454466,20220625104810,20210413100931,20210413113616,,50,단독,50,,,N,9,9
898,제주대학교 병원,HE000012,02,02,제주특별자치도 제주시 아란13길15,33.4671206,126.5454466,20220625223923,20220625172752,20220625195558,20220625223901,7,단독,50,,,N,3,3
899,제주대학교 병원,HE000012,03,02,제주특별자치도 제주시 아란13길15,33.4671206,126.5454466,20220625224024,20220624140527,20220624153513,20220625224004,7,단독,50,,,N,2,2
900,제주대학교 병원,HE000012,04,05,제주특별자치도 제주시 아란13길15,33.4671206,126.5454466,20220625222225,20220625180139,20220625182241,20220625182543,50,단독,50,,,N,3,3
901,하귀농협 장례식장,HE000013,01,06,제주특별자치도 제주시 애조로405,33.4731331,126.4267375,20220625182325,20220625174431,20220625181249,20220625175543,50,단독,50,,,N,2,2
902,하귀농협 장례식장,HE000013,02,02,제주특별자치도 제주시 애조로405,33.4731331,126.4267375,20220624192205,20220623052654,20220623133037,20220623152004,7,단독,50,,,N,2,2
903,애월농협 하나로마트,HE000014,01,06,제주특별자치도 제주시 애원로41,33.4601535,126.3219983,20220625224423,20220625215226,20220625220032,20220625221943,50,단독,50,,,N,2,2
904,애월농협 하나로마트,HE000014,02,02,제주특별자치도 제주시 애원로41,33.4601535,126.3219983,20220625203424,20220625074400,20220625155238,20220625203405,7,단독,50,,,N,3,3
905,하귀농협 복지센터,HE000015,01,06,제주특별자치도 제주시 일주서로7020,33.4812569,126.4004138,20220625104810,20220509115805,20220509115831,20220508191214,50,단독,50,,,N,9,9
906,하귀농협 복지센터,HE000015,02,02,제주특별자치도 제주시 일주서로7020,33.4812569,126.4004138,20220625205032,,,20220625204846,7,단독,50,,,N,2,2
907,연동공영주차장,HE000016,01,02,"제주특별자치도 제주시 연동 272-31, 지상1층",33.4890251,126.4914698,20220625203623,20220625191300,20220625200025,20220625191443,7,단독,50,,,N,3,3
908,연동공영주차장,HE000016,02,02,"제주특별자치도 제주시 연동 272-31, 지상1층",33.4890251,126.4914698,20220625215922,20220625193825,20220625213527,20220625204043,7,단독,50,,,N,3,3
909,연동공영주차장,HE000016,03,02,"제주특별자치도 제주시 연동 272-31, 지상1층",33.4890251,126.4914698,20220625104810,,,,7,단독,50,,,N,9,9
910,연동공영주차장,HE000016,04,02,"제주특별자치도 제주시 연동 272-31, 지상1층",33.4890251,126.4914698,20220625192822,20220625185202,20220625185202,20220622213241,7,단독,50,,,N,3,3
911,한국충전본사,HE000017,01,06,제주특별자치도 제주시 연삼로 61,33.4938748,126.4990527,20220625143525,20220625141927,20220625143312,20220625142343,50,단독,50,,,Y,2,2
912,한국충전본사,HE000017,02,02,제주특별자치도 제주시 연삼로 61,33.4938748,126.4990527,20220625170324,20220618190922,20220619063333,20220625170302,7,단독,50,,,Y,2,2
913,한국충전본사,HE000017,06,05,제주특별자치도 제주시 연삼로 61,33.4938748,126.4990527,20220625224324,20220625173345,20220625180704,20220625173743,100,동시,50,,,Y,3,3
914,기아오토큐 오라대리점,HE000018,01,06,제주특별자치도 제주시 연삼로116,33.4928898,126.5046644,20220625164227,20220625121424,20220625130347,20220625121843,50,단독,50,,,N,3,3
915,롯데리아 제주외도 DT,HE000019,01,06,제주특별자치도 제주시 일주서로 7335,33.4932128,126.4307026,20220625220141,20220625175612,20220625183039,20220625180743,50,단독,50,,,Y,3,3
916,롯데리아 제주외도 DT,HE000019,02,02,제주특별자치도 제주시 일주서로 7335,33.4932128,126.4307026,20220625234031,20220625201302,20220625233616,20220625234005,7,단독,50,,,Y,2,2
917,제주공항 입구주차장,HE000020,01,06,제주특별자치도 제주시 다호북길7,33.5030755,126.4958523,20220625191027,20220624183658,20220624192701,20220625190743,7,단독,50,,,N,2,2
918,제주공항 입구주차장,HE000020,02,02,제주특별자치도 제주시 다호북길7,33.5030755,126.4958523,20220624162704,20220609095847,20220609200101,20220623152004,7,단독,50,,,N,2,2
919,일도이동공영주차장,HE000022,01,06,제주특별자치도 제주시 일도2동 488-1,33.5106021,126.5441736,20220625174629,20220625171017,20220625173213,20220625171343,50,단독,50,,,N,3,3
920,일도이동공영주차장,HE000022,02,02,제주특별자치도 제주시 일도2동 488-1,33.5106021,126.5441736,20220619100032,20220619094704,20220619095636,20220619094704,7,단독,50,,,N,2,2
921,조천농협 농산물산지유통센터,HE000023,01,06,제주특별자치도 제주시 일주동로757,33.5312277,126.6221792,20220626000030,,,,,,50,,,N,2,2
922,조천농협 농산물산지유통센터,HE000023,02,02,제주특별자치도 제주시 일주동로757,33.5312277,126.6221792,20220626000030,20210904183728,20210904210401,20220328145627,,,50,,,N,2,2
923,한경농협 하나로마트,HE000024,01,06,제주특별자치도 제주시 신한로 76,33.3466280,126.1904132,20220626000208,,,,,,50,,,N,2,2
924,한경농협 하나로마트,HE000024,02,02,제주특별자치도 제주시 신한로 76,33.3466280,126.1904132,20220626000208,,,,,,50,,,N,2,2
925,한경농협 하나로마트,HE000024,03,05,제주특별자치도 제주시 신한로 76,33.3466280,126.1904132,20220625195727,20220625150545,20220625151601,20220625193843,,,50,,,N,2,2
926,기아오토큐 화북대리점,HE000025,01,06,제주특별자치도 제주시 일주동로14,33.5118171,126.5492132,20220626000226,20220623175156,20220623180335,20220622181941,,,50,,,N,2,2
927,KT 성산포지사,HE000027,01,02,제주특별자치도 서귀포시 서성일로 1244-3,33.4467743,126.9116569,20220624172904,20220622125609,20220622173209,20220623124959,,,50,,,N,2,2
928,KT 성산포지사,HE000027,02,06,제주특별자치도 서귀포시 서성일로 1244-3,33.4467743,126.9116569,20220625202629,20220624141330,20220624151336,20220625194643,,,50,,,N,2,2
929,위미농협 하나로마트,HE000028,01,06,제주특별자치도 서귀포시 태위로126,33.2745963,126.6609490,20220625205825,20220625133846,20220625134832,20220625204843,,,50,,,N,2,2
930,위미농협 하나로마트,HE000028,02,02,제주특별자치도 서귀포시 태위로126,33.2745963,126.6609490,20220625115127,20220219205437,20220219213053,20220625115048,,,50,,,N,3,3
931,희준카센타,HE000029,01,06,제주특별자치도 서귀포시 일주서로2968,33.2469274,126.2222014,20200625011810,,,,,,50,,,N,9,9
932,약천사,HE000030,01,06,제주특별자치도 서귀포시 하원동 1698-1,33.2437120,126.4505592,20220625185126,20220625144909,20220625151728,20220625170343,,,50,,,N,2,2
933,약천사,HE000030,02,02,제주특별자치도 서귀포시 하원동 1698-1,33.2437120,126.4505592,20220625142724,20220622165551,20220622171255,20220625132303,,,50,,,N,2,2
934,코리아마트,HE000031,01,06,제주특별자치도 서귀포시 동홍서로 42-6,33.2523876,126.5701207,20220625165325,20220625153942,20220625155431,20220625154943,,,50,,,N,3,3
935,코리아마트,HE000031,02,02,제주특별자치도 서귀포시 동홍서로 42-6,33.2523876,126.5701207,20220625104810,,,,,,50,,,N,9,9
936,코리아마트,HE000031,03,02,제주특별자치도 서귀포시 동홍서로 42-6,33.2523876,126.5701207,20220625104810,,,,,,50,,,N,9,9
937,대유랜드,HE000032,01,06,제주특별자치도 서귀포시 상예로381,33.2770643,126.3943994,20220625174729,20220625162352,20220625164555,20220625165443,,,50,,,N,2,2
938,대유랜드,HE000032,02,02,제주특별자치도 서귀포시 상예로381,33.2770643,126.3943994,20220625162529,20220617104727,20220617104821,20220625162504,,,50,,,N,2,2
939,㈜상효원,HE000033,01,06,제주특별자치도 서귀포시 산록남로 2847-37,33.3067241,126.5852071,20220625184426,20220625182229,20220625182229,20220625182943,,,50,,,N,2,2
940,㈜상효원,HE000033,02,02,제주특별자치도 서귀포시 산록남로 2847-37,33.3067241,126.5852071,20220625172032,20220625152212,20220625170315,20220625172004,,,50,,,N,2,2
941,롯데호텔 제주,HE000034,01,06,제주특별자치도 서귀포시 중문관광로72번길35,33.2483165,126.4105331,20220625223923,20220625202312,20220625222847,20220625223243,,,50,,,N,2,2
942,롯데호텔 제주,HE000034,02,02,제주특별자치도 서귀포시 중문관광로72번길35,33.2483165,126.4105331,20220625141528,20220625125949,20220625140705,20220625141502,,,50,,,N,2,2
943,롯데호텔 제주,HE000034,03,02,제주특별자치도 서귀포시 중문관광로72번길35,33.2483165,126.4105331,20220625184326,20220625135038,20220625164533,20220625164443,7,단독,50,,,N,2,2
944,롯데호텔 제주,HE000034,04,02,제주특별자치도 서귀포시 중문관광로72번길35,33.2483165,126.4105331,20220625133810,20220411221213,20220411221219,20220411193155,7,단독,50,,,N,9,9
945,천지공영주차빌딩,HE000035,01,06,제주특별자치도 서귀포시 서귀동  305-1,33.2516116,126.5593240,20220625202824,20220625191648,20220625195705,20220625191943,,,50,,,N,2,2
946,천지공영주차빌딩,HE000035,02,02,제주특별자치도 서귀포시 서귀동  305-1,33.2516116,126.5593240,20220625104810,20220330102215,20220330130420,20220330131002,,,50,,,N,9,9
947,서귀포매일올레시장,HE000036,01,06,제주특별자치도 서귀포시 중앙로62번길 지상2층,33.2501376,126.5632238,20220625202126,20220625193139,20220625194053,20220625193343,,,50,,,Y,2,2
948,성산일출봉,HE000037,01,06,제주특별자치도 서귀포시 일출로 284-6,33.4620951,126.9352535,20220625104810,,,,,,50,,,N,9,9
949,성산일출봉,HE000037,02,02,제주특별자치도 서귀포시 일출로 284-6,33.4620951,126.9352535,20220625104810,,,,,,50,,,N,9,9
950,성산일출봉,HE000037,03,06,제주특별자치도 서귀포시 일출로 284-6,33.4620951,126.9352535,20220625210921,20220625180431,20220625184732,20220625180743,,,50,,,N,3,3
951,성산일출봉,HE000037,04,05,제주특별자치도 서귀포시 일출로 284-6,33.4620951,126.9352535,20220626000223,20220625203933,20220625213415,20220625232743,,,50,,,N,2,3
952,동광 R 주차장,HE000038,01,06,제주특별자치도 서귀포시 안덕면 동광리827,33.3109162,126.3415812,20220625192130,20220625141029,20220625143452,20220625185543,,,50,,,N,2,2
953,안덕농협 하나로마트,HE000039,01,06,제주특별자치도 서귀포시 화순로122,33.2466545,126.3333251,20220625185226,20220625160348,20220625161535,20220625160543,,,50,,,N,2,2
954,서귀포시축협 흑한우명품관,HE000040,01,06,제주특별자치도 서귀포시 일주동로8421,33.2567312,126.5884001,20220625204523,20220625130215,20220625133025,20220625203543,,,50,,,N,2,2
955,서귀포시축협 흑한우명품관,HE000040,02,02,제주특별자치도 서귀포시 일주동로8421,33.2567312,126.5884001,20220625104810,,,,,,50,,,N,9,9
956,서귀포시축협 흑한우명품관,HE000040,03,02,제주특별자치도 서귀포시 일주동로8421,33.2567312,126.5884001,20220623121123,20220608170756,20220608194957,20220608194032,,,50,,,N,2,2
957,성읍랜드,HE000041,01,06,제주특별자치도 서귀포시 표선면 번영로2650,33.3983477,126.7873630,20220623172406,20220619153722,20220619155531,20220620100240,,,50,,,N,2,2
958,성읍랜드,HE000041,02,02,제주특별자치도 서귀포시 표선면 번영로2650,33.3983477,126.7873630,20220625104810,20211116153155,20211116163221,20211118103502,,,50,,,N,9,9
959,표선농협 하나로마트,HE000043,01,06,제주특별자치도 서귀포시 표선동서로233,33.3248216,126.8318730,20220625224129,20220625203129,20220625204010,20220625223143,,,50,,,N,2,2
960,표선농협 하나로마트,HE000043,02,02,제주특별자치도 서귀포시 표선동서로233,33.3248216,126.8318730,20220625224707,20211105175321,20211105175404,20211108174502,,,50,,,N,2,2
961,GS25 서귀대포점,HE000044,01,06,제주특별자치도 서귀포시 이어도로 129,33.239222,126.436367,20220625104810,,,,,,50,,,N,9,9
962,GS25 서귀대포점,HE000044,02,05,제주특별자치도 서귀포시 이어도로 129,33.239222,126.436367,20220625184623,20220625165343,20220625170453,20220625164943,,,50,,,N,2,2
963,롯데하이마트 서귀포점,HE000045,01,06,제주특별자치도 서귀포시 일주동로 8631,33.253970,126.566184,20220624090305,20220623133214,20220623134223,20220623133641,,,50,,,N,3,3
964,GS25 중문사거리점,HE000046,01,06,제주특별자치도 서귀포시 중문로 80,33.258262,126.427021,20220625104810,20220613124752,20220613130056,20220613124935,,,50,,,N,9,9
965,현대자동차 블루핸즈 외도점,HE000047,01,02,제주특별자치도 제주시 우평로 345-8,33.483837,126.430103,20220625090205,20220623094743,20220623110106,20220623135014,,,50,,,N,2,2
966,함덕농협 하나로마트,HE000048,01,06,제주특별자치도 제주시 조천읍 함와로 40,33.537240,126.674526,20220625220624,20220625202505,20220625212139,20220625215243,,,50,,,N,2,2
967,제주시농협 하나로마트 제주점,HE000049,01,06,제주특별자치도 제주시 남광로 206,33.505000,126.552192,20220625104810,20220504181034,20220504181953,20220504181312,,,50,,,N,9,9
968,제주시농협 하나로마트 제주점,HE000049,02,02,제주특별자치도 제주시 남광로 206,33.505000,126.552192,20220625174427,20220625124552,20220625163038,20220625154843,,,50,,,N,3,3
969,제주대학교 제2도서관,HE000050,01,02,제주특별자치도 제주시 제주대학로 102,33.457635,126.559944,20220625104810,20211116183408,20211116204858,20211116203712,,,50,,,N,9,9
970,제주대학교 제2도서관,HE000050,02,02,제주특별자치도 제주시 제주대학로 102,33.457635,126.559944,20220625104810,20211115130957,20211115180050,20211115171111,,,50,,,N,9,9
971,제주대학교 학생주차장,HE000051,01,06,제주특별자치도 제주시 제주대학로 102,33.459019,126.562919,20220625210524,20220625161201,20220625161829,20220625204643,,,50,,,N,2,2
972,제주대학교 학생주차장,HE000051,02,02,제주특별자치도 제주시 제주대학로 102,33.459019,126.562919,20220625112624,20220623151428,20220623182032,20220617163938,,,50,,,N,3,3
973,아모렉스 리조트,HE000053,01,06,제주특별자치도 제주시 서해안로 216,33.507822,126.471156,20220625104810,20220623143441,20220623144804,20220623143841,,,50,,,N,9,9
974,남원농협 하나로마트,HE000057,01,06,제주특별자치도 서귀포시 남원읍 남조로52,33.284398,126.721738,20220625104810,,,,,,50,,,N,9,9
975,남원농협 하나로마트,HE000057,02,02,제주특별자치도 서귀포시 남원읍 남조로52,33.284398,126.721738,20220625104810,,,,,,50,,,N,9,9
976,제주시농협 하나로유통센터,HE000058,01,06,제주특별자치도 제주시 월광로77,33.487704,126.468048,20220625174824,20220625140822,20220625142305,20220625141243,,,50,,,N,2,2
977,제주시농협 하나로유통센터,HE000058,02,02,제주특별자치도 제주시 월광로77,33.487704,126.468048,20220625212627,20220625171908,20220625173136,20220625172243,,,50,,,N,3,3
978,넥슨박물관,HE000071,01,06,제주특별자치도 제주시 1100로3198-8,33.47211112,126.485569,20220625215728,20220625210351,20220625215251,20220625210743,,,50,,,N,2,2
979,넥슨박물관,HE000071,02,02,제주특별자치도 제주시 1100로3198-8,33.47211112,126.485569,20220625125826,20220625111723,20220625111745,20220625122243,,,50,,,N,2,2
980,NH농협은행 제주수련원,HE000074,01,06,제주특별자치도 서귀포시 표선면 일주동로 6337,33.306599,126.795135,20220625201823,20220625153116,20220625160723,20220625183843,,,50,,,N,2,2
981,NH농협은행 제주수련원,HE000074,02,02,제주특별자치도 서귀포시 표선면 일주동로 6337,33.306599,126.795135,20220624205701,20220623121521,20220623151452,20220623141941,,,50,,,N,2,2
982,NH농협은행 제주수련원,HE000074,03,02,제주특별자치도 서귀포시 표선면 일주동로 6337,33.306599,126.795135,20220624215302,20220620195718,20220620195804,20220623150641,,,50,,,N,3,3
983,하얏트 리젠시 제주 호텔,HE000075,01,02,제주특별자치도 서귀포시 중문관광로72번길 114,33.245259,126.405872,20220625104810,,,,,,50,,,N,9,9
984,하얏트 리젠시 제주 호텔,HE000075,02,02,제주특별자치도 서귀포시 중문관광로72번길 114,33.245259,126.405872,20220625104810,,,,,,50,,,N,9,9
985,잠도둑 게스트하우스,HE000081,01,06,제주특별자치도 서귀포시 성산읍 일주동로5379,33.359165,126.864525,20220625190824,20220608193439,20220608193504,20220330093047,,,50,,,N,2,2
986,잠도둑 게스트하우스,HE000081,02,02,제주특별자치도 서귀포시 성산읍 일주동로5379,33.359165,126.864525,20220625104810,,,,,,50,,,,9,9
987,제주바다목장,HE000082,01,06,제주특별자치도 제주시 한경면 한경해안로565,33.346069,126.17936,20220625233424,20220625182158,20220625183420,20220625182543,,,50,,,N,2,2
988,제주바다목장,HE000082,02,02,제주특별자치도 제주시 한경면 한경해안로565,33.346069,126.17936,20220625104810,,,,,,50,,,,9,9
989,다이아나호텔,HE000083,01,06,제주특별자치도 제주시 임항로249,33.517825,126.539631,20220625234626,20220625202433,20220625211518,20220625232843,,,50,,,N,2,2
990,다이아나호텔,HE000083,02,02,제주특별자치도 제주시 임항로249,33.517825,126.539631,20220625104810,,,,,,50,,,,9,9
991,제주필하우스,HE000084,01,06,제주특별자치도 제주시 조천읍 일주동로1415,33.544817,126.686404,20220623031526,20220622222014,20220623030449,20220623023041,,,50,,,N,2,2
992,그랜드조선 제주,HE000090,01,02,제주특별자치도 서귀포시 중문관광로72번길 60,33.253006,126.408327,20210906142810,,,,,,50,,,Y,9,9
993,그랜드조선 제주,HE000090,02,02,제주특별자치도 서귀포시 중문관광로72번길 60,33.253006,126.408327,20210906142810,,,,,,50,,,Y,9,9
994,그랜드조선 제주,HE000090,03,02,제주특별자치도 서귀포시 중문관광로72번길 60,33.253006,126.408327,20210906142810,,,,,,50,,,Y,9,9
995,그랜드조선 제주,HE000090,04,02,제주특별자치도 서귀포시 중문관광로72번길 60,33.253006,126.408327,20210906142810,,,,,,50,,,Y,9,9
996,선반내주유소,HE000141,01,06,제주특별자치도 서귀포시 일주동로,33.25298812,126.550970,20220624091709,20220621174235,20220621175336,20220621174640,,,50,,,Y,3,3
997,황사평갤럭시타운,HE000461,01,02,제주특별자치도 제주시 황사평6길 58 황사평갤럭시타운,33.493639,126.55978,20220625145623,20220625141344,20220625144913,20220625145602,,,50,,,Y,3,3
998,황사평갤럭시타운,HE000461,02,02,제주특별자치도 제주시 황사평6길 58 황사평갤럭시타운,33.493639,126.55978,20220625185523,20220625172549,20220625180519,20220625172743,,,50,,,Y,3,3
999,스프링데일CC(동국개발),HE000462,01,02,"제주특별자치도 서귀포시 남원읍 서성로 459 (위미리, 스프링데일C.C)",33.329862,126.638016,20220622184025,20220621115120,20220621173112,20220622125522,,,50,,,Y,2,2
1000,스프링데일CC(동국개발),HE000462,02,02,"제주특별자치도 서귀포시 남원읍 서성로 459 (위미리, 스프링데일C.C)",33.329862,126.638016,20220625172025,20220623125803,20220623181844,20220625120821,,,50,,,Y,2,2
1001,한국가스공사 제주기지건설단,HE000463,01,02,제주특별자치도 제주시 애월읍 애월해안로 67,33.46717,126.321634,20220623115826,20220620162739,20220621092357,20220623115814,,,50,,,Y,2,2
1002,한국가스공사 제주기지건설단,HE000463,02,02,제주특별자치도 제주시 애월읍 애월해안로 67,33.46717,126.321634,20220614154531,20220602163602,20220603090458,20220614154451,,,50,,,Y,3,3
1003,WE호텔,HE000465,01,02,"제주특별자치도 서귀포시 1100로 453-95 (회수동, 트레블러스호텔제주)",33.285262,126.445568,20220625144822,20220622205045,20220623003913,20220622235441,,,50,,,Y,3,3
1004,WE호텔,HE000465,02,02,"제주특별자치도 서귀포시 1100로 453-95 (회수동, 트레블러스호텔제주)",33.285262,126.445568,20220625211322,20220625152104,20220625182323,20220625172543,,,50,,,Y,3,3
1005,백통신원 기린산장,HE000466,01,02,제주특별자치도 서귀포시 남원읍 서성로 427 (위미리) 백통신원 기린산장,33.321476,126.641878,20220625104810,20211112153817,20211112153837,,,,50,,,Y,9,9
1006,백통신원 기린산장,HE000466,02,02,제주특별자치도 서귀포시 남원읍 서성로 427 (위미리) 백통신원 기린산장,33.321476,126.641878,20220622090324,20220621222430,20220621231448,20220622081441,,,50,,,Y,2,2
1007,제주발리리조트,HE000467,01,02,"제주특별자치도 제주시 한림읍 일주서로 5083-5 (협재리, 제주발리리조트)",33.389371,126.249806,20220625104810,20220111073510,20220111164021,20220107163648,,,50,,,Y,9,9
1008,제주발리리조트,HE000467,02,02,"제주특별자치도 제주시 한림읍 일주서로 5083-5 (협재리, 제주발리리조트)",33.389371,126.249806,20220625104810,20220111084859,20220111095120,20220109114948,,,50,,,Y,9,9
1009,연동이화아파트,HE000468,01,02,"제주특별자치도 제주시 성신로 13-8 (연동, 연동이화아파트)",33.490932,126.484926,20220625104810,20220610232212,20220611105731,20220611032534,,,50,,,Y,9,9
1010,연동이화아파트,HE000468,02,02,"제주특별자치도 제주시 성신로 13-8 (연동, 연동이화아파트)",33.490932,126.484926,20220625121326,20220624162019,20220624185129,20220621181430,,,50,,,Y,3,3
1011,자청비농수산물,HE000469,01,02,제주특별자치도 서귀포시 중산간서로 830 (중문동),33.2625733,126.42690229,20220618211123,20220209212616,20220209214303,20220209213003,,,50,,,Y,2,2
1012,팡,HE000470,01,02,제주특별자치도 제주시 한림읍 한림로 475,33.4019937,126.25109259,20220623215804,20220622215904,20220622222218,20220622220241,,,50,,,Y,2,2
1013,성이시돌피정의집 평생교육원,HE000471,01,02,"제주특별자치도 제주시 한림읍 산록남로 53 (금악리, 성이시돌피정의집)",33.345324,126.32177219,20220620110324,20220619121234,20220619141600,20220619141439,,,50,,,Y,2,2
1014,명성레저개발 제주M리조트,HE000472,01,02,"제주특별자치도 서귀포시 중산간서로157번길 28-6 (강정동, 제주M리조트)",33.2578141,126.4945796,20220625201124,20220625080041,20220625101350,20220625192043,,,50,,,Y,2,2
1015,명성레저개발 제주M리조트,HE000472,02,02,"제주특별자치도 서귀포시 중산간서로157번길 28-6 (강정동, 제주M리조트)",33.2578141,126.4945796,20220625134123,20220625112946,20220625124626,20220625123243,,,50,,,Y,2,2
1016,하모니리조트,HE000473,01,02,제주특별자치도 제주시 한림읍 협재로 213,33.3791715,126.2521698,20220624152702,20220621154222,20220622091011,20220621164440,,,50,,,Y,2,2
1017,피노호텔,HE000474,01,02,제주특별자치도 서귀포시 천지연로29번길 5 (서귀동),33.241403,126.5633907,20220625190927,20220624182034,20220624222555,20220622202241,,,50,,,Y,3,3
1018,하워드존슨제주호텔,HE000475,01,02,제주특별자치도 제주시 삼무로 57 (연동),33.4900205,126.4928772,20220625104810,20220318104327,20220318144605,20220318114439,,,50,,,Y,9,9
1019,하워드존슨제주호텔,HE000475,02,02,제주특별자치도 제주시 삼무로 57 (연동),33.4900205,126.4928772,20220613214529,20220526224739,20220526224739,20220125210853,,,50,,,Y,2,2
1020,뜨리바다펜션,HE000476,01,02,"제주특별자치도 서귀포시 남원읍 태위로510번길 31-16 (남원리, 뜨리바다펜션)",33.2715279,126.6997188,20220625104810,20220324114001,20220324124625,20220324124243,,,50,,,Y,9,9
1021,펄리호텔,HE000477,01,02,"제주특별자치도 제주시 노형로 79 (해안동, 가족호텔펄리)",33.464693,126.45474,20220624104107,20220317135049,20220317140556,20220108125647,,,50,,,Y,2,2
1022,펄리호텔,HE000477,02,02,"제주특별자치도 제주시 노형로 79 (해안동, 가족호텔펄리)",33.464693,126.45474,20220620204025,20220306202950,20220307074226,20220306230034,,,50,,,Y,3,3
1023,중문메리디안,HE000478,01,02,"제주특별자치도 서귀포시 1100로 36 (중문동, 중문 메리디안 연립)",33.2537597,126.4351405,20220625104810,20220622162834,20220622162834,20220209102203,,,50,,,Y,9,9
1024,다희연,HE000479,01,02,"제주특별자치도 제주시 조천읍 선교로 115-1 (선흘리, 다희연)",33.4868384,126.707013,20220625104810,20210817153651,20210817164130,,,,50,,,Y,9,9
1025,다희연,HE000479,02,02,"제주특별자치도 제주시 조천읍 선교로 115-1 (선흘리, 다희연)",33.4868384,126.707013,20220625104810,20210817200559,20210817205930,,,,50,,,Y,9,9
1026,현대1차연립주택,HE000484,01,02,제주특별자치도 서귀포시 신서귀로 10,33.249893,126.51108,20220621233729,20220417085959,20220417101122,20220621232940,,,50,,,Y,2,2
1027,제일요양원,HE000485,01,02,제주특별자치도 서귀포시 정방연로 52-8,33.252396,126.577827,20220622081530,20220429171346,20220430072847,20220502003608,,,50,,,Y,2,2
1028,제주노블레스관광호텔,HE000486,01,02,제주특별자치도 제주시 월성로4길 19,33.5014564,126.5034049,20220625104810,20211020210114,20211020210114,,,,50,,,Y,9,9
1029,외도재영샤르빌,HE000487,01,02,제주특별자치도 제주시 절물3길 32-4,33.490037,126.432968,20220625174923,20220622162224,20220622175336,20220622172641,,,50,,,Y,3,3
1030,은빌레펜션,HE000488,01,02,제주특별자치도 서귀포시 남원읍 한신로 247-3,33.3117075,126.7168645,20220625202523,20220625171426,20220625184935,20220625181843,,,50,,,Y,3,3
1031,세원멤버스,HE000489,01,02,제주특별자치도 제주시 원노형3길 13,33.4864316,126.4846223,20220625134327,20220625102023,20220625131120,20220625122343,,,50,,,Y,3,3
1032,(주)샵원더,HE000490,01,02,제주특별자치도 제주시 연북로 161,33.481958,126.49878,20220622181523,20220621081400,20220621114712,20220622180941,,,50,,,Y,2,2
1033,세븐일레븐 제주함덕게스트하우스,HE000491,01,02,제주특별자치도 제주시 조천읍 신북로 643,33.540726,126.678285,20220625063406,20210720184908,20210720190107,,,,50,,,Y,2,2
1034,레지나펜션,HE000492,01,02,제주특별자치도 서귀포시 이어도로 789,33.2368373,126.4995612,20220625184028,20220624084033,20220624102023,20220625175243,,,50,,,Y,2,2
1035,명도암 마을회,HE000493,01,02,제주특별자치도 제주시 명림로 268-69,33.4620876,126.6076149,20220623231103,20220620165954,20220621060056,20220621000340,,,50,,,Y,2,2
1036,허브펜션오즈,HE000494,01,02,제주특별자치도 서귀포시 표선면 표선백사로58번길 36,33.318558,126.833694,20220615125722,20220507210606,20220507214630,20220507210913,,,50,,,Y,2,2
1037,난지축산연구소,HE000495,01,02,제주특별자치도 제주시 산록북로 593-50,33.42745,126.5482938,20220624082311,20220623081535,20220623143219,20220623121841,,,50,,,Y,3,3
1038,서귀포시 생활환경과,HE000496,01,02,제주특별자치도 서귀포시 산록남로1241번길 145,33.3070418,126.419081,20220624125707,20220621210626,20220622004218,20220622000840,,,50,,,Y,2,2
1039,카멜리아힐,HE000497,01,02,제주특별자치도 서귀포시 안덕면 병악로 166,33.290377,126.367949,20220625180825,20220622155512,20220622165528,20220622155744,,,50,,,Y,2,2
1040,꼬뜨도르호텔,HE000498,01,02,제주특별자치도 제주시 구좌읍 일주동로 1724,33.551999,126.716714,20220625124725,20220526124155,20220526153103,20220526144326,,,50,,,Y,2,2
1041,관음사가는길,HE000499,01,02,제주특별자치도 제주시 산록북로 819,33.436695,126.554498,20220617204822,20220610180353,20220610220455,20220617201038,,,50,,,Y,2,2
1042,성산아쿠아비치호텔,HE000500,01,02,제주특별자치도 서귀포시 성산읍 일주동로 4258,33.4483373,126.9119970,20220623220406,20220622193401,20220623123003,20220622233641,,,50,,,Y,2,2
1043,성산아쿠아비치호텔,HE000500,02,02,제주특별자치도 서귀포시 성산읍 일주동로 4258,33.4483373,126.9119970,20220624082211,20220622085815,20220622102942,20220622100241,,,50,,,Y,2,2
1044,이노우에스시,HE000501,01,02,제주특별자치도 제주시 과원로 78-1,33.4771542,126.491468,20220611202523,20220521192800,20220521193520,20220521192922,,,50,,,Y,2,2
1045,평원헤모아빌,HE000502,01,02,제주특별자치도 제주시 연사2길 76,33.4826849,126.5112666,20220625080404,20220610174118,20220610182044,20220610174334,,,50,,,Y,2,2
1046,평원헤모아빌,HE000502,02,02,제주특별자치도 제주시 연사2길 76,33.4826849,126.5112666,20220625223126,20220625141440,20220625163700,20220625151843,,,50,,,Y,3,3
1047,제주휴리조트,HE000503,01,02,제주특별자치도 서귀포시 성산읍 난고로 228,33.4206697,126.8940388,20220517160924,20220517113320,20220517160626,20220517153620,,,50,,,Y,2,2
1048,종가전복,HE000504,01,02,제주특별자치도 제주시 구좌읍 해맞이해안로 1306,33.5312449,126.8506911,20220621112327,20220602125500,20220602171007,20220602165730,,,50,,,Y,2,2
1049,키아오라펜션,HE000505,01,02,제주특별자치도 서귀포시 성산읍 난고로42번길 3,33.4342204,126.9050229,20220604212822,20220521175514,20220522094626,20220521205722,,,50,,,Y,2,2
1050,한국자동차공업사,HE000506,01,02,제주특별자치도 제주시 오라로 72,33.4954658,126.5109145,20220625104810,,,,,,50,,,Y,9,9
1051,마레 호텔,HE000507,01,02,제주특별자치도 서귀포시 성산읍 섭지코지로25번길 29,33.4417861,126.9189121,20220607204124,20220511092701,20220511092836,20220409215054,,,50,,,Y,2,2
1052,카이리조트,HE000531,01,02,제주특별자치도 제주시 한림읍 협재2길 10,33.391966,126.241138,20220512075537,20220302143832,20220302160905,20220223114608,,,50,,,Y,2,2
1053,카이리조트,HE000531,02,02,제주특별자치도 제주시 한림읍 협재2길 10,33.391966,126.241138,20220625150130,20220624163319,20220624174432,20220623114741,,,50,,,Y,3,3
1054,금강산콘도,HE000551,01,02,"제주특별자치도 제주시 한림읍 협재로 210-18 (협재리, 제주금강산콘도미니엄)",33.379866,126.250116,20220622175626,20220604190716,20220605075342,20220604230930,,,50,,,Y,2,2
1055,금강산콘도,HE000551,02,02,"제주특별자치도 제주시 한림읍 협재로 210-18 (협재리, 제주금강산콘도미니엄)",33.379866,126.250116,20220625175027,20220624161857,20220624193841,20220623112941,,,50,,,Y,3,3
1056,라온프라이빗타운,HE000552,01,02,"제주특별자치도 제주시 한림읍 금능남로 127 (협재리, 라온프라이빗타운)",33.378005,126.240215,20220625235925,20220625221813,20220625224626,20220625222143,,,50,,,Y,3,3
1057,라온프라이빗타운,HE000552,02,02,"제주특별자치도 제주시 한림읍 금능남로 127 (협재리, 라온프라이빗타운)",33.378005,126.240215,20220625204129,20220621202102,20220622060012,20220625172243,,,50,,,Y,2,2
1058,라온프라이빗타운,HE000552,03,02,"제주특별자치도 제주시 한림읍 금능남로 127 (협재리, 라온프라이빗타운)",33.378005,126.240215,20220625223727,20220624175019,20220624202558,20220625221843,,,50,,,Y,3,3
1059,탐라스테이호텔제주,HE000554,01,02,제주특별자치도 제주시 애월읍 애월해안로 881,33.4867872,126.3918034,20220625175624,20220624224423,20220625002407,20220625175446,,,50,,,Y,2,2
1060,윈드힐호텔앤리조트,HE000555,01,02,제주특별자치도 제주시 애월읍 애월해안로 554-8,33.4776427,126.3629501,20220625160526,20220619181839,20220620053306,20220625155643,,,50,,,Y,2,2
1061,윈드힐호텔앤리조트,HE000555,02,02,제주특별자치도 제주시 애월읍 애월해안로 554-8,33.4776427,126.3629501,20220625234625,20220624213844,20220625070422,20220622020741,,,50,,,Y,3,3
1062,베니키아호텔제주(1),HE000556,01,02,제주특별자치도 제주시 애월읍 애월해안로 554-10,33.477284,126.3631613,20220625214228,20220619204706,20220620060420,20220620054839,,,50,,,Y,3,3
1063,베니키아호텔제주(1),HE000556,02,02,제주특별자치도 제주시 애월읍 애월해안로 554-10,33.477284,126.3631613,20220521202028,20220521152350,20220521161637,20220521152623,,,50,,,Y,2,2
1064,베니키아호텔제주(2),HE000557,01,02,제주특별자치도 제주시 애월읍 애월해안로 554-6,33.4775486,126.3625786,20220624220905,20220617195109,20220617223148,20220617215438,,,50,,,Y,3,3
1065,베니키아호텔제주(2),HE000557,02,02,제주특별자치도 제주시 애월읍 애월해안로 554-6,33.4775486,126.3625786,20220520225033,20220109193338,20220110095233,20220110013748,,,50,,,Y,2,2
1066,(주)엠버서더호텔,HE000558,01,02,제주특별자치도 제주시 삼무로 12,33.489725,126.4878639,20220621210226,20220608161746,20220608171752,20220608162032,,,50,,,Y,3,3
1067,엠버리조트,HE000559,01,02,제주특별자치도 제주시 1100로 2671-51,33.4237259,126.4890631,20220624133706,20220623093855,20220623130345,20220623124241,,,50,,,Y,2,2
1068,엠버리조트,HE000559,02,02,제주특별자치도 제주시 1100로 2671-51,33.4237259,126.4890631,20220613200826,20220608093151,20220608160721,20220608113332,,,50,,,Y,3,3
1069,신풍리마을회(게스트하우스),HE000560,01,02,제주특별자치도 서귀포시 성산읍 신풍하동로 37,33.3627692,126.8401547,20220625104810,20220228103643,20220228170710,20220228133717,,,50,,,Y,9,9
1070,쉴띠하우스,HE000561,01,02,제주특별자치도 서귀포시 안덕면 한창로 102-1,33.272226,126.365407,20220625093511,20220618073715,20220618134134,20220618113938,,,50,,,Y,3,3
1071,쉴띠하우스,HE000561,02,02,제주특별자치도 서귀포시 안덕면 한창로 102-1,33.272226,126.365407,20220625193629,20220616093642,20220616101217,20220616100937,,,50,,,Y,2,2
1072,녹고뫼영농조합법인,HE000562,01,02,제주특별자치도 제주시 애월읍 유수암평화10길 175-78,33.4130527,126.4178013,20220606160625,20220528170147,20220528224450,20220528220428,,,50,,,Y,2,2
1073,아름다운리조트,HE000563,01,02,제주특별자치도 서귀포시 성산읍 해맞이해안로 2644 ,33.4752383,126.9101641,20220625104810,20211110133649,20211110133649,20211109120607,,,50,,,Y,9,9
1074,영농조합법인 서귀포한라,HE000564,01,02,제주특별자치도 서귀포시 516로 575,33.3007718,126.5981983,20220625104810,,,,,,50,,,Y,9,9
1075,영농조합법인 서귀포한라,HE000564,02,02,제주특별자치도 서귀포시 516로 575,33.3007718,126.5981983,20220625104810,,,,,,50,,,Y,9,9
1076,스위스마을,HE000566,01,02,제주특별자치도 제주시 조천읍 함와로 566-27 스위스마을,33.494315,126.677187,20220625104810,20220411205654,20220411205654,20220412145255,,,50,,,Y,9,9
1077,서진아파트,HE000567,01,02,제주특별자치도 서귀포시 지세못로 29 서진아파트,33.2554124,126.4628323,20220625202424,20220625151510,20220625175425,20220625161843,,,50,,,Y,3,3
1078,곶자왈 숲펜션,HE000569,01,02,제주특별자치도 제주시 조천읍 선교로 371-10,33.472431,126.7090194,20220611093127,20220611082126,20220611093040,20220611092334,,,50,,,Y,2,2
1079,㈜튤립제주에이엠씨 호텔,HE000570,01,02,제주특별자치도 서귀포시 성산읍 일출로 31,33.4479486,126.9162124,20220625201625,20220625162102,20220625162348,20220625193043,,,50,,,Y,2,2
1080,도원스카이 타워빌,HE000571,01,02,제주특별자치도 제주시 성신로1길 14 ,33.4911439,126.4872625,20220625111725,20220531204702,20220601042438,20220601015029,,,50,,,Y,3,3
1081,오름빌리지2차,HE000572,01,02,제주특별자치도 제주시 연사2길 34,33.486204,126.511729,20220625093408,20220622170727,20220623080335,20220623011041,,,50,,,Y,3,3
1082,휴펠리스2차,HE000573,01,02,제주특별자치도 제주시 도남로 167 휴펠리스2차,33.487108,126.532942,20220624231207,20220620181354,20220621061316,20220620231540,,,50,,,Y,3,3
1083,성산 플레이스,HE000574,01,02,제주특별자치도 서귀포시 성산읍 동류암로 20,33.4499421,126.9183775,20220625235124,20220625211457,20220625213939,20220625233143,,,50,,,Y,2,2
1084,재영윈저캐슬아파트,HE000575,01,02,제주특별자치도 제주시 노연로 38 재영윈저캐슬,33.4858265,126.4840938,20220227092900,20211128132447,20211128194727,20211128192820,,,50,,,Y,2,2
1085,현대자동차 화북점,HE000576,01,02,제주특별자치도 제주시 청풍남2길 3 블루핸즈 화북점,33.5179394,126.5645502,20220625104810,20220331153717,20220331154337,,,,50,,,Y,9,9
1086,한국수산자원관리공단,HE000579,01,02,제주특별자치도 제주시 한림읍 옹포7길 23,33.406602,126.252858,20220624141302,20220622105644,20220622180510,20220623130941,,,50,,,Y,3,3
1087,서귀포 막동 주차장,HE000791,01,02,제주특별자치도 서귀포시 막동산로 48,33.256095,126.521025,20220625145223,20220624183813,20220624232121,20220623142741,7,단독,50,,,Y,2,2
1088,서귀포 막동 주차장,HE000791,02,02,제주특별자치도 서귀포시 막동산로 48,33.256095,126.521025,20220625193124,20220624170930,20220624190339,20220621141340,7,단독,50,,,Y,3,3
1089,서귀포 막동 주차장,HE000791,03,02,제주특별자치도 서귀포시 막동산로 48,33.256095,126.521025,20220625143224,20220613063455,20220613063755,20220625135643,7,단독,50,,,Y,2,2
1090,메리엘오션 아파트,HE000792,01,02,제주특별자치도 제주시 한림읍 한림로 621,33.412263,126.260236,20220624013107,20220622192136,20220623104544,20220623145641,7,단독,50,,,Y,2,2
1091,메모리아 리조트,HE000794,01,02,제주특별자치도 서귀포시 성산읍 일주동로 5199-3,33.416633,126.889875,20220615132528,20220605015801,20220605020102,20220605131830,7,단독,50,,,Y,5,5
1092,메모리아 리조트,HE000794,02,02,제주특별자치도 서귀포시 성산읍 일주동로 5199-3,33.416633,126.889875,20220622201031,20220616000313,20220616050759,20220622195941,7,단독,50,,,Y,2,2
1093,GS25 성산아로하점,HE000870,01,02,제주특별자치도 서귀포시 성산읍 성산등용로 40,33.46645,126.931037,20220625224323,20220623130943,20220623141301,20220625223343,7,단독,50,,,Y,2,2
1094,한국남부발전 남제주발전본부,HE000871,01,02,제주특별자치도 서귀포시 안덕면 화순해안로106번길 55,33.238964,126.34135,20220623082024,20220622105229,20220622132936,20220622125641,7,단독,50,,,Y,3,3
1095,삼성여자고등학교,HE000872,01,02,제주특별자치도 서귀포시 검은여로 151,33.254319,126.584567,20220624020217,20220623075325,20220623150045,20220623143941,7,단독,50,,,Y,2,2
1096,라림부띠끄호텔,HE000873,01,02,제주특별자치도 서귀포시 안덕면 대평로 39,33.237044,126.36306,20220619223727,20220614192148,20220614192447,20220320193340,7,단독,50,,,Y,2,2
1097,라림부띠끄호텔,HE000873,02,02,제주특별자치도 서귀포시 안덕면 대평로 39,33.237044,126.36306,20220625104810,20220407211822,20220407233925,20220411220755,7,단독,50,,,Y,9,9
1098,제주대기오염집중측정소,HE000874,01,02,제주특별자치도 제주시 애월읍 화전안길 20-5,33.348974,126.387549,20220624113805,20220620125305,20220620173005,20220620171040,7,단독,50,,,Y,2,2
1099,아라행복주택,HE000880,01,02,제주특별자치도 제주시 연북로 628,33.490299,126.545089,20220625104810,20220504154451,20220505095514,20220505090312,7,단독,50,,,Y,9,9
1100,GS25 성산오조점,HE000884,01,06,제주특별자치도 서귀포시 성산읍 한도로 129,33.468888,126.921772,20220625144227,20220624000507,20220624001745,20220621205540,50,단독,50,,,Y,2,2
1101,GS25 제주한경점,HE000885,01,06,제주특별자치도 제주시 한경면 중산간서로 3662,33.331176,126.256057,20220625175727,20220625115211,20220625124528,20220625115443,50,단독,50,,,Y,2,2
1102,GS25 제주대흘점,HE000886,01,06,제주특별자치도 제주시 조천읍 중산간동로 700,33.497733,126.659132,20220625222923,20220625195907,20220625203816,20220625220943,50,단독,50,,,Y,2,2
1103,헬로키티아일랜드,HE000973,01,05,제주특별자치도 서귀포시 안덕면 한창로 340,33.288597,126.352664,20220624172904,20220621133152,20220621141212,20220621133440,50,단독,50,,,Y,2,2
1104,헬로키티아일랜드,HE000973,02,05,제주특별자치도 서귀포시 안덕면 한창로 340,33.288597,126.352664,20220625182326,20220625153317,20220625155016,20220625180643,50,단독,50,,,Y,2,2
1105,피규어뮤지엄,HE000974,01,05,제주특별자치도 서귀포시 안덕면 한창로 243,33.28164,126.355941,20220625145127,20220625132150,20220625143403,20220625142543,50,단독,50,,,Y,2,2
1106,세븐일레븐 서귀포덕수점,HE000975,01,05,제주특별자치도 서귀포시 안덕면 덕수서로 91,33.258892,126.304256,20220625141024,20220621143251,20220621145713,20220621143540,50,단독,50,,,Y,2,2
1107,카멜리아힐 주차장,HE000976,01,06,제주특별자치도 서귀포시 안덕면 병악로 166,33.290328,126.367918,20220625174141,20220625161840,20220625172149,20220625162243,50,단독,50,,,Y,3,3
1108,카멜리아힐 주차장,HE000976,02,06,제주특별자치도 서귀포시 안덕면 병악로 166,33.290328,126.367918,20220625163228,20220625143646,20220625154053,20220625160043,50,단독,50,,,Y,2,2
1109,기아자동차 제주서비스센터,HE001037,02,04,제주특별자치도 제주시 선반로6길 12,33.51379,126.561714,20220625153727,20220624170200,20220624174011,20220622150041,100,동시,50,,,Y,3,3
1110,다이소 제주세화점,HE001044,01,04,제주특별자치도 제주시 구좌읍 일주동로 3126,33.52233,126.85303,20220625180133,20220625154802,20220625161754,20220625172643,50,단독,50,,,Y,2,2
1111,그랜드조선 제주,HE001092,01,02,제주특별자치도 서귀포시 중문관광로72번길 60,33.253006,126.408327,20220625160323,20220623172127,20220625105918,20220623011341,7,단독,50,,,Y,3,3
1112,그랜드조선 제주,HE001092,02,02,제주특별자치도 서귀포시 중문관광로72번길 60,33.253006,126.408327,20220625203625,20220625083012,20220625101840,20220625181843,7,단독,50,,,Y,2,2
1113,그랜드조선 제주,HE001092,03,02,제주특별자치도 서귀포시 중문관광로72번길 60,33.253006,126.408327,20220625183323,20220625165552,20220625182812,20220625175943,7,단독,50,,,Y,3,3
1114,그랜드조선 제주,HE001092,04,02,제주특별자치도 서귀포시 중문관광로72번길 60,33.253006,126.408327,20220625204422,20220625091739,20220625110006,20220625194743,7,단독,50,,,Y,2,2
1115,그랜드조선 제주,HE001092,05,02,제주특별자치도 서귀포시 중문관광로72번길 60,33.253006,126.408327,20220625174423,20220625160913,20220625170551,20220625161143,7,단독,50,,,Y,3,3
1116,그랜드조선 제주,HE001092,06,02,제주특별자치도 서귀포시 중문관광로72번길 60,33.253006,126.408327,20220620110030,20220525185444,20220525205555,20220525195725,7,단독,50,,,Y,2,2
1117,오션블루,HE001099,01,05,제주특별자치도 제주시 어영길 10-5,33.519036,126.493537,20220620135623,20220618144341,20220618145825,20220620134640,50,단독,50,,,Y,2,2
1118,세븐일레븐 한림센터점,HE001100,01,05,제주특별자치도 제주시 한림읍 한림서길 38,33.408922,126.260246,20220625120824,20220624195152,20220624215446,20220622182241,50,단독,50,,,Y,3,3
1119,노형휴스토리,HE191941,01,02,제주특별자치도 제주시 우평로 41,33.477956,126.462043,20220625201132,20220624101019,20220624151520,,,,50,,,Y,3,3
1120,송우수자인빌,HE191942,01,02,제주특별자치도 제주시 연사2길 72,33.485977,126.513123,20220625195228,20220623223343,20220624051529,,,,50,,,Y,3,3
1121,코스모스태흥누리안5차아파트,HE191943,01,02,제주특별자치도 제주시 신대로 136,33.485065,126.496067,20220625165923,20220624192324,20220624221858,,,,50,,,Y,3,3
1122,코스모스태흥누리안5차아파트,HE191943,02,02,제주특별자치도 제주시 신대로 136,33.485065,126.496067,20220625191725,20220625162723,20220625191341,,,,50,,,Y,2,2
1123,강정골드클래스아파트,HE191950,01,02,제주특별자치도 서귀포시 대청로 11,33.253558,126.501084,20220625211226,20220625070156,20220625084917,,,,50,,,Y,3,3
1124,강정골드클래스아파트,HE191950,02,02,제주특별자치도 서귀포시 대청로 11,33.253558,126.501084,20220625185527,20220624134602,20220625010329,,,,50,,,Y,3,3
1125,강정골드클래스아파트,HE191950,03,02,제주특별자치도 서귀포시 대청로 11,33.253558,126.501084,20220625220027,20220625195925,20220625213227,,,,50,,,Y,3,3
1126,노형부영3차아파트,HE191951,01,02,제주특별자치도 제주시 과원로 27,33.476568,126.486365,20220625104810,20220622132828,20220622153904,,,,50,,,Y,9,9
1127,정우빌리지2차,HE191977,01,02,제주특별자치도 제주시 진남로4길 8-5,33.520711,126.564978,20220625084004,20220618160605,20220618204134,,,,50,,,Y,2,2
1128,제주미니랜드,HE191980,01,02,제주특별자치도 제주시 조천읍 비자림로 606,33.433327,126.674532,20220625174427,20220625111955,20220625120900,,,,50,,,Y,2,2
1129,해안동푸르니아파트,HE191982,01,02,제주특별자치도 제주시 노형로 66-4,33.461744,126.454669,20220625202824,20220625170739,20220625200707,,,,50,,,Y,3,3
1130,중문푸른마을아파트,HE191985,01,02,제주특별자치도 서귀포시 천제연로 239,33.252542,126.431351,20220625141925,20220625090341,20220625115018,,,,50,,,Y,2,2
1131,중문푸른마을아파트,HE191985,02,02,제주특별자치도 서귀포시 천제연로 239,33.252542,126.431351,20220625170425,20220624173048,20220624222606,,,,50,,,Y,3,3
1132,경일자동차공업사,HE191999,01,02,제주특별자치도 제주시 용해로 86,33.509475,126.503408,20220621100236,20220613151619,20220613152419,,,,50,,,Y,2,2
1133,내도매일조아라아파트,HE192000,01,02,제주특별자치도 제주시 대통길 96,33.484653,126.445333,20220625194726,20220625173045,20220625194620,,,,50,,,Y,2,2
1134,이도주공1단지아파트,HE192006,01,02,제주특별자치도 제주시 구남로7길 36,33.492260,126.533699,20220624072800,20220621191647,20220622000534,,,,50,,,Y,2,2
1135,이도주공1단지아파트,HE192006,02,02,제주특별자치도 제주시 구남로7길 36,33.492260,126.533699,20220625221223,20220624195107,20220624233304,,,,50,,,Y,3,3
1136,애월공장,HE192010,01,02,제주특별자치도 제주시 애월읍 곽봉로 4-39,33.445978,126.305714,20220615114225,20220615113519,20220615114105,,,,50,,,Y,2,2
1137,매일더탐나,HE192047,01,02,제주특별자치도 서귀포시 표선면 일주동로6455번길 9,33.306735,126.782891,20220625063706,20220603204614,20220603234530,,,,50,,,Y,2,2
1138,1950하우스,HE192048,01,02,제주특별자치도 제주시 애월읍 평화로 2369,33.424907,126.409383,20220621093625,20220615153508,20220615161137,,,,50,,,Y,2,2
1139,새오름영농조합,HE192049,01,02,제주특별자치도 제주시 한림읍 수동7길 54-3,33.345485,126.248785,20220621093527,20220618130125,20220618133719,,,,50,,,Y,2,2
1140,제주봉개LH아파트,HE192050,01,02,제주특별자치도 제주시 번영로 528,33.489035,126.595527,20220625192810,20220624195624,20220624224429,,,,50,,,Y,9,9
1141,제주봉개LH아파트,HE192050,02,02,제주특별자치도 제주시 번영로 528,33.489035,126.595527,20220625153030,20220625082035,20220625104630,,,,50,,,Y,3,3
1142,한신더휴아파트,HE192052,01,02,제주특별자치도 서귀포시 대정읍 에듀시티로 102,33.288146,126.278891,20220625194124,20220619180742,20220620001242,,,,50,,,Y,3,3
1143,한신더휴아파트,HE192052,02,02,제주특별자치도 서귀포시 대정읍 에듀시티로 102,33.288146,126.278891,20220625232524,20220621222139,20220622034000,,,,50,,,Y,3,3
1144,남양맨션 다동,HE192053,01,02,제주특별자치도 제주시 용화로5길 13,33.511097,126.506269,20220625201923,20220625142012,20220625185724,,,,50,,,Y,2,2
1145,빌라드애월,HE192054,01,02,제주특별자치도 제주시 애월읍 애월해안로 516-7,33.477108,126.360218,20220625104810,20220618191830,20220618192633,,,,50,,,Y,9,9
1146,빌라드애월,HE192054,02,02,제주특별자치도 제주시 애월읍 애월해안로 516-7,33.477108,126.360218,20220625104810,20220609182339,20220609210519,,,,50,,,Y,9,9
1147,빌라드애월,HE192054,03,02,제주특별자치도 제주시 애월읍 애월해안로 516-7,33.477108,126.360218,20220625214824,20220625202554,20220625203212,,,,50,,,Y,3,3
1148,서귀포혁신도시 LH3단지,HE192254,01,02,제주특별자치도 서귀포시 서호중앙로 56-13,33.251995,126.521163,20220625142328,20220625120053,20220625141245,,,,50,,,Y,2,2
1149,한국중부발전 제주발전본부,HE192279,01,02,제주특별자치도 제주시 원당로 133,33.534582,126.595,20220625181028,20220624081057,20220624100100,,,,50,,,Y,3,3
1150,한국중부발전 제주발전본부,HE192279,02,02,제주특별자치도 제주시 원당로 133,33.534582,126.595,20220621154924,20220621080253,20220621154433,,,,50,,,Y,2,2
1151,한국중부발전 제주발전본부,HE192279,03,02,제주특별자치도 제주시 원당로 133,33.534582,126.595,20220623183907,20220617182719,20220618003926,,,,50,,,Y,2,2
1152,이도나이스빌,HE192280,01,02,제주특별자치도 제주시 구남동4길 64,33.486154,126.534434,20220621143628,20220619204837,20220620041425,,,,50,,,Y,2,2
1153,남양맨션 가동,HE192281,01,02,제주특별자치도 제주시 용화로5길 14,33.510986,126.506691,20220625172923,20220622180511,20220622210158,,,,50,,,Y,3,3
1154,신화위더스빌더샵30차,HE202666,01,02,제주특별자치도 제주시 연북로 218,33.481047,126.504311,20220625214623,20220623021555,20220623080017,20220623071941,,,50,,,Y,3,3
1155,신화위더스빌더샵30차,HE202666,02,02,제주특별자치도 제주시 연북로 218,33.481047,126.504311,20220625065701,20220622234805,20220623074448,20220623065241,,,50,,,Y,2,2
1156,신화위더스빌더샵30차,HE202666,03,02,제주특별자치도 제주시 연북로 218,33.481047,126.504311,20220612085623,20220609170927,20220609171033,20220612082035,,,50,,,Y,2,2
1157,노블레스아파트,HE212872,01,02,제주특별자치도 제주시 수덕9길 11,33.487264,126.476291,20220622223422,20220619182311,20220619215023,20220622222141,7,단독,50,,,Y,2,2
1158,하우스디어반,HE212874,01,02,제주특별자치도 제주시 삼무로 18,33.489541,126.488674,20220625173324,20220624190729,20220624211725,20220623122841,7,단독,50,,,Y,3,3
1159,제주도 바우네 나주곰탕 애월점,HM000055,01,06,제주특별자치도 제주시 애월읍 평화로 2369,33.424675504,126.40917119,20220619050127,,,,50,단독,50,,,Y,2,2
1160,제주_파르나스호텔,HM000107,01,06,제주특별자치도 서귀포시 중문관광로72번길 114,33.244167425,126.40557285,20220618192316,,,,50,단독,50,,,N,1,1
1161,제주_파르나스호텔,HM000107,02,06,제주특별자치도 서귀포시 중문관광로72번길 114,33.244167425,126.40557285,20220531185618,,,,50,단독,50,,,N,2,2
1162,제주_파르나스호텔,HM000107,03,06,제주특별자치도 서귀포시 중문관광로72번길 114,33.244167425,126.40557285,20220531185618,,,,50,단독,50,,,N,2,2
1163,제주_파르나스호텔,HM000107,04,06,제주특별자치도 서귀포시 중문관광로72번길 114,33.244167425,126.40557285,20220510083521,,,,50,단독,50,,,N,1,1
1164,제주_파르나스호텔,HM000107,05,06,제주특별자치도 서귀포시 중문관광로72번길 114,33.244167425,126.40557285,20220510082721,,,,50,단독,50,,,N,1,1
1165,제주_파르나스호텔,HM000107,06,06,제주특별자치도 서귀포시 중문관광로72번길 114,33.244167425,126.40557285,20220510083521,,,,50,단독,50,,,N,1,1
1166,제주_파르나스호텔,HM000107,07,06,제주특별자치도 서귀포시 중문관광로72번길 114,33.244167425,126.40557285,20220621160317,,,,50,단독,50,,,N,1,1
1167,제주_파르나스호텔,HM000107,08,06,제주특별자치도 서귀포시 중문관광로72번길 114,33.244167425,126.40557285,20220603144129,,,,50,단독,50,,,N,1,1
1168,제주_파르나스호텔,HM000107,09,06,제주특별자치도 서귀포시 중문관광로72번길 114,33.244167425,126.40557285,20220624164918,,,,50,단독,50,,,N,2,2
1169,제주_파르나스호텔,HM000107,10,06,제주특별자치도 서귀포시 중문관광로72번길 114,33.244167425,126.40557285,20220620010815,,,,50,단독,50,,,N,2,2
1170,제주_파르나스호텔,HM000107,11,06,제주특별자치도 서귀포시 중문관광로72번길 114,33.244167425,126.40557285,20220625031317,,,,50,단독,50,,,N,2,2
1171,제주_파르나스호텔,HM000107,12,06,제주특별자치도 서귀포시 중문관광로72번길 114,33.244167425,126.40557285,20220625031317,,,,50,단독,50,,,N,2,2
1172,제주_파르나스호텔,HM000107,13,06,제주특별자치도 서귀포시 중문관광로72번길 114,33.244167425,126.40557285,20220625153316,,,,50,단독,50,,,N,2,2
1173,제주_파르나스호텔,HM000107,14,06,제주특별자치도 서귀포시 중문관광로72번길 114,33.244167425,126.40557285,20220625031317,,,,50,단독,50,,,N,2,2
1174,제주_파르나스호텔,HM000107,15,06,제주특별자치도 서귀포시 중문관광로72번길 114,33.244167425,126.40557285,20220625050318,,,,50,단독,50,,,N,2,2
1175,제주_파르나스호텔,HM000107,16,06,제주특별자치도 서귀포시 중문관광로72번길 114,33.244167425,126.40557285,20220624115618,,,,50,단독,50,,,N,2,2
1176,제주_파르나스호텔,HM000107,17,06,제주특별자치도 서귀포시 중문관광로72번길 114,33.244167425,126.40557285,20220625031317,,,,50,단독,50,,,N,2,2
1177,제주_파르나스호텔,HM000107,18,06,제주특별자치도 서귀포시 중문관광로72번길 114,33.244167425,126.40557285,20220625031317,,,,50,단독,50,,,N,2,2
1178,제주_파르나스호텔,HM000107,19,06,제주특별자치도 서귀포시 중문관광로72번길 114,33.244167425,126.40557285,20220625031317,,,,50,단독,50,,,N,2,2
1179,제주_파르나스호텔,HM000107,20,06,제주특별자치도 서귀포시 중문관광로72번길 114,33.244167425,126.40557285,20220625031317,,,,50,단독,50,,,N,2,2
1180,제주_파르나스호텔,HM000107,21,06,제주특별자치도 서귀포시 중문관광로72번길 114,33.244167425,126.40557285,20220625031317,,,,50,단독,50,,,N,2,2
1181,태극헤이븐아파트,HS001750,01,02,제주특별자치도 제주시 조천읍 신촌6길 17,33.5335839,126.621980,20220428111738,,,,3,단독,50,,,Y,2,2
1182,태극헤이븐아파트,HS001750,02,02,제주특별자치도 제주시 조천읍 신촌6길 17,33.5335839,126.621980,20220428111738,,,,3,단독,50,,,Y,2,2
1183,태극헤이븐아파트,HS001750,03,02,제주특별자치도 제주시 조천읍 신촌6길 17,33.5335839,126.621980,20220428111738,,,,3,단독,50,,,Y,2,2
1184,태극헤이븐아파트,HS001750,04,02,제주특별자치도 제주시 조천읍 신촌6길 17,33.5335839,126.621980,20220428111738,,,,3,단독,50,,,Y,2,2
1185,태극헤이븐아파트,HS001750,05,02,제주특별자치도 제주시 조천읍 신촌6길 17,33.5335839,126.621980,20220428111738,,,,3,단독,50,,,Y,2,2
1186,태극헤이븐아파트,HS001750,06,02,제주특별자치도 제주시 조천읍 신촌6길 17,33.5335839,126.621980,20220428111738,,,,3,단독,50,,,Y,2,2
1187,신재생에너지홍보관,JC000001,01,06,제주특별자치도 제주시 구좌읍 해맞이해안로 712-3,33.560081,126.818556,20191209110810,,,,,,50,,,Y,9,9
1188,신재생에너지홍보관,JC000001,02,04,제주특별자치도 제주시 구좌읍 해맞이해안로 712-3,33.560081,126.818556,20191209110810,,,,,,50,,,Y,9,9
1189,신재생에너지홍보관,JC000001,03,01,제주특별자치도 제주시 구좌읍 해맞이해안로 712-3,33.560081,126.818556,20191209110810,,,,,,50,,,Y,9,9
1190,신재생에너지홍보관,JC000001,04,04,제주특별자치도 제주시 구좌읍 해맞이해안로 712-3,33.560081,126.818556,20191209110810,,,,,,50,,,Y,9,9
1191,신재생에너지홍보관,JC000001,05,01,제주특별자치도 제주시 구좌읍 해맞이해안로 712-3,33.560081,126.818556,20191209110810,,,,,,50,,,Y,9,9
1192,신재생에너지홍보관,JC000001,06,04,제주특별자치도 제주시 구좌읍 해맞이해안로 712-3,33.560081,126.818556,20191209110810,,,,,,50,,,Y,9,9
1193,신재생에너지홍보관,JC000001,07,01,제주특별자치도 제주시 구좌읍 해맞이해안로 712-3,33.560081,126.818556,20191209110810,,,,,,50,,,Y,9,9
1194,제주특별자치도청,JD000001,01,06,제주특별자치도 제주시 문연로 6,33.489498,126.498488,20220621111810,20220621083204,20220621084803,20220621083204,,,50,,,Y,9,9
1195,제주특별자치도청,JD000001,02,06,제주특별자치도 제주시 문연로 6,33.489498,126.498488,20220621111810,20220621091705,20220621093032,20220621091705,,,50,,,Y,9,9
1196,제주특별자치도청,JD000001,03,06,제주특별자치도 제주시 문연로 6,33.489498,126.498488,20220621111810,20220621084548,20220621091711,20220621084548,,,50,,,Y,9,9
1197,제주특별자치도청,JD000001,04,06,제주특별자치도 제주시 문연로 6,33.489498,126.498488,20220621111810,20220621051218,20220621051821,20220621051218,,,50,,,Y,9,9
1198,제주특별자치도청,JD000001,05,06,제주특별자치도 제주시 문연로 6,33.489498,126.498488,20220621111810,20220621091405,20220621095445,20220621103952,,,50,,,Y,9,9
1199,제주특별자치도청,JD000001,16,06,제주특별자치도 제주시 문연로 6,33.489498,126.498488,20220621111810,20220621092846,20220621100726,20220621092846,,,50,,,Y,9,9
1200,제주특별자치도의회,JD000002,01,06,제주특별자치도 제주시 문연로 13,33.490102,126.49977,20220621111810,20220621071625,20220621072908,20220621071625,,,50,,,Y,9,9
1201,제주특별자치도의회,JD000002,02,06,제주특별자치도 제주시 문연로 13,33.490102,126.49977,20220621111810,20220621090832,20220621092339,20220621102545,,,50,,,Y,9,9
1202,제주특별자치도의회,JD000002,03,02,제주특별자치도 제주시 문연로 13,33.490102,126.49977,20220621111810,20220620131600,20220620175029,20220620131600,,,50,,,Y,9,9
1203,제주시청,JD000003,01,06,제주특별자치도 제주시 광양9길 10,33.500107,126.531568,20220621111810,20220621092457,20220621100458,20220621092457,,,50,,,Y,9,9
1204,제주시청,JD000003,02,06,제주특별자치도 제주시 광양9길 10,33.500107,126.531568,20220621111810,20220621093446,20220621100759,20220621103243,,,50,,,Y,9,9
1205,제주시청,JD000003,03,06,제주특별자치도 제주시 광양9길 10,33.500107,126.531568,20220621111810,20220620171825,20220620175826,20220620171825,,,50,,,Y,9,9
1206,제주시청,JD000003,04,06,제주특별자치도 제주시 광양9길 10,33.500107,126.531568,20220621111810,20220621093329,20220621094002,20220621093329,,,50,,,Y,9,9
1207,제주시청,JD000003,05,02,제주특별자치도 제주시 광양9길 10,33.500107,126.531568,20220621111810,20220616144316,20220616145319,20220616144316,,,50,,,Y,9,9
1208,제주시청,JD000003,06,02,제주특별자치도 제주시 광양9길 10,33.500107,126.531568,20220621111810,20220621094318,20220621103143,20220621094318,,,50,,,Y,9,9
1209,제주시청,JD000003,07,02,제주특별자치도 제주시 광양9길 10,33.500107,126.531568,20220621111810,20220620163248,20220620221921,20220620163248,,,50,,,Y,9,9
1210,제주시청,JD000003,08,02,제주특별자치도 제주시 광양9길 10,33.500107,126.531568,20220621111810,20220620160223,20220620201433,20220620160223,,,50,,,Y,9,9
1211,제주시청,JD000003,09,02,제주특별자치도 제주시 광양9길 10,33.500107,126.531568,20220621111810,20220620165922,20220620213600,20220620165922,,,50,,,Y,9,9
1212,제주시청,JD000003,10,02,제주특별자치도 제주시 광양9길 10,33.500107,126.531568,20220621111810,20220621094021,20220621094125,20220621103900,,,50,,,Y,9,9
1213,제주시청,JD000003,11,02,제주특별자치도 제주시 광양9길 10,33.500107,126.531568,20220621111810,20220620182402,20220621011013,20220620182402,,,50,,,Y,9,9
1214,제주시청,JD000003,12,06,제주특별자치도 제주시 광양9길 10,33.500107,126.531568,20220621111810,20220621085241,20220621093241,20220621100400,,,50,,,Y,9,9
1215,서귀포시청,JD000004,01,06,제주특별자치도 서귀포시 중앙로 105,33.253731,126.560177,20220621111810,20220621091348,20220621094131,20220621100622,,,50,,,Y,9,9
1216,서귀포시청,JD000004,02,06,제주특별자치도 서귀포시 중앙로 105,33.253731,126.560177,20220621111810,20220621101247,20220621102123,20220621104204,,,50,,,Y,9,9
1217,서귀포시청,JD000004,03,02,제주특별자치도 서귀포시 중앙로 105,33.253731,126.560177,20220621111810,20220619162326,20220619170955,20220619162326,,,50,,,Y,9,9
1218,서귀포시청,JD000004,04,02,제주특별자치도 서귀포시 중앙로 105,33.253731,126.560177,20220621111810,20220620154425,20220620163539,20220621085125,,,50,,,Y,9,9
1219,서귀포시청,JD000004,05,02,제주특별자치도 서귀포시 중앙로 105,33.253731,126.560177,20220621111810,20220620203502,20220620203606,20220620203502,,,50,,,Y,9,9
1220,서귀포시청,JD000004,06,02,제주특별자치도 서귀포시 중앙로 105,33.253731,126.560177,20220621111810,20220620183900,20220620203850,20220620183900,,,50,,,Y,9,9
1221,서귀포시청,JD000004,07,02,제주특별자치도 서귀포시 중앙로 105,33.253731,126.560177,20220621111810,20220621085255,20220621101826,20220621085255,,,50,,,Y,9,9
1222,서귀포시청,JD000004,08,02,제주특별자치도 서귀포시 중앙로 105,33.253731,126.560177,20220621111810,20220621091910,20220621091919,20220621101442,,,50,,,Y,9,9
1223,서귀포시청,JD000004,09,02,제주특별자치도 서귀포시 중앙로 105,33.253731,126.560177,20220621111810,20220616102531,20220616102726,20220616102531,,,50,,,Y,9,9
1224,서귀포시청,JD000004,10,02,제주특별자치도 서귀포시 중앙로 105,33.253731,126.560177,20220621111810,20220620184036,20220620195616,20220620184036,,,50,,,Y,9,9
1225,서귀포시청,JD000004,11,02,제주특별자치도 서귀포시 중앙로 105,33.253731,126.560177,20220621111810,20220620171622,20220620191223,20220620171622,,,50,,,Y,9,9
1226,서귀포시청,JD000004,12,02,제주특별자치도 서귀포시 중앙로 105,33.253731,126.560177,20220621111810,20220322080456,20220322080502,20211104140059,,,50,,,Y,9,9
1227,서귀포시청,JD000004,13,02,제주특별자치도 서귀포시 중앙로 105,33.253731,126.560177,20220621111810,20220621075449,20220620152638,20220621075449,,,50,,,Y,9,9
1228,제주시 평생학습센터,JD000005,01,06,제주특별자치도 제주시 사라봉동길 21-1,33.514327,126.547598,20220621111810,20220621102055,20220621103315,20220621103541,,,50,,,Y,9,9
1229,한경면사무소,JD000006,01,06,제주특별자치도 제주시 한경면 두신로 84,33.349999,126.183983,20220621111810,20220620153437,20220620161437,20220620153437,,,50,,,Y,9,9
1230,한경면사무소,JD000006,02,02,제주특별자치도 제주시 한경면 두신로 84,33.349999,126.183983,20220621111810,20220620150719,20220620172147,20220620150719,,,50,,,Y,9,9
1231,한경면사무소,JD000006,03,02,제주특별자치도 제주시 한경면 두신로 84,33.349999,126.183983,20220621111810,20220620073142,20220620123138,20220620073142,,,50,,,Y,9,9
1232,조천읍사무소,JD000007,01,06,제주특별자치도 제주시 조천읍 신북로 194,33.534577,126.63403,20220621111810,20220621081828,20220621083738,20220621081828,,,50,,,Y,9,9
1233,조천읍사무소,JD000007,02,02,제주특별자치도 제주시 조천읍 신북로 194,33.534577,126.63403,20220621111810,20220620182714,20220620195612,20220621093412,,,50,,,Y,9,9
1234,조천읍사무소,JD000007,03,02,제주특별자치도 제주시 조천읍 신북로 194,33.534577,126.63403,20220621111810,20220621103527,20220621103631,20220621103527,,,50,,,Y,9,9
1235,조천읍사무소,JD000007,04,02,제주특별자치도 제주시 조천읍 신북로 194,33.534577,126.63403,20220621111810,20220620214327,20220621001240,20220621095238,,,50,,,Y,9,9
1236,축산진흥원,JD000008,01,06,제주특별자치도 제주시 축산마을길 13,33.4463680,126.4861130,20220621111810,20220620160305,20220620162428,20220621095136,,,50,,,Y,9,9
1237,축산진흥원,JD000008,02,02,제주특별자치도 제주시 축산마을길 13,33.4463680,126.4861130,20220621111810,20220620124237,20220620160313,20220620124237,,,50,,,Y,9,9
1238,아라동사무소,JD000009,01,06,제주특별자치도 제주시 중앙로 527,33.4763042,126.5449827,20220621111810,20220621091641,20220621092538,20220621091641,,,50,,,Y,9,9
1239,아라동사무소,JD000009,02,02,제주특별자치도 제주시 중앙로 527,33.4763042,126.5449827,20220621111810,20220620183551,20220620201702,20220620183551,,,50,,,Y,9,9
1240,남원읍사무소,JD000010,01,06,제주특별자치도 서귀포시 남원읍 태위로 695,33.279806,126.720472,20220621111810,20220620181219,20220620182242,20220621083704,,,50,,,Y,9,9
1241,남원읍사무소,JD000010,02,02,제주특별자치도 서귀포시 남원읍 태위로 695,33.279806,126.720472,20220621111810,20220621084329,20220621100321,20220621084329,,,50,,,Y,9,9
1242,남원읍사무소,JD000010,03,02,제주특별자치도 서귀포시 남원읍 태위로 695,33.279806,126.720472,20220621111810,20220620200742,20220621004550,20220620200742,,,50,,,Y,9,9
1243,남원읍사무소,JD000010,04,06,제주특별자치도 서귀포시 남원읍 태위로 695,33.279806,126.720472,20220621111810,20220621080946,20220621083841,20220621080946,,,50,,,Y,9,9
1244,용담2동 주민센터,JD000011,01,06,제주특별자치도 제주시 흥운길 27,33.5114920,126.5116630,20220621111810,20220620131450,20220620134253,20220620131450,,,50,,,Y,9,9
1245,용담2동 주민센터,JD000011,02,02,제주특별자치도 제주시 흥운길 27,33.5114920,126.5116630,20220621111810,20220620180452,20220621000001,20220620180452,,,50,,,Y,9,9
1246,제주동물위생연구소,JD000012,01,06,제주특별자치도 제주시 조천읍 와흘리 782,33.475663,126.638156,20220621111810,20220620144535,20220620152249,20220620144535,,,50,,,Y,9,9
1247,제주동물위생연구소,JD000012,02,06,제주특별자치도 제주시 조천읍 와흘리 782,33.475663,126.638156,20220621111810,20220618174955,20220618183005,20220618174955,,,50,,,Y,9,9
1248,제주시 보건소,JD000013,01,06,제주특별자치도 제주시 연삼로 264,33.491978,126.519968,20220621111810,20220620162614,20220620164005,20220620162614,,,50,,,Y,9,9
1249,제주시 보건소,JD000013,02,02,제주특별자치도 제주시 연삼로 264,33.491978,126.519968,20220621111810,20211119110811,20211119110852,20211119110811,,,50,,,Y,9,9
1250,제주시 보건소,JD000013,03,02,제주특별자치도 제주시 연삼로 264,33.491978,126.519968,20220621111810,20220617171057,20220617180141,20220617171057,,,50,,,Y,9,9
1251,제주시 보건소,JD000013,04,02,제주특별자치도 제주시 연삼로 264,33.491978,126.519968,20220621111810,20220412170425,20220412185953,20220412170425,,,50,,,Y,9,9
1252,제주시 보건소,JD000013,05,02,제주특별자치도 제주시 연삼로 264,33.491978,126.519968,20220621111810,20220617162054,20220617191524,20220617162054,,,50,,,Y,9,9
1253,제주시 보건소,JD000013,06,06,제주특별자치도 제주시 연삼로 264,33.491978,126.519968,20220621111810,20211105185922,20211105190117,20211105185922,,,50,,,Y,9,9
1254,양지공원,JD000014,01,06,제주특별자치도 제주시 516로 2810-31,33.440365,126.580201,20220621111810,20220621090413,20220621092207,20220621090413,,,50,,,Y,9,9
1255,양지공원,JD000014,02,02,제주특별자치도 제주시 516로 2810-31,33.440365,126.580201,20220621111810,20220620152541,20220620181404,20220620152541,,,50,,,Y,9,9
1256,양지공원,JD000014,03,02,제주특별자치도 제주시 516로 2810-31,33.440365,126.580201,20220621111810,20220620122852,20220620151235,20220620122852,,,50,,,Y,9,9
1257,양지공원,JD000014,04,02,제주특별자치도 제주시 516로 2810-31,33.440365,126.580201,20220621111810,20220523071757,20220523071758,20220523071757,,,50,,,Y,9,9
1258,양지공원,JD000014,05,02,제주특별자치도 제주시 516로 2810-31,33.440365,126.580201,20220621111810,20220607120300,20220607141612,20220607120300,,,50,,,Y,9,9
1259,양지공원,JD000014,06,02,제주특별자치도 제주시 516로 2810-31,33.440365,126.580201,20220621111810,20220617074943,20220617093453,20220617074943,,,50,,,Y,9,9
1260,제주4·3평화공원,JD000015,01,06,제주특별자치도 제주시 명림로 430,33.450701,126.62133,20220621111810,20220621085711,20220621093535,20220621085711,,,50,,,Y,9,9
1261,제주세계자연유산센터,JD000016,01,06,제주특별자치도 제주시 조천읍 선교로 569-36,33.454997,126.711535,20220621111810,20220620143148,20220620151148,20220620170507,,,50,,,Y,9,9
1262,제주세계자연유산센터,JD000016,02,06,제주특별자치도 제주시 조천읍 선교로 569-36,33.454997,126.711535,20220621111810,20220620151345,20220620154836,20220620151345,,,50,,,Y,9,9
1263,제주세계자연유산센터,JD000016,03,06,제주특별자치도 제주시 조천읍 선교로 569-36,33.454997,126.711535,20220621111810,20220620170025,20220620171427,20220620172628,,,50,,,Y,9,9
1264,제주절물자연휴양림,JD000017,01,06,제주특별자치도 제주시 명림로 584,33.440097,126.629759,20220621111810,20220620200911,20220620202037,20220620200911,,,50,,,Y,9,9
1265,제주절물자연휴양림,JD000017,02,02,제주특별자치도 제주시 명림로 584,33.440097,126.629759,20220621111810,20220620202307,20220620202954,20220620202307,,,50,,,Y,9,9
1266,제주벤처마루,JD000018,01,06,제주특별자치도 제주시 중앙로 217,33.500631,126.530415,20220621111810,20220621091308,20220621095309,20220621103415,,,50,,,Y,9,9
1267,건입동주민센터,JD000019,01,02,제주특별자치도 제주시 만덕로 18(건입동),33.515088,126.531461,20220621111810,20220621080429,20220621093505,20220621080429,,,50,,,Y,9,9
1268,제주시 평생학습센터,JD000020,01,02,제주특별자치도 제주시 사라봉동길 15(건입동),33.514083,126.546811,20220621111810,20220620084710,20220620104154,20220621075616,,,50,,,Y,9,9
1269,제주시 평생학습센터,JD000020,02,02,제주특별자치도 제주시 사라봉동길 15(건입동),33.514083,126.546811,20220621111810,20220620213348,20220620223448,20220621082116,,,50,,,Y,9,9
1270,제주해양관리단,JD000021,01,02,제주특별자치도 제주시 임항로 128(건입동),33.519523,126.537626,20220621111810,20220620164031,20220620224234,20220620164031,,,50,,,Y,9,9
1271,제주해양관리단,JD000021,02,02,제주특별자치도 제주시 임항로 128(건입동),33.519523,126.537626,20220621111810,20220620104814,20220620121038,20220620104814,,,50,,,Y,9,9
1272,동부보건소,JD000022,01,02,제주특별자치도 제주시 구좌읍 김녕로14길 6,33.554308,126.751521,20220621111810,20220620141134,20220620164454,20220620141134,,,50,,,Y,9,9
1273,동부보건소,JD000022,02,02,제주특별자치도 제주시 구좌읍 김녕로14길 6,33.554308,126.751521,20220621111810,20220620145858,20220620155411,20220620145858,,,50,,,Y,9,9
1274,동부보건소,JD000022,03,02,제주특별자치도 제주시 구좌읍 김녕로14길 6,33.554308,126.751521,20220621111810,20220620110129,20220620130318,20220620152616,,,50,,,Y,9,9
1275,동부보건소,JD000022,04,02,제주특별자치도 제주시 구좌읍 김녕로14길 6,33.554308,126.751521,20220621111810,20220620225949,20220621072413,20220620225949,,,50,,,Y,9,9
1276,동부농업기술센터,JD000023,01,02,제주특별자치도 제주시 구좌읍 김녕남6길 8,33.550277,126.750528,20220621111810,20220309073243,20220309112934,20220309073243,,,50,,,Y,9,9
1277,동부농업기술센터(농업인교육관),JD000024,01,02,제주특별자치도 제주시 구좌읍 충렬로 166,33.511104,126.842719,20220621111810,20220620074906,20220620122320,20220621074807,,,50,,,Y,9,9
1278,노형동주민센터,JD000025,01,02,제주특별자치도 제주시 노형9길 9-4(노형동),33.483201,126.477242,20220621111810,20220620165611,20220620170636,20220620165611,,,50,,,Y,9,9
1279,제주시 공영버스 주차장,JD000026,01,02,제주특별자치도 제주시 수목원서길 17(노형동),33.469245,126.483357,20220621111810,20220620190648,20220620202352,20220620190648,,,50,,,Y,9,9
1280,노형119센터,JD000027,01,02,제주특별자치도 제주시 광평동로 2(노형동),33.480984,126.472123,20220621111810,20220620150826,20220620213852,,,,50,,,Y,9,9
1281,도두동주민센터,JD000028,01,02,제주특별자치도 제주시 도두1길 9-1(도두일동),33.503033,126.468590,20220621111810,20220620181745,20220621011958,20220620181745,,,50,,,Y,9,9
1282,제주하수처리장,JD000029,01,02,제주특별자치도 제주시 도리로 254(도두이동),33.507502,126.477086,20220621111810,20220618130222,20220618180324,20220618130222,,,50,,,Y,9,9
1283,제주하수처리장,JD000029,02,06,제주특별자치도 제주시 도리로 254(도두이동),33.507502,126.477086,20220621111810,20220620202942,20220620210943,20220620202942,,,50,,,Y,9,9
1284,봉개동주민센터,JD000030,01,02,제주특별자치도 제주시 봉개북1길 15(봉개동),33.491606,126.595104,20220621111810,20220618123402,20220617024932,20220618123402,,,50,,,Y,9,9
1285,제주환경사무소,JD000031,01,02,제주특별자치도 제주시 송이길 226(회천동),33.462038,126.629288,20220621111810,20220620152017,20220620152038,20220620152017,,,50,,,Y,9,9
1286,삼도1동 주민센터,JD000032,01,02,제주특별자치도 제주시 전농로 40,33.503622,126.518355,20220621111810,20220617103709,20220617133149,20220621002419,,,50,,,Y,9,9
1287,삼도1동 주민센터,JD000032,02,02,제주특별자치도 제주시 전농로 40,33.503622,126.518355,20220621111810,20220619221337,20220620010257,20220619221337,,,50,,,Y,9,9
1288,삼양동주민센터,JD000033,01,02,제주특별자치도 제주시 지석13길 6,33.521759,126.585746,20220621111810,20220620181627,20220620223135,20220621080910,,,50,,,Y,9,9
1289,삼양동주민센터,JD000033,02,06,제주특별자치도 제주시 지석13길 6,33.521759,126.585746,20220621111810,20220621095212,20220621102705,20220621095212,,,50,,,Y,9,9
1290,서귀포 예술의전당,JD000034,01,02,제주특별자치도 서귀포시 태평로 270,33.245276,126.551742,20220621111810,20220620180517,20220620180553,20220620180517,,,50,,,Y,9,9
1291,서귀포 예술의전당,JD000034,02,06,제주특별자치도 서귀포시 태평로 270,33.245276,126.551742,20220621111810,20220614145458,20220614155834,20220614145458,,,50,,,Y,9,9
1292,자치경찰단 아라청사,JD000035,05,02,제주특별자치도 제주시 기자길 7(아라이동),33.484880,126.544015,20220621111810,20220620162334,20220620183153,20220620162334,,,50,,,Y,9,9
1293,자치경찰단 아라청사,JD000035,06,02,제주특별자치도 제주시 기자길 7(아라이동),33.484880,126.544015,20220621111810,20220620073249,20220620124104,20220621104141,,,50,,,Y,9,9
1294,농산물원종장,JD000036,01,02,제주특별자치도 제주시 애월읍 월각로 563-20,33.375644,126.328458,20220621111810,20220618083453,20220618124325,20220618083453,,,50,,,Y,9,9
1295,애월119센터,JD000037,01,02,제주특별자치도 제주시 애월읍 일주서로 6513,33.466551,126.348879,20220621111810,20220621011959,20220621032547,20220621011959,,,50,,,Y,9,9
1296,애월체육관,JD000038,01,02,제주특별자치도 제주시 애월읍 일주서로 6349,33.46286,126.332481,20220621111810,20220618112131,20220618124218,20220618112131,,,50,,,Y,9,9
1297,애월체육관,JD000038,02,02,제주특별자치도 제주시 애월읍 일주서로 6349,33.46286,126.332481,20220621111810,20220620164444,20220620175423,20220621102205,,,50,,,Y,9,9
1298,애월체육관,JD000038,03,06,제주특별자치도 제주시 애월읍 일주서로 6349,33.46286,126.332481,20220621111810,20220305140020,20220305140022,20220305140020,,,50,,,Y,9,9
1299,제주농업기술센터,JD000039,01,02,제주특별자치도 제주시 애월읍 상귀길 173,33.458525,126.403750,20220621111810,20220620170205,20220620182727,20220621080419,,,50,,,Y,9,9
1300,보건환경연구원,JD000040,01,02,제주특별자치도 제주시 삼동길 41,33.479923,126.494949,20220621111810,20220620161358,20220620184127,20220620161358,,,50,,,Y,9,9
1301,설문대여성문화센터,JD000041,01,02,제주특별자치도 제주시 선덕로8길 12,33.484225,126.500773,20220621111810,20220620190139,20220621003229,20220620190139,,,50,,,Y,9,9
1302,연동주민센터,JD000042,01,02,제주특별자치도 제주시 신대로 101,33.488118,126.496782,20220621111810,20220620113740,20220620123724,20220620113740,,,50,,,Y,9,9
1303,소방안전본부,JD000043,01,02,제주특별자치도 제주시 신대로9길 22,33.490581,126.498888,20220621111810,20220619211936,20220620022733,20220621081023,,,50,,,Y,9,9
1304,소방안전본부,JD000043,02,02,제주특별자치도 제주시 신대로9길 22,33.490581,126.498888,20220621111810,20220602045319,20220602055710,20220602045319,,,50,,,Y,9,9
1305,소방안전본부,JD000043,03,02,제주특별자치도 제주시 신대로9길 22,33.490581,126.498888,20220621111810,20220620223250,20220621005054,20220620223250,,,50,,,Y,9,9
1306,연동119센터,JD000044,01,02,제주특별자치도 제주시 문송길 14(연동),33.488513,126.497246,20220621111810,20220322064105,20220322110313,20220322064105,,,50,,,Y,9,9
1307,제주도청 2청사,JD000045,01,02,제주특별자치도 제주시 문연로 30(연동),33.489277,126.500883,20220621111810,20220621083337,20220621085251,20220621083337,,,50,,,Y,9,9
1308,제주도청 2청사,JD000045,02,02,제주특별자치도 제주시 문연로 30(연동),33.489277,126.500883,20220621111810,20220620175149,20220620183907,20220620175149,,,50,,,Y,9,9
1309,제주도청 2청사,JD000045,03,02,제주특별자치도 제주시 문연로 30(연동),33.489277,126.500883,20220621111810,20220621092945,20220621095551,20220621092945,,,50,,,Y,9,9
1310,제주도청 2청사,JD000045,04,02,제주특별자치도 제주시 문연로 30(연동),33.489277,126.500883,20220621111810,20220620172803,20220621003812,20220620172803,,,50,,,Y,9,9
1311,제주도청 2청사,JD000045,05,02,제주특별자치도 제주시 문연로 30(연동),33.489277,126.500883,20220621111810,20220514141933,20220514141935,20220514141933,,,50,,,Y,9,9
1312,한라수목원(자연생태학습관),JD000046,01,02,제주특별자치도 제주시 수목원길 72,33.4690818,126.49134908317,20220621111810,20220612150147,20220612172843,20220612150147,,,50,,,Y,9,9
1313,한라수목원(자연생태학습관),JD000046,02,06,제주특별자치도 제주시 수목원길 72,33.4690818,126.49134908317,20220621111810,20220615203823,20220615203937,20220615203823,,,50,,,Y,9,9
1314,오라동주민센터,JD000047,01,02,제주특별자치도 제주시 오라로10길 6(오라이동),33.495095,126.511678,20220621111810,20220620214306,20220621014000,20220621074447,,,50,,,Y,9,9
1315,오라동주민센터,JD000047,02,06,제주특별자치도 제주시 오라로10길 6(오라이동),33.495095,126.511678,20220621111810,20220621081658,20220621085700,20220621103625,,,50,,,Y,9,9
1316,제주아트센터,JD000048,01,02,제주특별자치도 제주시 오남로 231(오라이동)　,33.475516,126.514535,20220621111810,20220620172800,20220620172811,,,,50,,,Y,9,9
1317,제주종합경기장,JD000049,01,02,제주특별자치도 제주시 서광로2길 24(오라일동),33.496114,126.516676,20220621111810,20220502084052,20220502114712,20220502084052,,,50,,,Y,9,9
1318,제주종합경기장,JD000049,02,02,제주특별자치도 제주시 서광로2길 24(오라일동),33.496114,126.516676,20220621111810,20220502114015,20220502132856,20220502114015,,,50,,,Y,9,9
1319,제주종합경기장,JD000049,03,02,제주특별자치도 제주시 서광로2길 24(오라일동),33.496114,126.516676,20220621111810,20220502114909,20220502114918,20220502114909,,,50,,,Y,9,9
1320,외도동주민센터,JD000050,01,02,제주특별자치도 제주시 일주서로 7350,33.492793,126.432250,20220621111810,20220620211559,20220620235553,20220621080113,,,50,,,Y,9,9
1321,용담1동 주민센터,JD000051,01,02,제주특별자치도 제주시 용남3길 11(용담일동),33.509603,126.514036,20220621111810,20220620145935,20220620175753,20220620145935,,,50,,,Y,9,9
1322,우도면사무소,JD000052,01,02,제주특별자치도 제주시 우도면 우도로 153,33.506111,126.953424,20220621111810,20220620173459,20220621002407,20220620173459,,,50,,,Y,9,9
1323,우도면사무소,JD000052,02,06,제주특별자치도 제주시 우도면 우도로 153,33.506111,126.953424,20220621111810,20220621082952,20220621090952,20220621082952,50,단독,50,,,Y,9,9
1324,우도보건지소,JD000053,01,02,제주특별자치도 제주시 우도면 우도로 153,33.506111,126.953424,20220621111810,20211202182022,20211202190249,20211202182022,,,50,,,Y,9,9
1325,고용센터(상록회관),JD000054,01,02,제주특별자치도 제주시 중앙로 165(이도일동)　,33.504344,126.527023,20220621111810,20220617164447,20220617184640,20220620151554,,,50,,,Y,9,9
1326,이도1동주민센터,JD000055,01,02,제주특별자치도 제주시 중앙로25길 17(이도일동),33.506668,126.526926,20220621111810,20220620193237,20220620205535,20220620193237,,,50,,,Y,9,9
1327,이도2동주민센터,JD000056,01,02,제주특별자치도 제주시 오복3길 8,33.496986,126.535480,20220621111810,20220620171745,20220620201742,20220620171745,,,50,,,Y,9,9
1328,제주소방서,JD000057,01,02,제주특별자치도 제주시 중앙로 342(이도이동),33.491053,126.536814,20220621111810,20220620171534,20220620211831,20220620171534,,,50,,,Y,9,9
1329,제주소방서,JD000057,02,02,제주특별자치도 제주시 중앙로 342(이도이동),33.491053,126.536814,20220621111810,20220619195349,20220619214813,20220619195349,,,50,,,Y,9,9
1330,제주소방서,JD000057,03,02,제주특별자치도 제주시 중앙로 342(이도이동),33.491053,126.536814,20220621111810,20220620162210,20220621015317,20220620162210,,,50,,,Y,9,9
1331,제주소방서,JD000057,04,02,제주특별자치도 제주시 중앙로 342(이도이동),33.491053,126.536814,20220621111810,20220620174128,20220620222943,20220620174128,,,50,,,Y,9,9
1332,제주시청 직장어린이집,JD000058,01,02,제주특별자치도 제주시 동광로6길 22(이도이동),33.500253,126.532608,20220621111810,20220620165642,20220620170645,20220621073412,,,50,,,Y,9,9
1333,제주시청 직장어린이집,JD000058,02,02,제주특별자치도 제주시 동광로6길 22(이도이동),33.500253,126.532608,20220621111810,20220620081719,20220620194434,20220620081719,,,50,,,Y,9,9
1334,제주시청 직장어린이집,JD000058,03,02,제주특별자치도 제주시 동광로6길 22(이도이동),33.500253,126.532608,20220621111810,20220620183815,20220621013309,20220621073111,,,50,,,Y,9,9
1335,제주시청 직장어린이집,JD000058,04,02,제주특별자치도 제주시 동광로6길 22(이도이동),33.500253,126.532608,20220621111810,20220606075817,20220606003723,20220606075817,,,50,,,Y,9,9
1336,이호동주민센터,JD000059,01,02,제주특별자치도 제주시 백포서길 9(이호일동),33.499712,126.458288,20220621111810,20220621012734,20220621065311,20220621012734,,,50,,,Y,9,9
1337,일도1동주민센터,JD000060,01,02,제주특별자치도 제주시 중앙로7길 15,33.514933,126.526405,20220621111810,20220621091220,20220621101640,20220621091220,,,50,,,Y,9,9
1338,문화예술진흥원,JD000061,01,02,제주특별자치도 제주시 동광로 69(일도이동),33.505156,126.535347,20220621111810,20220621022020,20220621045534,20220621022020,,,50,,,Y,9,9
1339,민속자연사박물관,JD000062,01,02,제주특별자치도 제주시 삼성로 40(일도이동),33.506347,126.530400,20220621111810,20220619122426,20220619134916,,,,50,,,Y,9,9
1340,일도2동주민센터,JD000063,01,02,제주특별자치도 제주시 신산로9길 41,33.510297,126.537169,20220621111810,20220620195957,20220620213226,20220621090112,,,50,,,Y,9,9
1341,제주돌문화공원,JD000064,01,02,제주특별자치도 제주시 조천읍 남조로 2023,33.448765,126.661969,20220621111810,20220621084801,20220621100136,20220621084801,,,50,,,Y,9,9
1342,제주도 상하수도본부,JD000065,01,02,제주특별자치도 제주시 조천읍 중산간동로 601,33.499618,126.650290,20220621111810,20220617170751,20220617181455,20220617170751,,,50,,,Y,9,9
1343,제주도 상하수도본부,JD000065,02,02,제주특별자치도 제주시 조천읍 중산간동로 601,33.499618,126.650290,20220621111810,20220617124635,20220617134336,20220621091647,,,50,,,Y,9,9
1344,제주도 상하수도본부,JD000065,03,06,제주특별자치도 제주시 조천읍 중산간동로 601,33.499618,126.650290,20220621111810,20220620201911,20220620201935,20220621085131,,,50,,,Y,9,9
1345,조천 항일기념관,JD000066,01,02,제주특별자치도 　제주시 조천읍 신북로 303,33.541454,126.643074,20220621111810,20220620201938,20220621013747,20220620201938,,,50,,,Y,9,9
1346,추자면사무소,JD000067,01,02,제주특별자치도 제주시 추자면 추자로 26,33.963594,126.296167,20220621111810,20220618142514,20220618173601,20220618142514,,,50,,,Y,9,9
1347,추자도보건지소,JD000068,01,02,제주특별자치도 제주시 영흥리 364-13,33.960451,126.296128,20220621111810,20220618103045,20220618113659,20220618103045,,,50,,,Y,9,9
1348,서부보건소,JD000069,01,02,제주특별자치도 제주시 한림읍 강구로 5,33.412218,126.269606,20220621111810,20220616145054,20220616154235,20220616145054,,,50,,,Y,9,9
1349,서부보건소,JD000069,02,02,제주특별자치도 제주시 한림읍 강구로 5,33.412218,126.269606,20220621111810,20220616154202,20220616170318,20220616154202,,,50,,,Y,9,9
1350,서부보건소,JD000069,03,02,제주특별자치도 제주시 한림읍 강구로 5,33.412218,126.269606,20220621111810,20220620183509,20220621004507,20220620183509,,,50,,,Y,9,9
1351,서부보건소,JD000069,04,02,제주특별자치도 제주시 한림읍 강구로 5,33.412218,126.269606,20220621111810,20220620154721,20220620174736,20220621080400,,,50,,,Y,9,9
1352,서부보건소,JD000069,05,02,제주특별자치도 제주시 한림읍 강구로 5,33.412218,126.269606,20220621111810,20220620075922,20220620100404,20220620075922,,,50,,,Y,9,9
1353,서부보건소,JD000069,06,02,제주특별자치도 제주시 한림읍 강구로 5,33.412218,126.269606,20220621111810,20220620165259,20220620175900,20220620165259,,,50,,,Y,9,9
1354,서부보건소,JD000069,07,02,제주특별자치도 제주시 한림읍 강구로 5,33.412218,126.269606,20220621111810,20220620084310,20220620103045,20220621075039,,,50,,,Y,9,9
1355,서부보건소,JD000069,08,02,제주특별자치도 제주시 한림읍 강구로 5,33.412218,126.269606,20220621111810,20220613131511,20220613152741,20220613131511,,,50,,,Y,9,9
1356,한림읍사무소,JD000070,01,02,제주특별자치도 제주시 한림읍 한림상로 132,33.410604,126.267094,20220621111810,20220615102339,20220615102638,20220615102339,,,50,,,Y,9,9
1357,한림읍사무소,JD000070,02,02,제주특별자치도 제주시 한림읍 한림상로 132,33.410604,126.267094,20220621111810,20220615102900,20220615103506,20220615102900,,,50,,,Y,9,9
1358,한림읍사무소,JD000070,03,06,제주특별자치도 제주시 한림읍 한림상로 132,33.410604,126.267094,20220621111810,20220614144410,20220614152412,20220614144410,,,50,,,Y,9,9
1359,한림읍사무소,JD000070,04,06,제주특별자치도 제주시 한림읍 한림상로 132,33.410604,126.267094,20220621111810,20220621084517,20220621092331,20220621084517,50,단독,50,,,Y,9,9
1360,한림읍사무소,JD000070,05,06,제주특별자치도 제주시 한림읍 한림상로 132,33.410604,126.267094,20220621111810,20220621094741,20220621101131,20220621104117,50,단독,50,,,Y,9,9
1361,한림체육관,JD000071,01,02,제주특별자치도 제주시 한림읍 한림중앙로 71-9,33.409864,126.269379,20220621111810,20220621043800,20220621085713,20220621043800,,,50,,,Y,9,9
1362,서부소방서,JD000072,01,02,제주특별자치도 제주시 한림읍 한림중앙로 150,33.402575,126.270508,20220621111810,20220620172213,20220620192010,20220620172213,,,50,,,Y,9,9
1363,서부소방서,JD000072,02,02,제주특별자치도 제주시 한림읍 한림중앙로 150,33.402575,126.270508,20220621111810,20220618075902,20220618091021,20220620165938,,,50,,,Y,9,9
1364,서부소방서,JD000072,03,02,제주특별자치도 제주시 한림읍 한림중앙로 150,33.402575,126.270508,20220621111810,20220620192327,20220620213216,20220620192327,,,50,,,Y,9,9
1365,서부농업기술센터,JD000073,01,02,제주특별자치도 제주시 한림읍 월림7길 90,33.353598,126.248331,20220621111810,20220620202301,20220620204253,20220621100346,,,50,,,Y,9,9
1366,서부농업기술센터,JD000073,02,02,제주특별자치도 제주시 한림읍 월림7길 90,33.353598,126.248331,20220621111810,20220519073647,20220519084313,20220519073647,,,50,,,Y,9,9
1367,화북119센터,JD000074,01,02,제주특별자치도 제주시 동화로 1길 3(화북일동),33.519314,126.573658,20220621111810,20220621100438,20220620050814,,,,50,,,Y,9,9
1368,화북동주민센터,JD000075,01,02,제주특별자치도 제주시 진남로6길 17(화북일동),33.520164,126.565550,20220621111810,20220620211754,20220621014045,20220620211754,,,50,,,Y,9,9
1369,서귀포시 동부보건소,JD000076,01,02,제주특별자치도 서귀포시 남원읍 태위로 527,33.275780,126.703276,20220621111810,20220621080151,20220621080200,20220621080151,,,50,,,Y,9,9
1370,서귀포시 동부보건소,JD000076,02,02,제주특별자치도 서귀포시 남원읍 태위로 527,33.275780,126.703276,20220621111810,20220620165542,20220620213947,20220620165542,,,50,,,Y,9,9
1371,서귀포시 동부보건소,JD000076,03,02,제주특별자치도 서귀포시 남원읍 태위로 527,33.275780,126.703276,20220621111810,20220620161325,20220621002039,20220620161325,,,50,,,Y,9,9
1372,서귀포시 동부보건소,JD000076,04,02,제주특별자치도 서귀포시 남원읍 태위로 527,33.275780,126.703276,20220621111810,20220610115928,20220612164418,20220610115928,,,50,,,Y,9,9
1373,서귀포시 동부보건소,JD000076,05,02,제주특별자치도 서귀포시 남원읍 태위로 527,33.275780,126.703276,20220621111810,20220615204033,20220616000535,20220615204033,,,50,,,Y,9,9
1374,서귀포시 동부보건소,JD000076,06,02,제주특별자치도 서귀포시 남원읍 태위로 527,33.275780,126.703276,20220621111810,20220620163526,20220620184653,20220621094549,,,50,,,Y,9,9
1375,서귀포농업기술센터,JD000077,01,02,제주특별자치도 서귀포시 남원읍 중산간동로 7413,33.287941,126.607025,20220621111810,20220620081646,20220620110507,20220620162915,,,50,,,Y,9,9
1376,서귀포농업기술센터,JD000077,02,02,제주특별자치도 서귀포시 남원읍 중산간동로 7413,33.287941,126.607025,20220621111810,20220620125754,20220620141544,20220620125754,,,50,,,Y,9,9
1377,서귀포농업기술센터,JD000077,03,02,제주특별자치도 서귀포시 남원읍 중산간동로 7413,33.287941,126.607025,20220621111810,20220610163028,20220610181556,20220610163028,,,50,,,Y,9,9
1378,대륜동주민센터,JD000078,01,02,제주특별자치도 서귀포시 일주동로 9185(법환동),33.248172,126.511346,20220621111810,20220618174707,20220618174714,20220618174707,,,50,,,Y,9,9
1379,치유의 숲,JD000079,01,02,제주특별자치도 서귀포시 산록남로 2271,33.291520,126.529385,20220621111810,20220620091608,20220620141524,20220621101420,,,50,,,Y,9,9
1380,치유의 숲,JD000079,02,02,제주특별자치도 서귀포시 산록남로 2271,33.291520,126.529385,20220621111810,20220620123116,20220620133011,20220621092838,,,50,,,Y,9,9
1381,가파도 마을회관,JD000080,01,02,제주특별자치도 서귀포시 대정읍 가파로 73,33.1664378,126.273529,20220621111810,20220621045141,20220621064041,20220621045141,,,50,,,Y,9,9
1382,대정 영어교육도시,JD000081,01,02,제주특별자치도 서귀포시 대정읍 에듀시티로 86,33.287330,126.281888,20220621111810,20220620211141,20220621005224,20220620211141,,,50,,,Y,9,9
1383,대정119센터,JD000082,01,02,제주특별자치도 서귀포시 대정읍 일주서로 2717,33.223242,126.256192,20220621111810,20220620155815,20220620182600,20220620155815,,,50,,,Y,9,9
1384,무릉문화의집,JD000084,01,02,제주특별자치도 서귀포시 대정읍 서삼중로 128,33.273242,126.199090,20220621111810,20220620114604,20220620123136,20220620114604,,,50,,,Y,9,9
1385,서부보건소,JD000085,01,02,제주특별자치도 서귀포시 대정읍 최남단해안로15번길 12,33.218972,126.253438,20220621111810,20220620180609,20220620203007,20220620180609,,,50,,,Y,9,9
1386,서부보건소,JD000085,02,02,제주특별자치도 서귀포시 대정읍 최남단해안로15번길 12,33.218972,126.253438,20220621111810,20220620215007,20220620215154,20220620215007,,,50,,,Y,9,9
1387,서부보건소,JD000085,03,02,제주특별자치도 서귀포시 대정읍 최남단해안로15번길 12,33.218972,126.253438,20220621111810,20220620215238,20220621013426,20220620215238,,,50,,,Y,9,9
1388,서부보건소,JD000085,04,02,제주특별자치도 서귀포시 대정읍 최남단해안로15번길 12,33.218972,126.253438,20220621111810,20220620094306,20220620155648,20220620094306,,,50,,,Y,9,9
1389,서부보건소,JD000085,05,06,제주특별자치도 서귀포시 대정읍 최남단해안로15번길 12,33.218972,126.253438,20220621111810,20220620174918,20220620175915,20220621053739,,,50,,,Y,9,9
1390,대천동주민센터,JD000087,01,02,제주특별자치도 서귀포시 도순로 44,33.250852,126.477748,20220621111810,20220620165253,20220620180621,20220620165253,,,50,,,Y,9,9
1391,동홍동주민센터,JD000088,01,02,제주특별자치도 서귀포시 동홍로 104(동홍동),33.257678,126.569148,20220621111810,20220620183339,20220620210557,20220621054049,,,50,,,Y,9,9
1392,동홍119센터,JD000089,01,02,제주특별자치도 서귀포시 서홍로 14,33.249211,126.553228,20220621111810,20220615183639,20220612115523,20220621103010,,,50,,,Y,9,9
1393,서귀포시 노인복지회관,JD000090,01,02,제주특별자치도 서귀포시 태평로537번길 40-9(동홍동),33.25451872,126.57081835,20220621111810,20220620162030,20220620223535,20220621103814,,,50,,,Y,9,9
1394,송산동주민센터,JD000091,01,02,제주특별자치도 서귀포시 소암로 4(서귀동),33.245089,126.566024,20220621111810,20220619141203,20220619170521,20220619141203,,,50,,,Y,9,9
1395,정방동주민센터,JD000092,01,02,제주특별자치도 서귀포시 태평로421번길 7(서귀동),33.245794,126.565187,20220621111810,20220620133751,20220620152646,20220620133751,,,50,,,Y,9,9
1396,자치경찰단 서귀포지역대청사,JD000094,01,02,제주특별자치도 서귀포시 부두로 1(서귀동),33.245089,126.566024,20220621111810,20220620124306,20220620133121,20220621083341,,,50,,,Y,9,9
1397,자치경찰단 서귀포지역대청사,JD000094,02,02,제주특별자치도 서귀포시 부두로 1(서귀동),33.245089,126.566024,20220621111810,20220528143923,20220528143944,20220528143923,,,50,,,Y,9,9
1398,천지동주민센터,JD000095,01,02,제주특별자치도 서귀포시 중정로47번길 3,33.247821,126.561452,20220621111810,20220621041805,20220621050712,20220621041805,,,50,,,Y,9,9
1399,서귀포수협수산물직매장,JD000096,01,02,제주특별자치도 서귀포시 칠십리로72번길 1(서귀동),33.240012,126.565751,20220621111810,20220620080358,20220620135400,20220620080358,,,50,,,Y,9,9
1400,삼매봉 도서관,JD000097,01,02,제주특별자치도 서귀포시 남성중로153번길 15,33.244349,126.552332,20220621111810,20220514133446,20220514151102,20220514133446,,,50,,,Y,9,9
1401,서귀포보건소,JD000098,01,02,제주특별자치도 서귀포시 중앙로101번길 52(서홍동),33.253230,126.555150,20220621111810,20220620154646,20220620191944,20220620154646,,,50,,,Y,9,9
1402,서귀포보건소,JD000098,02,02,제주특별자치도 서귀포시 중앙로101번길 52(서홍동),33.253230,126.555150,20220621111810,20220621082038,20220621082954,20220621082038,,,50,,,Y,9,9
1403,서귀포보건소,JD000098,03,02,제주특별자치도 서귀포시 중앙로101번길 52(서홍동),33.253230,126.555150,20220621111810,20220620150525,20220620185832,20220620150525,,,50,,,Y,9,9
1404,서귀포보건소,JD000098,04,02,제주특별자치도 서귀포시 중앙로101번길 52(서홍동),33.253230,126.555150,20220621111810,20220620075942,20220620122737,20220621075518,,,50,,,Y,9,9
1405,서귀포보건소,JD000098,05,02,제주특별자치도 서귀포시 중앙로101번길 52(서홍동),33.253230,126.555150,20220621111810,20220620081458,20220620110517,20220620164517,,,50,,,Y,9,9
1406,서귀포보건소,JD000098,06,02,제주특별자치도 서귀포시 중앙로101번길 52(서홍동),33.253230,126.555150,20220621111810,20220620162808,20220620193101,20220620162808,,,50,,,Y,9,9
1407,서귀포보건소,JD000098,07,02,제주특별자치도 서귀포시 중앙로101번길 52(서홍동),33.253230,126.555150,20220621111810,20220618153625,20220618162525,20220618153625,,,50,,,Y,9,9
1408,서귀포보건소,JD000098,08,02,제주특별자치도 서귀포시 중앙로101번길 52(서홍동),33.253230,126.555150,20220621111810,20220620202011,20220621001239,20220621093101,,,50,,,Y,9,9
1409,서홍동주민센터,JD000099,01,02,제주특별자치도 서귀포시 서홍동 397-24 ,33.255707,126.560297,20220621111810,20220617112347,20220617112349,20220617112347,,,50,,,Y,9,9
1410,천지연폭포 주차장,JD000100,01,02,제주특별자치도 서귀포시 남성중로 2-15(서홍동),33.244597,126.560152,20220621111810,20220619134923,20220619145805,20220619134923,,,50,,,Y,9,9
1411,동부소방서,JD000101,01,02,제주특별자치도 서귀포시 성산읍 일주동로4120번길 7,33.460359,126.909838,20220621111810,20220621065514,20220621083804,20220621065514,,,50,,,Y,9,9
1412,성산보건지소,JD000102,01,02,제주특별자치도 서귀포시 성산읍 고성오조로 42,33.447217,126.915426,20220621111810,20220616152556,20220616152607,,,,50,,,Y,9,9
1413,성산보건지소,JD000102,02,06,제주특별자치도 서귀포시 성산읍 고성오조로 42,33.447217,126.915426,20220621111810,20220621002143,20220621010143,20220621002143,50,단독,50,,,Y,9,9
1414,성산보건지소,JD000102,03,06,제주특별자치도 서귀포시 성산읍 고성오조로 42,33.447217,126.915426,,,,,50,단독,50,,,Y,9,9
1415,안덕면사무소,JD000103,01,02,제주특별자치도 서귀포시 안덕면 화순서서로 74,33.257497,126.330359,20220621111810,20220621082837,20220621094607,20220621082837,,,50,,,Y,9,9
1416,안덕면사무소,JD000103,02,02,제주특별자치도 서귀포시 안덕면 화순서서로 74,33.257497,126.330359,20220621111810,20220620150054,20220620162603,20220621083251,,,50,,,Y,9,9
1417,안덕면사무소,JD000103,03,02,제주특별자치도 서귀포시 안덕면 화순서서로 74,33.257497,126.330359,20220621111810,20220620083810,20220620130606,20220620083810,,,50,,,Y,9,9
1418,안덕면사무소,JD000103,04,02,제주특별자치도 서귀포시 안덕면 화순서서로 74,33.257497,126.330359,20220621111810,20220614082845,20220614130844,20220614082845,,,50,,,Y,9,9
1419,안덕산방도서관,JD000104,01,02,제주특별자치도 서귀포시 안덕면 화순서서로 44,33.254945,126.330421,20220621111810,20220619220756,20220620003531,20220619220756,,,50,,,Y,9,9
1420,영천동주민센터,JD000105,01,02,제주특별자치도 서귀포시 토평로 15,33.268629,126.586800,20220621111810,20220620105641,20220620140708,20220620105641,,,50,,,Y,9,9
1421,예래동주민센터,JD000106,01,02,제주특별자치도 서귀포시 예래로 82(상예동),33.254193,126.398023,20220621111810,20220621085405,20220621093741,20220621085405,,,50,,,Y,9,9
1422,색달쓰레기매립장,JD000107,01,02,제주특별자치도 서귀포시 산록남로1241번길 145(색달동),33.309861,126.418481,20220621111810,20220619202705,20220619225700,20220621073309,,,50,,,Y,9,9
1423,색달하수처리장,JD000108,01,02,제주특별자치도 서귀포시 예래해안로 348(색달동),33.242468,126.396632,20220621111810,20220608142703,20220608145707,20220608142703,,,50,,,Y,9,9
1424,(구)중문보건지소,JD000109,01,02,제주특별자치도 서귀포시 천제연로 147(중문동),33.253274,126.420935,20220621111810,20220521211710,20220522011049,20220521211710,,,50,,,Y,9,9
1425,서귀포자연휴양림,JD000111,01,02,제주특별자치도 서귀포시 대포동 산1-1,33.311173,126.458916,20220621111810,20220620161004,20220620183120,20220620161004,,,50,,,Y,9,9
1426,서귀포자연휴양림,JD000111,02,02,제주특별자치도 서귀포시 대포동 산1-1,33.311173,126.458916,20220621111810,20220621083732,20220621094208,20220621083732,,,50,,,Y,9,9
1427,서귀포자연휴양림,JD000111,03,02,제주특별자치도 서귀포시 대포동 산1-1,33.311173,126.458916,20220621111810,20220620131952,20220618135047,20220620131952,,,50,,,Y,9,9
1428,서귀포자연휴양림,JD000111,04,02,제주특별자치도 서귀포시 대포동 산1-1,33.311173,126.458916,20220621111810,20220619152912,20220619163638,20220619152912,,,50,,,Y,9,9
1429,붉은오름 자연휴양림,JD000112,01,02,제주특별자치도 서귀포시 표선면 남조로 1487-73,33.403175,126.678710,20220621111810,20220620155519,20220620160723,20220621085946,,,50,,,Y,9,9
1430,표선면사무소,JD000113,01,02,제주특별자치도 서귀포시 표선면 표선중앙로 74,33.326508,126.831736,20220621111810,20220620084719,20220620115518,20220620145651,,,50,,,Y,9,9
1431,표선면사무소,JD000113,02,02,제주특별자치도 서귀포시 표선면 표선중앙로 74,33.326508,126.831736,20220621111810,20220620182059,20220620195904,20220621092228,,,50,,,Y,9,9
1432,해양수산연구원,JD000114,01,02,제주특별자치도 서귀포시 표선면 민속해안로 292,33.307339,126.829999,20220621111810,20220616155839,20220616163804,20220616155839,,,50,,,Y,9,9
1433,표선119센터,JD000115,01,02,제주특별자치도 서귀포시 표선면 표선관정로 39-16,33.327252,126.827708,20220621111810,20220619085801,20220619182801,20220621073657,,,50,,,Y,9,9
1434,표선보건지소,JD000116,01,02,제주특별자치도 서귀포시 표선면 표선중앙로 21,33.330958,126.830497,20220621111810,20220620104846,20220620125433,20220620104846,,,50,,,Y,9,9
1435,효돈동주민센터,JD000117,01,02,제주특별자치도 서귀포시 효돈로152번길 7,33.263230,126.615505,20220621111810,20220613134643,20220613170603,20220613134643,,,50,,,Y,9,9
1436,제주시청 열린정보센터(지하),JD000118,01,02,제주특별자치도 제주시 광양9길 17(이도이동),33.499794,126.531243,20220621111810,20220609191314,20220609215755,20220609191314,,,50,,,Y,9,9
1437,제주시청 열린정보센터(지하),JD000118,02,02,제주특별자치도 제주시 광양9길 17(이도이동),33.499794,126.531243,20220621111810,20220516085722,20220516092348,20220516085722,,,50,,,Y,9,9
1438,제주시청 열린정보센터(지하),JD000118,03,02,제주특별자치도 제주시 광양9길 17(이도이동),33.499794,126.531243,20220621111810,20220616162032,20220616165731,20220616162032,,,50,,,Y,9,9
1439,서귀포 평생학습관,JD000119,01,02,제주특별자치도 서귀포시 서문로 29번길 10,33.249351,126.558886,20220621111810,20220620134953,20220620162115,20220620134953,,,50,,,Y,9,9
1440,삼도2동주민센터,JD000120,01,02,제주특별자치도 제주시 관덕로6길 15,33.511752,126.522115,20220621111810,20220621072711,20220621104345,20220621072711,,,50,,,Y,9,9
1441,인재개발원,JD000121,01,02,제주특별자치도 제주시 산천단동길 26(아라일동),33.446691,126.559766,20220621111810,20220620005038,20220620063903,20220620005038,,,50,,,Y,9,9
1442,인재개발원,JD000121,02,02,제주특별자치도 제주시 산천단동길 26(아라일동),33.446691,126.559766,20220621111810,20220620153856,20220620180215,20220620153856,,,50,,,Y,9,9
1443,인재개발원,JD000121,03,06,제주특별자치도 제주시 산천단동길 26(아라일동),33.446691,126.559766,20220621111810,20220621084322,20220621092332,20220621084322,,,50,,,Y,9,9
1444,인재개발원,JD000121,04,06,제주특별자치도 제주시 산천단동길 26(아라일동),33.446691,126.559766,20220621111810,20220621101914,20220621102846,20220621101914,,,50,,,Y,9,9
1445,서부하수종말처리장,JD000122,01,02,제주특별자치도 제주시 한경면 판포리 1608,33.3700342,126.206166,20220621111810,20220618085420,20220618121202,20220621084049,,,50,,,Y,9,9
1446,서귀포 소방서,JD000123,01,02,제주특별자치도 서귀포시 서호남로 20,33.2495638,126.514096,20220621111810,20220620011842,20220620073954,20220620011842,,,50,,,Y,9,9
1447,서귀포 소방서,JD000123,02,06,제주특별자치도 서귀포시 서호남로 20,33.2495638,126.514096,20220621111810,20220621103451,20220621103552,20220621103729,,,50,,,Y,9,9
1448,서귀포 소방서,JD000123,03,06,제주특별자치도 서귀포시 서호남로 20,33.2495638,126.514096,20220621111810,20220621061559,20220621062943,20220621104013,,,50,,,Y,9,9
1449,효돈119센터,JD000124,01,02,제주특별자치도 서귀포시 일주동로 8234(신효동),33.2608403,126.607755,20220621111810,20220329093428,20220329115655,20220329093428,,,50,,,Y,9,9
1450,중문동주민센터,JD000126,01,06,제주특별자치도 서귀포시 1100로 30,33.253374,126.433615,20220621111810,20220620231104,20220620231640,20220621103205,,,50,,,Y,9,9
1451,중문동주민센터,JD000126,02,02,제주특별자치도 서귀포시 1100로 30,33.253374,126.433615,20220621111810,20220620075054,20220620163718,20220620075054,,,50,,,Y,9,9
1452,중문동주민센터,JD000126,03,02,제주특별자치도 서귀포시 1100로 30,33.253374,126.433615,20190604150710,,,,,,50,,,Y,9,9
1453,삼도1동 청소년문화의집,JD000127,01,02,제주특별자치도 제주시 서사로14길 16,33.503622,126.518355,20220621111810,20220621084522,20220621094302,20220621084522,,,50,,,Y,9,9
1454,소방교육대,JD000128,01,02,제주특별자치도 제주시 산천단동길 24,33.447246,126.558810,20220621111810,20220619172108,20220620070027,20220621061619,,,50,,,Y,9,9
1455,성산읍노인복지회관,JD000129,01,06,제주특별자치도 서귀포시 성산읍 산성효자로 67,33.448609,126.906512,20220621111810,20220620174458,20220620180913,20220620174458,,,50,,,Y,9,9
1456,성산읍노인복지회관,JD000129,02,06,제주특별자치도 서귀포시 성산읍 산성효자로 67,33.448609,126.906512,20220621111810,20220620163734,20220620170443,20220620163734,,,50,,,Y,9,9
1457,근로자종합복지관 주차장,JD100001,01,06,제주특별자치도 제주시 수목원길 9,33.469694,126.486227,20220621111810,20220621101151,20220621103928,20220621101151,,,50,,,Y,9,9
1458,근로자종합복지관 주차장,JD100001,02,06,제주특별자치도 제주시 수목원길 9,33.469694,126.486227,20220621111810,20220621084204,20220621092205,20220621100347,,,50,,,Y,9,9
1459,노형제1공영주차장,JD100002,01,06,제주특별자치도 제주시 노형동 1282-1,33.485890,126.477147,20220621111810,20220621083603,20220621091154,20220621101013,,,50,,,N,9,9
1460,노형제1공영주차장,JD100002,02,06,제주특별자치도 제주시 노형동 1282-1,33.485890,126.477147,20220621111810,20220621101927,20220621103326,20220621101927,,,50,,,N,9,9
1461,아라지구 공영주차장,JD100003,01,06,제주특별자치도 제주시 아라1동 6093-4,33.473644,126.544659,20220621111810,20210702162211,20210702164232,,,,50,,,Y,9,9
1462,일도삼주아파트,JD100004,01,06,제주특별자치도 제주시 천수로 18,33.503724,126.543192,20220621111810,20220621083848,20220621091949,20220621103341,,,50,,,Y,9,9
1463,이도이동 복층화 공영주차장,JD100005,01,06,제주특별자치도 제주시 오복3길 9,33.496804,126.534987,20220621111810,20220621092102,20220621095228,20220621092102,,,50,,,N,9,9
1464,이도이동 복층화 공영주차장,JD100005,02,06,제주특별자치도 제주시 오복3길 9,33.496804,126.534987,20220621111810,20220621095201,20220621100735,20220621095201,,,50,,,N,9,9
1465,성산읍사무소,JD100007,01,06,제주특별자치도 서귀포시 성산읍 일주동로 4330,33.442122,126.911023,20220621111810,20220621095035,20220621103037,20220621095035,,,50,,,Y,9,9
1466,성산읍사무소,JD100007,02,06,제주특별자치도 서귀포시 성산읍 일주동로 4330,33.442122,126.911023,20220621111810,20220621101014,20220621102246,20220621101014,,,50,,,Y,9,9
1467,성산읍사무소,JD100007,03,02,제주특별자치도 서귀포시 성산읍 일주동로 4330,33.442122,126.911023,20220621111810,20220620140630,20220620171926,20220621084938,,,50,,,Y,9,9
1468,성산읍사무소,JD100007,04,02,제주특별자치도 서귀포시 성산읍 일주동로 4330,33.442122,126.911023,20220621111810,20220620120849,20220620143021,20220621084551,,,50,,,Y,9,9
1469,성산읍사무소,JD100007,05,06,제주특별자치도 서귀포시 성산읍 일주동로 4330,33.442122,126.911023,20220621111810,20220620120848,20220620124849,20220621083727,,,50,,,Y,9,9
1470,혼인지,JD100008,01,06,제주특별자치도 서귀포시 성산읍 혼인지로 39-22,33.414971,126.894093,20220621111810,20220620160209,20220620162210,20220620160209,,,50,,,Y,9,9
1471,혼인지,JD100008,02,06,제주특별자치도 서귀포시 성산읍 혼인지로 39-22,33.414971,126.894093,20220621111810,20220620182953,20220620185430,20220620182953,,,50,,,Y,9,9
1472,제주항 여객터미널,JD100009,01,06,제주특별자치도 제주시 임항로 111,33.519427,126.534479,20220621111810,20220621090726,20220621093115,20220621090726,,,50,,,N,9,9
1473,제주항 여객터미널,JD100009,02,06,제주특별자치도 제주시 임항로 111,33.519427,126.534479,20220621111810,20220621091544,20220621094951,20220621091544,,,50,,,N,9,9
1474,도청 제2청사 후문주차장,JD100010,01,06,제주특별자치도 제주시,33.488284,126.50001088,20220621111810,20220620220152,20220620224153,20220621102411,,,50,,,N,9,9
1475,도청 제2청사 후문주차장,JD100010,02,06,제주특별자치도 제주시,33.488284,126.50001088,20220621111810,20220621071734,20220621075205,20220621071734,,,50,,,N,9,9
1476,도청 제2청사 후문주차장,JD100010,03,02,제주특별자치도 제주시,33.488284,126.50001088,20220621111810,20220615162428,20220615201937,20220615162428,,,50,,,N,9,9
1477,도청 제2청사 후문주차장,JD100010,04,02,제주특별자치도 제주시,33.488284,126.50001088,20220621111810,20220620181511,20220621010712,20220620181511,,,50,,,N,9,9
1478,도청 제2청사 후문주차장,JD100010,05,02,제주특별자치도 제주시,33.488284,126.50001088,20220621111810,20220621074729,20220621102758,20220621074729,,,50,,,N,9,9
1479,도청 제2청사 후문주차장,JD100010,06,02,제주특별자치도 제주시,33.488284,126.50001088,20220621111810,20220620205612,20220621011214,20220620205612,,,50,,,N,9,9
1480,도청 제2청사 후문주차장,JD100010,07,02,제주특별자치도 제주시,33.488284,126.50001088,20220621111810,20220619081601,20220619125919,20220619081601,,,50,,,N,9,9
1481,도청 제2청사 후문주차장,JD100010,08,02,제주특별자치도 제주시,33.488284,126.50001088,20220621111810,20220610123445,20220610133629,20220610123445,,,50,,,N,9,9
1482,도청 제2청사 후문주차장,JD100010,09,02,제주특별자치도 제주시,33.488284,126.50001088,20220621111810,20220609215229,20220609215319,20220609215229,,,50,,,N,9,9
1483,구좌읍주민센터,JD100011,01,06,제주특별자치도 제주시 일주동로 3116,33.522559,126.852085,20220621111810,20220621073959,20220621074717,20220621082225,,,50,,,Y,9,9
1484,구좌읍주민센터,JD100011,02,02,제주특별자치도 제주시 일주동로 3116,33.522559,126.852085,20220621111810,20220619005348,20220619101749,20220621095702,,,50,,,Y,9,9
1485,구좌읍주민센터,JD100011,03,02,제주특별자치도 제주시 일주동로 3116,33.522559,126.852085,20220621111810,20220620234155,20220621065701,20220621090340,,,50,,,Y,9,9
1486,구좌읍주민센터,JD100011,04,02,제주특별자치도 제주시 일주동로 3116,33.522559,126.852085,20220621111810,20220620171218,20220620190155,20220621084950,,,50,,,Y,9,9
1487,구좌읍주민센터,JD100011,05,02,제주특별자치도 제주시 일주동로 3116,33.522559,126.852085,20220621111810,20220620134101,20220620143903,20220620134101,,,50,,,Y,9,9
1488,구좌읍주민센터,JD100011,06,06,제주특별자치도 제주시 일주동로 3116,33.522559,126.852085,20220621111810,20220620162142,20220620164830,20220621102339,,,50,,,Y,9,9
1489,구좌읍주민센터,JD100011,07,06,제주특별자치도 제주시 일주동로 3116,33.522559,126.852085,20220621111810,20220621084715,20220621092716,20220621100650,,,50,,,Y,9,9
1490,동부경찰서,JD100012,01,06,제주특별자치도 제주시 동광로 66,33.503049,126.536066,20220621111810,20220620223109,20220620224700,20220620223109,,,50,,,Y,9,9
1491,동부경찰서,JD100012,02,06,제주특별자치도 제주시 동광로 66,33.503049,126.536066,20220621111810,20220621082735,20220621083355,20220621103225,,,50,,,Y,9,9
1492,제주학생문화원,JD100013,01,06,제주특별자치도 제주시 연삼로 489,33.500975,126.541059,20220621111810,20220621082801,20220621090801,20220621082801,,,50,,,Y,9,9
1493,정방동공영주차장,JD100014,01,06,제주특별자치도 서귀포시 서귀동 403-3,33.247842,126.565355,20220621111810,20220621083841,20220621085308,20220621083841,,,50,,,N,9,9
1494,정방동공영주차장,JD100014,02,06,제주특별자치도 서귀포시 서귀동 403-3,33.247842,126.565355,20220621111810,20220620222435,20220620225252,20220620222435,,,50,,,N,9,9
1495,정방동공영주차장,JD100014,03,06,제주특별자치도 서귀포시 서귀동 403-3,33.247842,126.565355,20220621111810,20220620201614,20220620205615,20220620201614,,,50,,,N,9,9
1496,송악산공영주차장,JD100015,01,06,제주특별자치도 서귀포시 대정읍 상모리 165,33.206038,126.288949,20220621111810,20220621095243,20220621102602,20220621095243,,,50,,,Y,9,9
1497,송악산공영주차장,JD100015,02,06,제주특별자치도 서귀포시 대정읍 상모리 165,33.206038,126.288949,20220621111810,20220616132315,20220616133938,20220616132315,,,50,,,Y,9,9
1498,서귀포 제2청사,JD100016,01,06,제주특별자치도 서귀포시 신중로 55,33.255631,126.510596,20220621111810,20220621084817,20220621091315,20220621100407,,,50,,,N,9,9
1499,서귀포 제2청사,JD100016,02,06,제주특별자치도 서귀포시 신중로 55,33.255631,126.510596,20220621111810,20220621081625,20220621083511,20220621081625,,,50,,,N,9,9
1500,서귀포 제2청사,JD100016,03,02,제주특별자치도 서귀포시 신중로 55,33.255631,126.510596,20220621111810,20220619071109,20220619071130,20220621085026,,,50,,,N,9,9
1501,서귀포 제2청사,JD100016,04,02,제주특별자치도 서귀포시 신중로 55,33.255631,126.510596,20220621111810,20220620095435,20220620163053,20220620095435,,,50,,,N,9,9
1502,서귀포 제2청사,JD100016,05,02,제주특별자치도 서귀포시 신중로 55,33.255631,126.510596,20220621111810,20220619213458,20220619213602,20220619213458,,,50,,,N,9,9
1503,서귀포 제2청사,JD100016,06,02,제주특별자치도 서귀포시 신중로 55,33.255631,126.510596,20220621111810,20220619213745,20220620040109,20220619213745,,,50,,,N,9,9
1504,서귀포 제2청사,JD100016,07,02,제주특별자치도 서귀포시 신중로 55,33.255631,126.510596,20220621111810,20220620181031,20220620204439,20220621084822,,,50,,,N,9,9
1505,서귀포 제2청사,JD100016,08,02,제주특별자치도 서귀포시 신중로 55,33.255631,126.510596,20220621111810,20220620093117,20220620093706,20220621090237,,,50,,,N,9,9
1506,서귀포 제2청사,JD100016,09,02,제주특별자치도 서귀포시 신중로 55,33.255631,126.510596,20220621111810,20220617174807,20220617211927,20220617174807,,,50,,,N,9,9
1507,신산청소년문화의집,JD100017,01,06,제주특별자치도 서귀포시 성산읍 일주동로 5101-1,33.381135,126.877353,20220621111810,20220619195454,20220619200638,20220619195454,,,50,,,Y,9,9
1508,외도동 공영주차장,JD100018,01,06,제주특별자치도 제주시 외도1동 497-16,33.487676,126.429739,20220621111810,20220614183158,20220614183159,20220614183158,,,50,,,Y,9,9
1509,동홍아파트 5단지,JD100019,01,06,제주특별자치도 서귀포시 중산간동로 8002,33.26560451,126.56184527,20220621111810,20220620205824,20220620211653,20220620205824,,,50,,,Y,9,9
1510,동홍아파트 5단지,JD100019,02,06,제주특별자치도 서귀포시 중산간동로 8002,33.26560451,126.56184527,20220621111810,20220621091220,20220621093242,20220621103420,,,50,,,Y,9,9
1511,동홍아파트 5단지,JD100019,03,06,제주특별자치도 서귀포시 중산간동로 8002,33.26560451,126.56184527,20220621111810,20220621100113,20220621101959,20220621100113,,,50,,,Y,9,9
1512,동홍아파트 5단지,JD100019,04,06,제주특별자치도 서귀포시 중산간동로 8002,33.26560451,126.56184527,20220621111810,20220618173003,20220618175451,20220618173003,,,50,,,Y,9,9
1513,노형 부영아파트 1단지,JD100020,01,06,제주특별자치도 제주시 원노형로 93,33.4801071,126.48504634,20220621111810,20220621082833,20220621090834,20220621082833,,,50,,,Y,9,9
1514,노형 부영아파트 1단지,JD100020,02,06,제주특별자치도 제주시 원노형로 93,33.4801071,126.48504634,20220621111810,20220621094517,20220621102519,20220621094517,,,50,,,Y,9,9
1515,탐라도서관,JD100021,01,06,제주특별자치도 제주시 정원로 50,33.479063,126.477324,20220621111810,20220615171043,20220615171050,20220615171043,,,50,,,Y,9,9
1516,탐라도서관,JD100021,02,06,제주특별자치도 제주시 정원로 50,33.479063,126.477324,20220621111810,20220613214842,20220613222844,20220613214842,,,50,,,Y,9,9
1517,탐라도서관,JD100021,03,06,제주특별자치도 제주시 정원로 50,33.479063,126.477324,20220621111810,20220621095528,20220621101745,20220621103002,,,50,,,Y,9,9
1518,제주특별자치도교육청,JD100022,01,06,제주특별자치도 제주시 문연로 5,33.490450,126.497622,20220621111810,20220620232158,20220620233221,20220620232158,,,50,,,Y,9,9
1519,걸매축구장,JD100023,01,06,제주특별자치도 서귀포시 서홍로4-26,33.249188,126.554328,20220621111810,20220621053721,20220621061722,20220621103309,,,50,,,Y,9,9
1520,걸매축구장,JD100023,02,06,제주특별자치도 서귀포시 서홍로4-26,33.249188,126.554328,20220621111810,20220608191551,20220608194128,20220608191551,,,50,,,Y,9,9
1521,고용복지플러스센터,JD100024,01,06,제주특별자치도 제주시 중앙로 165,33.504284,126.527160,20220621111810,20220620210936,20220620214937,20220621102936,,,50,,,Y,9,9
1522,남원생활체육관,JD100025,01,06,제주특별자치도 서귀포시 남원읍 태위로 551-27,33.278057,126.704457,20220621111810,20211116102225,20211116104200,20211116102225,,,50,,,Y,9,9
1523,대륜동 문화복지센터,JD100026,01,06,제주특별자치도 서귀포시 서호남로 10,33.250293,126.513312,20220621111810,20220621083612,20220621084848,20220621083612,,,50,,,Y,9,9
1524,도장애인종합복지관,JD100027,01,06,제주특별자치도 제주시 516로 3120,33.452592,126.552784,20220621111810,20220620153738,20220620154601,20220620153738,,,50,,,Y,9,9
1525,동부종합사회복지관,JD100028,01,06,제주특별자치도 서귀포시 성산읍 일출로 14-11,33.446705,126.913277,20220621111810,20220620145253,20220620151856,20220620145253,,,50,,,Y,9,9
1526,동부종합사회복지관,JD100028,02,06,제주특별자치도 서귀포시 성산읍 일출로 14-11,33.446705,126.913277,20220621111810,20220620184408,20220620192410,20220620184408,,,50,,,Y,9,9
1527,동제주종합사회복지관,JD100029,01,06,제주특별자치도 제주시 구좌읍 평대 12길 15,33.523096,126.848905,20220621111810,20220617102451,20220617110450,20220617145016,,,50,,,Y,9,9
1528,서귀포 테니스장,JD100030,01,06,제주특별자치도 서귀포시 동홍로99번길 36,33.257842,126.563831,20220621111810,20220617212604,20220617214539,20220618174927,,,50,,,Y,9,9
1529,서귀포 테니스장,JD100030,02,06,제주특별자치도 서귀포시 동홍로99번길 36,33.257842,126.563831,20220621111810,20220621080620,20220621081629,20220621080620,,,50,,,Y,9,9
1530,강정보건지소,JD100031,01,06,제주특별자치도 서귀포시 강정통물로 112,33.237210,126.477758,20220621111810,20220621075232,20220621081453,20220621075232,,,50,,,Y,9,9
1531,서귀포시서부종합사회복지관,JD100032,01,06,제주특별자치도 서귀포시 대정읍 신영로 23,33.223843,126.247828,20220621111810,20220621072713,20220621075656,20220621093014,,,50,,,Y,9,9
1532,서귀포시서부종합사회복지관,JD100032,02,06,제주특별자치도 서귀포시 대정읍 신영로 23,33.223843,126.247828,20220621111810,20220616195636,20220616203637,20220616195636,,,50,,,Y,9,9
1533,서귀포시장애인종합사회복지관,JD100033,01,06,제주특별자치도 서귀포시 인정오름로 24,33.286786,126.584595,20220621111810,20220621081754,20220621085327,20220621081754,,,50,,,Y,9,9
1534,소망요양원,JD100034,01,06,제주특별자치도 제주시 구좌읍 동김길 150,33.547932,126.731643,20220621111810,20220613153226,20220613153509,20220613153226,,,50,,,Y,9,9
1535,자광원,JD100035,01,06,제주특별자치도 서귀포시 이어도로 343번길 101,33.247151,126.448444,20220621111810,20220619233005,20220620001006,20220619233005,,,50,,,Y,9,9
1536,정방동문화의집,JD100036,01,06,제주특별자치도 서귀포시 동부로12번길 11,33.246493,126.570366,20220621111810,20220619093727,20220619095231,20220621103303,,,50,,,Y,9,9
1537,제주공천포전지훈련센터,JD100037,01,06,제주특별자치도 서귀포시 남원읍 신례로 96,33.277305,126.641340,20220621111810,20220620145448,20220620153124,20220620145448,,,50,,,Y,9,9
1538,제주공천포전지훈련센터,JD100037,02,06,제주특별자치도 서귀포시 남원읍 신례로 96,33.277305,126.641340,20220621111810,20220621084539,20220621092612,20220621084539,,,50,,,Y,9,9
1539,제주도농아복지관,JD100038,01,06,제주특별자치도 제주시 우령서로 16길 19,33.484888,126.425712,20220621111810,20220620210830,20220620214830,20220620210830,,,50,,,Y,9,9
1540,제주도농아복지관,JD100038,02,06,제주특별자치도 제주시 우령서로 16길 19,33.484888,126.425712,20220621111810,20220619130202,20220619132642,20220619130202,,,50,,,Y,9,9
1541,제주영상미디어센터,JD100039,01,06,제주특별자치도 제주시 신산로 82,33.506054,126.534899,20220621111810,20220621101513,20220621101917,20220621102156,,,50,,,Y,9,9
1542,제주영상미디어센터,JD100039,02,06,제주특별자치도 제주시 신산로 82,33.506054,126.534899,20220621111810,20220621095516,20220621100336,20220621095516,,,50,,,Y,9,9
1543,제주시각장애인복지관,JD100040,01,06,제주특별자치도 제주시 아봉로 433,33.471126,126.581254,20220621111810,20220621065112,20220621071940,20220621065112,,,50,,,Y,9,9
1544,제주애덕의집,JD100041,01,06,제주특별자치도 제주시 기와5길 87,33.490723,126.558174,20220621111810,20220620163444,20220620164502,20220620163444,,,50,,,Y,9,9
1545,제주양로원,JD100042,01,06,제주특별자치도 제주시 장군내길 68-1,33.473745,126.448205,20220621111810,20220620092459,20220620100459,20220620092459,,,50,,,Y,9,9
1546,제주월드컵경기장,JD100043,01,06,제주특별자치도 서귀포시 월드컵로 31,33.246861,126.507135,20220621111810,20220620163445,20220620171444,20220620200450,,,50,,,Y,9,9
1547,제주추사관,JD100044,01,06,제주특별자치도 서귀포시 대정읍 추사로 36번길 1,33.250079,126.279088,20220621111810,20220621065856,20220621070815,20220621065856,,,50,,,Y,9,9
1548,제주춘강의원,JD100045,01,06,제주특별자치도 제주시 월구 1길 73,33.493687,126.501710,20220621111810,20220617074747,20220617082753,20220617074747,,,50,,,Y,9,9
1549,조천체육관,JD100046,01,06,제주특별자치도 제주시 조천읍 조천18길 11-1,33.539190,126.643706,20220621111810,20220621054244,20220621061755,20220621054244,,,50,,,Y,9,9
1550,중앙공용주차장,JD100047,01,06,제주특별자치도 서귀포시 서귀동 291-63(최상층),33.249979,126.562136,20220621111810,20220620202722,20220620205015,20220620202722,,,50,,,N,9,9
1551,중앙공용주차장,JD100047,02,06,제주특별자치도 서귀포시 서귀동 291-63(최상층),33.249979,126.562136,20220621111810,20220620210756,20220620214757,20220620210756,,,50,,,N,9,9
1552,해변공연장,JD100048,01,06,제주특별자치도 제주시 중앙로 2,33.518375,126.523779,20220621111810,20220620214701,20220620222702,20220621081850,,,50,,,Y,9,9
1553,효돈축구공원,JD100049,01,06,제주특별자치도 서귀포시 효돈순환로311-29,33.25937413,126.61057793,20220621111810,20220621081958,20220621085959,20220621081958,,,50,,,Y,9,9
1554,효돈축구공원,JD100049,02,06,제주특별자치도 서귀포시 효돈순환로311-29,33.25937413,126.61057793,20220621111810,20220620173320,20220620173326,20220621093339,,,50,,,Y,9,9
1555,제주교도소 민원인주차장,JD110001,01,06,제주특별자치도 제주시 정실동길 51,33.4627872,126.515054,20220621111810,20220620083715,20220620091720,20220620083715,,,50,,,Y,9,9
1556,동화초등학교 공영주차장,JD110002,01,06,제주특별자치도 제주시,33.5179387,126.576723,20220621111810,20220621063339,20220621071340,20220621063339,,,50,,,Y,9,9
1557,제주연구원,JD110003,01,06,제주특별자치도 제주시 아연로 253,33.4676183,126.514693,20220621111810,20220621085410,20220621093411,20220621102918,,,50,,,Y,9,9
1558,더럭초등학교주차장,JD110004,01,06,제주특별자치도 제주시,33.452799,126.345172,20220621111810,20220621083923,20220621084403,20220621083923,,,50,,,Y,9,9
1559,제주전파관리소,JD110005,01,06,제주특별자치도 제주시 애월읍 도치돌길 385,33.4047788,126.372698,20220621111810,20220617171352,20220617175355,20220617171352,,,50,,,Y,9,9
1560,연동대림2차아파트,JD110006,01,06,제주특별자치도 제주시 연화로 25,33.47907543,126.48956311,20220621111810,20220621093201,20220621101204,20220621093201,,,50,,,Y,9,9
1561,노형e-편한세상,JD110007,01,06,제주특별자치도 제주시 수덕로 78,33.48463086,126.467973,20220621111810,20220620185556,20220620193558,20220620185556,,,50,,,Y,9,9
1562,함덕광명샤인빌,JD110008,01,06,제주특별자치도 제주시 조천읍 함덕30길 27,33.538023,126.677073,20220621111810,20220621032050,20220621040053,20220621032050,,,50,,,Y,9,9
1563,하귀휴먼시아1단지아파트,JD110009,01,06,제주특별자치도 제주시 애월읍 하귀9길 45,33.4840067,126.4164477,20220621111810,20220620112146,20220620120149,20220620112146,,,50,,,Y,9,9
1564,노형뜨란채아파트,JD110010,01,06,제주특별자치도 제주시 수덕로 44,33.487982,126.4706243,20220621111810,20220621065016,20220621072142,20220621065016,,,50,,,Y,9,9
1565,노형뜨란채아파트,JD110010,02,06,제주특별자치도 제주시 수덕로 44,33.487982,126.4706243,20220621111810,20220621083619,20220621084721,20220621103129,,,50,,,Y,9,9
1566,화북동공영주차장,JD110011,01,06,제주특별자치도 제주시,33.5199554,126.5735082,20220621111810,20220621070910,20220621074909,20220621075022,,,50,,,Y,9,9
1567,화북동공영주차장,JD110011,02,06,제주특별자치도 제주시,33.5199554,126.5735082,20220621111810,20220620162047,20220620170048,20220621073735,,,50,,,Y,9,9
1568,옹포리사무소,JD110012,01,06,제주특별자치도 제주시 한림읍 월계로 21,33.4034078,126.2553962,20220621111810,20220621094954,20220621095053,20220621094954,,,50,,,Y,9,9
1569,한림금능농공단지(제주맥주),JD110013,01,06,제주특별자치도 제주시 한림읍 금능농공길 62-11,33.3582846,126.2411858,20220621111810,20220621073001,20220621075326,20220621073001,,,50,,,Y,9,9
1570,한경체육관,JD110014,01,06,제주특별자치도 제주시 한경면 칠전로 41,33.3011526,126.1845393,20220621111810,20220621094117,20220621100147,20220621094117,,,50,,,Y,9,9
1571,하귀문화의집,JD110015,01,06,제주특별자치도 제주시 애월읍 하귀로21길 30,33.47963015,126.40331894,20220621111810,20220620215919,20220620223316,20220620215919,,,50,,,Y,9,9
1572,조천도서관,JD110016,01,06,제주특별자치도 제주시 조천읍 일주동로 1189,33.53769415,126.667639,20220621111810,20220621092808,20220621100809,20220621092808,,,50,,,Y,9,9
1573,에코촌 유스호스텔,JD110017,01,06,제주특별자치도 제주시 조천읍 북흘로 376-9,33.5168867,126.7037204,20220621111810,20220620134226,20220620141114,20220621095746,,,50,,,Y,9,9
1574,중앙병원,JD110019,01,06,제주특별자치도 제주시 월랑로 91,33.49122705,126.46979762,20220621111810,20220620224220,20220620230845,20220620224220,,,50,,,Y,9,9
1575,중앙병원,JD110019,02,06,제주특별자치도 제주시 월랑로 91,33.49122705,126.46979762,20220621111810,20220620234057,20220620235408,20220620234057,,,50,,,Y,9,9
1576,그루터기,JD110020,01,06,제주특별자치도 제주시 원당북로 65,33.53302043,126.60013206,20220621111810,20220617090840,20220617094841,20220617090840,,,50,,,Y,9,9
1577,우도면 조일리사무소,JD110021,01,06,제주특별자치도 제주시 우도면 우도비양길 89,33.5098063,126.9629057,20220621111810,20220617124507,20220617132508,20220617124507,,,50,,,Y,9,9
1578,제주장애인스포츠센터,JD110022,01,06,제주특별자치도 제주시,33.48652631,126.4368259,20220621111810,20220620194923,20220620201517,20220621082049,,,50,,,Y,9,9
1579,제주장애인스포츠센터,JD110022,02,06,제주특별자치도 제주시,33.48652631,126.4368259,20220621111810,20220621082916,20220621083602,20220621082916,,,50,,,Y,9,9
1580,대한적십자 제주혈액원,JD110023,01,06,제주특별자치도 제주시 오남로 45,33.4912004,126.520229,20220621111810,20220620205104,20220620205200,20220621085751,,,50,,,Y,9,9
1581,한라도서관,JD110024,01,06,제주특별자치도 제주시 오남로 221,33.47621593,126.516175,20220621111810,20220621091631,20220621092025,20220621091631,,,50,,,Y,9,9
1582,영평하동 마을회관,JD110025,01,06,제주특별자치도 제주시 영강길 142,33.4863137,126.5738883,20220621111810,20220620124819,20220620132044,20220620193205,,,50,,,Y,9,9
1583,중엄리사무소,JD110027,01,06,제주특별자치도 제주시 애월읍 중용길 6,33.4727098,126.372614,20220621111810,20220621080753,20220621084754,20220621080753,,,50,,,Y,9,9
1584,한길정보통신학교,JD110028,01,06,제주특별자치도 제주시 애월읍 장소로 515,33.4083898,126.3860311,20220621111810,20220620114910,20220620120353,20220620114910,,,50,,,Y,9,9
1585,부면동정류장 뒤 마을시설,JD110029,01,06,제주특별자치도 제주시 애월읍 어림비로 203,33.41639691,126.3325313,20220621111810,20220620143446,20220620151447,20220621101754,,,50,,,Y,9,9
1586,납읍리보건소,JD110030,01,06,제주특별자치도 제주시 애월읍 납읍로2길 2,33.43872311,126.33012631,20220621111810,20220621001344,20220621001919,20220621101547,,,50,,,Y,9,9
1587,고성2리경로당,JD110031,01,06,제주특별자치도 제주시 애월읍 고성남1길 1,33.4356323,126.4252454,20220621111810,20220620224605,20220620230229,20220621102104,,,50,,,Y,9,9
1588,한원리노인복지관,JD110032,01,06,제주특별자치도 제주시 한경면 신한로 185,33.33851703,126.1959637,20220621111810,20220620193558,20220620195948,20220620193558,,,50,,,Y,9,9
1589,한라병원,JD110034,01,06,제주특별자치도 제주시 도령로 65,33.4896681,126.4849521005,20220621111810,20220620155653,20220620162210,20220620155653,,,50,,,N,9,9
1590,시민복지타운 공영주차장,JD110035,01,06,제주특별자치도 제주시,33.4888961,126.5259043,20220621111810,20220621061307,20220621061641,20220621103504,,,50,,,Y,9,9
1591,시민복지타운 공영주차장,JD110035,02,06,제주특별자치도 제주시,33.4888961,126.5259043,20220621111810,20220621090208,20220621092956,20220621100812,,,50,,,Y,9,9
1592,한국교통방송 제주본부,JD110036,01,06,제주특별자치도 제주시 기자길 101,33.47842377,126.5499966,20220621111810,20220620230735,20220620234736,20220621062402,,,50,,,Y,9,9
1593,한국교통방송 제주본부,JD110036,02,06,제주특별자치도 제주시 기자길 101,33.47842377,126.5499966,20220621111810,20220621095055,20220621100510,20220621095055,,,50,,,Y,9,9
1594,금악리새마을회,JD110037,01,06,제주특별자치도 제주시 한림읍 금악로1길 15,33.36007468,126.2947019,20220621111810,20220621085545,20220621093546,20220621085545,,,50,,,Y,9,9
1595,구좌농공단지(제주이야기),JD110038,01,06,제주특별자치도 제주시 구좌읍 행원로13길 67,33.5532597,126.8168887,20220621111810,20220620161555,20220620165556,20220620161555,,,50,,,Y,9,9
1596,동복ESH주택,JD110040,01,06,제주특별자치도 제주시,33.54812678,126.7064619,20220621111810,20220619142954,20220619150955,20220619201145,,,50,,,Y,9,9
1597,모로왓제2공영주차장,JD110041,01,06,제주특별자치도 제주시,33.5117328,126.5442340,20220621111810,20220620124157,20220620130048,20220620124157,,,50,,,N,9,9
1598,모로왓제2공영주차장,JD110041,02,04,제주특별자치도 제주시,33.5117328,126.5442340,20220621111810,20220621070333,20220621074720,20220621070333,,,50,,,N,9,9
1599,모로왓제2공영주차장,JD110041,03,01,제주특별자치도 제주시,33.5117328,126.5442340,20220621111810,20220618210449,20220618213018,20220618210449,,,50,,,N,9,9
1600,모로왓제2공영주차장,JD110041,04,04,제주특별자치도 제주시,33.5117328,126.5442340,20220621111810,20220620110633,20220620115021,20220620110633,,,50,,,N,9,9
1601,모로왓제2공영주차장,JD110041,05,01,제주특별자치도 제주시,33.5117328,126.5442340,20220621111810,20220620214152,20220620221055,20220620214152,,,50,,,N,9,9
1602,모로왓제2공영주차장,JD110041,06,04,제주특별자치도 제주시,33.5117328,126.5442340,20220621111810,20220621042241,20220621044922,20220621042241,,,50,,,N,9,9
1603,모로왓제2공영주차장,JD110041,07,01,제주특별자치도 제주시,33.5117328,126.5442340,20220621111810,20220620140635,20220620141433,20220620140635,,,50,,,N,9,9
1604,모로왓제2공영주차장,JD110041,08,02,제주특별자치도 제주시,33.5117328,126.5442340,20220621111810,20220621042853,20220621095354,20220621042853,,,50,,,N,9,9
1605,모로왓제2공영주차장,JD110041,09,02,제주특별자치도 제주시,33.5117328,126.5442340,20220621111810,20220620191908,20220621035325,20220621073952,,,50,,,N,9,9
1606,모로왓제2공영주차장,JD110041,10,02,제주특별자치도 제주시,33.5117328,126.5442340,20220621111810,20220619173826,20220619195408,20220619173826,,,50,,,N,9,9
1607,아라동공영주차장,JD110042,01,06,제주특별자치도 제주시,33.47830396,126.55289179,20220621111810,20220621022449,20220621025406,20220621022449,,,50,,,Y,9,9
1608,종남공영주차장,JD110043,01,06,제주특별자치도 제주시,33.48412232,126.47133648,20220621111810,20220621090338,20220621091310,20220621090338,,,50,,,N,9,9
1609,탐라장애인종합복지관,JD110044,01,06,제주특별자치도 제주시 광양4길 32,33.501412004,126.5251149,20220621111810,20220621065932,20220621073939,20220621065932,,,50,,,Y,9,9
1610,외도동생활문화센터,JD110045,01,06,제주특별자치도 제주시 우정로15길 42-7,33.48851573,126.43347610,20220621111810,20220621082332,20220621084234,20220621082332,,,50,,,Y,9,9
1611,한화꿈에그린아파트,JD110046,01,06,제주특별자치도 제주시 원노형로 102,33.4799138,126.4838837,20220621111810,20220620191733,20220620195740,20220620191733,,,50,,,Y,9,9
1612,일도대림1차아파트,JD110047,01,06,제주특별자치도 제주시 태성로 31,33.5009473,126.550594,20220621111810,20220620131018,20220620135019,20220620131018,,,50,,,Y,9,9
1613,노형부영3차아파트,JD110048,01,06,제주특별자치도 제주시 과원로 27,33.4768804,126.4863699,20220621111810,20220621080656,20220621083642,20220621080656,,,50,,,Y,9,9
1614,이도빌리지,JD110049,01,06,제주특별자치도 제주시 516로 3080,33.4498012,126.5535836,20220621111810,20220621000443,20220621001542,20220621000443,,,50,,,Y,9,9
1615,대흘1리마을회관 맞은편 주차장,JD110050,01,06,제주특별자치도 제주시 조천읍 대흘리 2251-4,33.49847347,126.65481077,20220621111810,20220621072602,20220621073725,20220621072602,,,50,,,Y,9,9
1616,대흘2리마을회관,JD110051,01,06,제주특별자치도 제주시 조천읍 곱은달길 19,33.51400328,126.75278304,20220621111810,20220620180308,20220620182518,20220620180308,,,50,,,Y,9,9
1617,신산동경로당,JD110052,01,06,제주특별자치도 제주시 구좌읍 김녕로14길 29,33.55257433,126.75278304,20220621111810,20220620155521,20220620163525,20220620155521,,,50,,,Y,9,9
1618,용담1동노인복지회관,JD110053,01,06,제주특별자치도 제주시 서문로 37-10,33.51139003,126.51463128,20220621111810,20220621094736,20220621100043,20220621094736,,,50,,,Y,9,9
1619,우주전파센터,JD110054,01,06,제주특별자치도 제주시 한림읍 귀덕로 198-6,33.42704154,126.29687307,20220621111810,20220620142116,20220620143424,20220620142116,,,50,,,Y,9,9
1620,춘강장애인근로센터,JD110055,01,06,제주특별자치도 제주시 516로 3114,33.45197135,126.55289661,20220621111810,20220620132838,20220620140842,20220620132838,,,50,,,Y,9,9
1621,아라119안전센터,JD110056,01,06,제주특별자치도 제주시 사송길 116,33.46804310,126.56576191,20220621111810,20220620184451,20220620184948,20220620184451,,,50,,,Y,9,9
1622,누리터,JD110057,01,06,제주특별자치도 제주시 애월읍 유수암로 218,33.42599041,126.40248193,20220621111810,20220620133207,20220620135335,20220620133207,,,50,,,Y,9,9
1623,누리터,JD110057,02,06,제주특별자치도 제주시 애월읍 유수암로 218,33.42599041,126.40248193,20220621111810,20220620095205,20220620101145,20220620095205,,,50,,,Y,9,9
1624,우당도서관,JD110058,01,06,제주특별자치도 제주시 사라봉동길 30,33.51485073,126.54822589,20220621111810,20220621093541,20220621094346,20220621104220,,,50,,,Y,9,9
1625,우당도서관,JD110058,02,06,제주특별자치도 제주시 사라봉동길 30,33.51485073,126.54822589,20220621111810,20220621094407,20220621100007,20220621094407,,,50,,,Y,9,9
1626,느지리오름주차장,JD110059,01,06,제주특별자치도 제주시 한림읍 상명리 산 6번지,33.36282075,126.26035142,20220621111810,20220621102246,20220621104202,20220621102246,,,50,,,Y,9,9
1627,심인요양원,JD110060,01,06,제주특별자치도 제주시 고사마루길 125,33.47109423,126.47449774,20220621111810,20220618190213,20220618192715,,,,50,,,Y,9,9
1628,금악건강증진센터,JD110061,01,06,제주특별자치도 제주시 한림읍 한창로 1295-1,33.35653792,126.29664550,20220621111810,20220620143624,20220620144648,20220621104049,,,50,,,Y,9,9
1629,용운동복지회관,JD110062,01,06,제주특별자치도 제주시 한림읍 한림해안로 485,33.43578576,126.27228752,20220621111810,20220619173209,20220619181213,20220619173209,,,50,,,Y,9,9
1630,세화리사무소,JD110063,01,06,제주특별자치도 제주시 구좌읍 세평항로 46-9,33.52699196,126.85603216,20220621111810,20220620183807,20220620191811,20220620183807,,,50,,,Y,9,9
1631,와흘리사무소,JD110064,01,06,제주특별자치도 제주시 조천읍 와흘4길 10,33.50469403,126.63498641,20220621111810,20220620210517,20220620214521,20220620210517,,,50,,,Y,9,9
1632,조수1리다목적회관,JD110065,01,06,제주특별자치도 제주시 한경면 조수7길 55,33.33739036,126.22871062,20220621111810,20220619183357,20220619185404,20220619183357,,,50,,,Y,9,9
1633,제주청소년수련원,JD110066,01,06,제주특별자치도 제주시 한림읍 금능남로 128,33.37754588,126.23613655,20220621111810,20220619191517,20220619195521,20220619191517,,,50,,,Y,9,9
1634,제주청소년수련원,JD110066,02,06,제주특별자치도 제주시 한림읍 금능남로 128,33.37754588,126.23613655,20220621111810,20220611090812,20220611094816,20220611090812,,,50,,,Y,9,9
1635,한림읍주민자치센터 옆 공영주차장,JD110067,01,06,제주특별자치도 제주시 한림읍 한림리 1441-4,33.41283392,126.26256700,20220621111810,20220621084652,20220621091229,20220621084652,50,단독,50,,,Y,9,9
1636,오봉리복지회관,JD110068,01,06,제주특별자치도 제주시 우도면 우도로 280,33.51662780,126.95158978,20220621111810,20220619081140,20220619085144,20220619081140,,,50,,,Y,9,9
1637,장전마을회관,JD110069,01,06,제주특별자치도 제주시 애월읍 장전로 106,33.45061268,126.38910679,20220621111810,20220621083422,20220621090320,20220621083422,,,50,,,Y,9,9
1638,하귀1리공영주차장,JD110070,01,06,제주특별자치도 제주시 애월읍 하귀1리 118-1,33.48588154,126.41440718,20220621111810,20220621084342,20220621091838,20220621084342,,,50,,,Y,9,9
1639,하귀1리공영주차장,JD110070,02,06,제주특별자치도 제주시 애월읍 하귀1리 118-1,33.48588154,126.41440718,20220621111810,20220621083112,20220621091022,20220621102731,,,50,,,Y,9,9
1640,삼다수숲길 주차장,JD110071,01,06,제주특별자치도 제주시 조천읍 교래리 280,33.42740026,126.67403846,20220621111810,20220621085825,20220621093829,20220621085825,,,50,,,Y,9,9
1641,한경면종합복지회관,JD110072,01,06,제주특별자치도 제주시 한경면 칠전로 37,33.30047583,126.18370794,20220621111810,20220620180013,20220620184017,20220620180013,,,50,,,Y,9,9
1642,한경면종합복지회관,JD110072,02,06,제주특별자치도 제주시 한경면 칠전로 37,33.30047583,126.18370794,20220621111810,20220620210114,20220620212702,20220620210114,,,50,,,Y,9,9
1643,애월읍사무소,JD110073,01,06,제주특별자치도 제주시 애월읍 일주서로 6322,33.46214973,126.32918450,20220621111810,20220621101958,20220621103104,20220621101958,,,50,,,Y,9,9
1644,하추자보건진료소,JD110074,01,02,제주특별자치도 제주시 추자면 추자로 587,33.94618002,126.32918624,20220621111810,20220617141500,20220617151633,20220617141500,,,50,,,Y,9,9
1645,정존공영주차장,JD110075,01,06,제주특별자치도 제주시 수덕5길 34,33.485476,126.474753,20220621111810,20220621085129,20220621091716,20220621085129,50,단독,50,,,N,9,9
1646,정존공영주차장,JD110075,02,06,제주특별자치도 제주시 수덕5길 34,33.485476,126.474753,20220621111810,20220619191137,20220619195137,20220621104205,50,단독,50,,,N,9,9
1647,정존공영주차장,JD110075,03,06,제주특별자치도 제주시 수덕5길 34,33.485476,126.474753,20220621111810,20220621064025,20220621071854,20220621064025,50,단독,50,,,N,9,9
1648,정존공영주차장,JD110075,04,06,제주특별자치도 제주시 수덕5길 34,33.485476,126.474753,20220621111810,20220620201406,20220620205406,20220620201406,50,단독,50,,,N,9,9
1649,정존공영주차장,JD110075,05,06,제주특별자치도 제주시 수덕5길 34,33.485476,126.474753,20220621111810,20220621000906,20220621004906,20220621000906,50,단독,50,,,N,9,9
1650,정존공영주차장,JD110075,06,06,제주특별자치도 제주시 수덕5길 34,33.485476,126.474753,20220621111810,20220620215059,20220620223059,20220620215059,50,단독,50,,,N,9,9
1651,웅전공영주차장,JD110076,01,06,제주특별자치도 제주시 노형동,33.482514,126.471878,20220621111810,20220620193827,20220620201827,20220620193827,50,단독,50,,,N,9,9
1652,수덕공영주차장,JD110077,01,06,제주특별자치도 제주시 노형동,33.483614,126.474302,20220621111810,20220621063239,20220621064620,20220621063239,50,단독,50,,,N,9,9
1653,도련공영주차장,JD110078,01,06,제주특별자치도 제주시 도련일동,33.507674,126.588111,20220621111810,20220620192801,20220620200013,20220620192801,50,단독,50,,,N,9,9
1654,도련공영주차장,JD110078,02,06,제주특별자치도 제주시 도련일동,33.507674,126.588111,20220621111810,20220526021641,20220526025641,20220526021641,50,단독,50,,,N,9,9
1655,이도2동공영주차장,JD110079,01,06,제주특별자치도 제주시 이도2동,33.496343,126.536988,20220621111810,20220620191043,20220620195043,20220620191043,50,단독,50,,,N,9,9
1656,인제공영주차장,JD110080,01,06,제주특별자치도 제주시 고마로19길 5,33.5048166,126.5419257,20220621111810,20220621083514,20220621085905,20220621102459,50,단독,50,,,Y,9,9
1657,인제공영주차장,JD110080,02,06,제주특별자치도 제주시 고마로19길 5,33.5048166,126.5419257,20220621111810,20220621095347,20220621103347,20220621095347,50,단독,50,,,Y,9,9
1658,우성아파트 1단지,JD110081,01,06,제주특별자치도 제주시 태성로 3,33.5020582,126.5487189,20220621111810,20220619101837,20220619105837,,,단독,50,,,Y,9,9
1659,탑동제1공영주차장,JD110082,01,06,제주특별자치도 제주시 삼도이동 1263,33.517269269,126.52417379,20220621111810,20220620235504,20220621003504,20220620235504,50,단독,50,,,Y,9,9
1660,성내 공영주차장,JD110083,01,06,제주특별자치도 제주시 삼도이동 839,33.512142478,126.52003969,20220621111810,20220621094155,20220621101257,20220621094155,50,단독,50,,,N,9,9
1661,제주순복음사회복지관,JD110084,01,06,제주특별자치도 제주시 천수동로 25,33.5083233,126.5459115,20220621111810,20220621093908,20220621101908,20220621093908,50,단독,50,,,Y,9,9
1662,제주화물자동차공영차고지,JD110085,01,06,제주특별자치도 제주시 영평동 252,33.497810002,126.58000461,20220621111810,20220620102421,20220620110421,20220620102421,50,단독,50,,,Y,9,9
1663,제주화물자동차공영차고지,JD110085,02,06,제주특별자치도 제주시 영평동 252,33.497810002,126.58000461,20220621111810,20220620131748,20220620135748,20220620131748,50,단독,50,,,Y,9,9
1664,화북공업단지남측공영주차장,JD110086,01,06,제주특별자치도 제주시 화북이동 3645-4,33.511892020,126.56092385,20220621111810,20220619212645,20220619213355,20220619212645,50,단독,50,,,Y,9,9
1665,동명아파트북측공영주차장,JD110087,01,06,제주특별자치도 제주시 삼양이동 2133-5,33.522102135,126.58453762,20220621111810,20220620203724,20220620211724,20220620203724,50,단독,50,,,Y,9,9
1666,삼양해수욕장 인근공영주차장,JD110088,01,06,제주특별자치도 제주시 삼양일동 1657-8,33.524773919,126.58685786,20220621111810,20220621051146,20220621055146,20220621051146,50,단독,50,,,Y,9,9
1667,삼양해수욕장 인근공영주차장,JD110088,02,06,제주특별자치도 제주시 삼양일동 1657-8,33.524773919,126.58685786,20220621111810,20220621075828,20220621083828,20220621075828,50,단독,50,,,Y,9,9
1668,삼부장미아파트남측공영주차장,JD110089,01,06,제주특별자치도 제주시 삼양일동 1628-7,33.526871690,126.59050718,20220621111810,20220620131102,20220620135102,20220620131102,50,단독,50,,,Y,9,9
1669,신흥리공영주차장,JD110090,01,06,제주특별자치도 제주시 조천읍 신흥리 530-8,33.548065074,126.65031897,20220621111810,20220620223807,20220620231807,20220620223807,50,단독,50,,,Y,9,9
1670,지미봉주차장,JD110091,01,06,제주특별자치도 제주시 구좌읍 종달리 산2,33.497413775,126.90552629,20220621111810,20220409130742,20220409131701,20220407161023,50,단독,50,,,Y,9,9
1671,지미봉주차장,JD110091,02,06,제주특별자치도 제주시 구좌읍 종달리 산2,33.497413775,126.90552629,20220621111810,20220615195733,20220615200330,20220615195733,50,단독,50,,,Y,9,9
1672,우도면서광리사무소,JD110092,01,06,제주특별자치도 제주시 우도면 연평리 2174-1,33.508177622,126.94911047,20220621111810,20220616162007,20220616162521,20220616162007,50,단독,50,,,Y,9,9
1673,고산동산공영주차장,JD110094,01,06,제주특별자치도 제주시 이도이동 1012-10,33.495664267,126.53141566,20220621111810,20220620184210,20220620192210,20220621101452,50,단독,50,,,Y,9,9
1674,이도이동노외공영주차장,JD110095,01,06,제주특별자치도 제주시 이도이동 1982-3,33.490438484,126.54281737,20220621111810,20220620220300,20220620224300,20220620220300,50,단독,50,,,Y,9,9
1675,이도2지구공영주차장,JD110096,01,06,제주특별자치도 제주시 이도이동 1992-7,33.491642896,126.53785143,20220621111810,20220621092347,20220621094827,20220621104117,50,단독,50,,,Y,9,9
1676,도로관리과,JD110097,01,06,제주특별자치도 제주시 연동 324-37,33.485141988,126.50051700,20220621111810,20220621094915,20220621101030,20220621104543,50,단독,50,,,Y,9,9
1677,신제주공영주차장,JD110098,01,06,제주특별자치도 제주시 연동 272-31,33.489052730,126.49149252,20220621111810,20220621074407,20220621081107,20220621074407,50,단독,50,,,Y,9,9
1678,신제주공영주차장,JD110098,02,06,제주특별자치도 제주시 연동 272-31,33.489052730,126.49149252,20220621111810,20220620172840,20220620180840,20220620172840,50,단독,50,,,Y,9,9
1679,노형2지구 공영주차장,JD110099,01,06,제주특별자치도 제주시 노형동 3800-6,33.480332005,126.47758006,20220621111810,20220621100300,20220621102846,20220621100300,50,단독,50,,,Y,9,9
1680,출입국관리사무소,JD110100,01,06,제주특별자치도 제주시 용담로 3,33.513743772,126.50331538,20220621111810,20220621060925,20220621061713,20220621053742,50,단독,50,,,Y,9,9
1681,도두공영주차장,JD110101,01,06,제주특별자치도 제주시 도두일동 2618-1,33.504248204,126.46393872,20220621111810,20220621080213,20220621084031,20220621080213,50,단독,50,,,Y,9,9
1682,외도구획정리지구공영주차장,JD110102,01,06,제주특별자치도 제주시 외도이동 448-3,33.491752167,126.43223576,20220621111810,20220621095339,20220621100230,20220621102845,50,단독,50,,,Y,9,9
1683,외도구획정리지구공영주차장,JD110102,02,06,제주특별자치도 제주시 외도이동 448-3,33.491752167,126.43223576,20220621111810,20220619105210,20220620221727,20220619105210,50,단독,50,,,Y,9,9
1684,귀덕1리사무소,JD110103,01,06,제주특별자치도 제주시 한림읍 귀덕리 735-18,33.436392861,126.29804441,20220621111810,20220620083912,20220620090143,20220620083912,50,단독,50,,,Y,9,9
1685,귀덕1리사무소,JD110103,02,06,제주특별자치도 제주시 한림읍 귀덕리 735-18,33.436392861,126.29804441,20220621111810,20220620105940,20220620112759,20220620105940,50,단독,50,,,Y,9,9
1686,관음사,JD110104,01,06,제주특별자치도 제주시 아라일동 387-1,33.426168848,126.55785246,20220621111810,20220621085840,20220621093840,20220621101436,50,단독,50,,,Y,9,9
1687,관음사,JD110104,02,06,제주특별자치도 제주시 아라일동 387-1,33.426168848,126.55785246,20220621111810,20220619133407,20220619141407,20220621103957,50,단독,50,,,Y,9,9
1688,한림오일시장 주차장,JD110105,01,06,제주특별자치도 제주시 한림읍 대림리 413,33.419678675,126.27532469,20220621111810,20220609121732,20220609125638,20220609121732,50,단독,50,,,Y,9,9
1689,한림오일시장 주차장,JD110105,02,06,제주특별자치도 제주시 한림읍 대림리 413,33.419678675,126.27532469,20220621111810,20220618083106,20220618091106,20220618083106,50,단독,50,,,Y,9,9
1690,협재리사무소,JD110107,01,06,제주특별자치도 제주시 한림읍 협재리 1560-3,33.397374363,126.24607497,20220621111810,20220620151047,20220620155047,20220620151047,50,단독,50,,,Y,9,9
1691,협재리사무소,JD110107,02,06,제주특별자치도 제주시 한림읍 협재리 1560-3,33.397374363,126.24607497,20220621111810,20220619123106,20220619131106,20220619123106,50,단독,50,,,Y,9,9
1692,도남공영주차장,JD110108,01,06,제주특별자치도 제주시 도남동 574-3,33.490434625,126.52009718,20220621111810,,,,50,단독,50,,,N,9,9
1693,도남공영주차장,JD110108,02,06,제주특별자치도 제주시 도남동 574-3,33.490434625,126.52009718,20220621111810,,,,50,단독,50,,,N,9,9
1694,도남공영주차장,JD110108,03,06,제주특별자치도 제주시 도남동 574-3,33.490434625,126.52009718,20220621111810,20220610101013,20220610101102,20220610101013,50,단독,50,,,N,9,9
1695,도남공영주차장,JD110108,04,06,제주특별자치도 제주시 도남동 574-3,33.490434625,126.52009718,20220621111810,,,,50,단독,50,,,N,9,9
1696,도남공영주차장,JD110108,05,06,제주특별자치도 제주시 도남동 574-3,33.490434625,126.52009718,20220621111810,,,,50,단독,50,,,N,9,9
1697,KCC스위첸 동측 공영주차장,JD110109,01,06,제주특별자치도 제주시 아라1동 6093-4,33.473678527,126.54477337,20220621111810,,,,50,단독,50,,,N,9,9
1698,KCC스위첸 동측 공영주차장,JD110109,02,06,제주특별자치도 제주시 아라1동 6093-4,33.473678527,126.54477337,20220621111810,,,,50,단독,50,,,N,9,9
1699,KCC스위첸 동측 공영주차장,JD110109,03,06,제주특별자치도 제주시 아라1동 6093-4,33.473678527,126.54477337,20220621111810,,,,50,단독,50,,,N,9,9
1700,주정공장 옛터 역사기념관,JD110110,01,06,제주특별자치도 제주시 임항로 98,33.518056971,126.53504322,,,,,50,단독,50,,,Y,9,9
1701,제주자연생태공원,JD160001,01,06,제주특별자치도 서귀포시 성산읍 금백조로 446,33.4405578,126.822102,20220621111810,20220620133312,20220620141315,20220620133312,,,50,,,Y,9,9
1702,서부소방서 안덕 119센터,JD160002,01,06,제주특별자치도 서귀포시 안덕면 화순서서로 2,33.2511264,126.330902,20220621111810,20220620095304,20220620103307,20220620095304,,,50,,,Y,9,9
1703,표선 공영주차장,JD160003,01,06,제주특별자치도 서귀포시,33.3262784,126.8306774,20220621111810,20220621094724,20220621100611,20220621094724,,,50,,,N,9,9
1704,중문보건지소,JD160004,01,06,제주특별자치도 서귀포시 천제연로 277,33.25141866,126.4347654,20220621111810,20220620180700,20220620183845,20220620180700,,,50,,,Y,9,9
1705,정혜재활원,JD160005,01,06,제주특별자치도 서귀포시 인정오름로85번길 41,33.28473,126.580989,20220621111810,20220620195741,20220620201022,20220620195741,,,50,,,Y,9,9
1706,월평마을회관(다목적건물),JD160006,01,06,제주특별자치도 서귀포시 월평로 41,33.246113,126.4607802,20220621111810,20220621043216,20220621045015,20220621043216,,,50,,,Y,9,9
1707,월평마을회관(다목적건물),JD160006,02,06,제주특별자치도 서귀포시 월평로 41,33.246113,126.4607802,20220621111810,20220618162402,20220618164407,20220618162402,,,50,,,Y,9,9
1708,안덕면종합복지회관,JD160007,01,06,제주특별자치도 서귀포시 안덕면 화순로 121-6,33.24589523,126.33309258,20220621111810,20220620164831,20220620171206,20220620164831,,,50,,,Y,9,9
1709,서귀포시 일터나눔 자활센터,JD160008,01,06,제주특별자치도 서귀포시 속골로 22,33.2417507,126.5294316,20220621111810,20220619185900,20220619193901,20220619185900,,,50,,,Y,9,9
1710,온평리사무소,JD160009,01,06,제주특별자치도 서귀포시 성산읍 온평애향로23번길 6,33.40813315,126.9001592,20220621111810,20220621101840,20220621104458,20220621101840,,,50,,,Y,9,9
1711,서귀동 공영주차장,JD160010,01,06,제주특별자치도 서귀포시,33.2428684,126.5665833,20220621111810,20220621053716,20220621061718,20220621103611,,,50,,,Y,9,9
1712,서귀포시 중앙교회,JD160011,01,06,제주특별자치도 서귀포시 동홍로 278,33.27303357,126.568836001,20220621111810,20220619075716,20220619083720,20220619075716,,,50,,,Y,9,9
1713,서귀포시 중앙교회,JD160011,02,06,제주특별자치도 서귀포시 동홍로 278,33.27303357,126.568836001,20220621111810,20220619084946,20220619091225,20220619084946,,,50,,,Y,9,9
1714,보성리사무소,JD160012,01,06,제주특별자치도 서귀포시 대정읍 추사로 93-7,33.25120087,126.273094303,20220621111810,20220620204221,20220620212222,20220620204221,,,50,,,Y,9,9
1715,보성리사무소,JD160012,02,06,제주특별자치도 서귀포시 대정읍 추사로 93-7,33.25120087,126.273094303,20220621111810,20220620122807,20220620125605,20220620122807,,,50,,,Y,9,9
1716,대정농공단지,JD160013,01,06,제주특별자치도 서귀포시 대정읍 일주서로3000번길 139,33.2575209,126.2288954,20220621111810,20220618124321,20220618132322,20220620153331,,,50,,,Y,9,9
1717,무릉1리 다목적회관,JD160014,01,06,제주특별자치도 서귀포시 대정읍 무릉중앙로 8,33.27100109,126.200884,20220621111810,20220621065615,20220621071111,20220621065615,,,50,,,Y,9,9
1718,신도보건진료소,JD160015,01,06,제주특별자치도 서귀포시 대정읍 도원로 37,33.277487,126.174261,20220621111810,20220620193402,20220620200607,20220620193402,,,50,,,Y,9,9
1719,위미3리사무소,JD160017,01,06,제주특별자치도 서귀포시 남원읍 태위로 381-5,33.2755692,126.6879246,20220621111810,20220621093731,20220621101732,20220621093731,,,50,,,Y,9,9
1720,위미2리사무소,JD160018,01,06,제주특별자치도 서귀포시 남원읍 태위로 197,33.2753795,126.6686096,20220621111810,20220621101801,20220621102417,20220621103101,,,50,,,Y,9,9
1721,수망리다목적회관,JD160019,01,06,제주특별자치도 서귀포시 남원읍 태수로 599-36,33.3284689,126.713685,20220621111810,20220618114759,20220618115310,20220618114759,,,50,,,Y,9,9
1722,의귀교회 인근 공영주차장,JD160020,01,06,제주특별자치도 서귀포시,33.311752,126.713374,20220621111810,20220619132049,20220619140021,20220619132049,,,50,,,Y,9,9
1723,의귀교회 인근 공영주차장,JD160020,02,06,제주특별자치도 서귀포시,33.311752,126.713374,20220621111810,20220620113241,20220620114217,20220620113241,,,50,,,Y,9,9
1724,위미2리 다목적회관,JD160021,01,06,제주특별자치도 서귀포시 남원읍 위미중앙로 78,33.2831345,126.66145504,20220621111810,20220620201927,20220620204618,20220620201927,,,50,,,Y,9,9
1725,머체왓숲길영농조합,JD160022,01,06,제주특별자치도 서귀포시 남원읍 서성로 755,33.3305167,126.6739136,20220621111810,20220621092501,20220621100505,20220621092501,,,50,,,Y,9,9
1726,가파도경로당,JD160023,01,02,제주특별자치도 서귀포시,33.169577108530,126.2709205770,20220621111810,20220621071832,20220621090710,20220621071832,,,50,,,Y,9,9
1727,상동항대합실,JD160024,01,02,제주특별자치도 서귀포시,33.174491581947,126.2708281029,20220621111810,20220511160344,20220511161327,20220511160344,,,50,,,Y,9,9
1728,서귀포시장애인회관,JD160026,01,06,제주특별자치도 서귀포시 칠십리로72번길 9,33.23976828,126.5645589,20220621111810,20220617141302,20220617144010,20220617141302,,,50,,,Y,9,9
1729,동홍4주공아파트,JD160027,01,06,제주특별자치도 서귀포시 태평로512번길 10,33.2490406,126.572562,20220621111810,20220621033632,20220621041639,20220621033632,,,50,,,Y,9,9
1730,동홍1주공아파트,JD160028,01,06,제주특별자치도 서귀포시 동홍중앙로 10,33.2523182,126.5726158,20220621111810,20220620175918,20220620183600,20220620175918,,,50,,,Y,9,9
1731,모슬포운진항,JD160029,01,06,제주특별자치도 서귀포시 대정읍 최남단해안로 116,33.21102199,126.25694914,20220621111810,20220621092145,20220621094315,20220621092145,,,50,,,Y,9,9
1732,모슬포운진항,JD160029,02,06,제주특별자치도 서귀포시 대정읍 최남단해안로 116,33.21102199,126.25694914,20220621111810,20220621061843,20220621062254,20220621061843,,,50,,,Y,9,9
1733,감사위원회,JD160030,01,06,제주특별자치도 서귀포시 신중로 37,33.25551475,126.50919623,20220621111810,20220619142746,20220619150750,20220619142746,,,50,,,Y,9,9
1734,감사위원회,JD160030,02,06,제주특별자치도 서귀포시 신중로 37,33.25551475,126.50919623,20220621111810,20220616144322,20220616150306,20220616144322,,,50,,,Y,9,9
1735,감사위원회,JD160030,03,02,제주특별자치도 서귀포시 신중로 37,33.25551475,126.50919623,20220621111810,20220620153202,20220620185213,20220620153202,,,50,,,Y,9,9
1736,감사위원회,JD160030,04,02,제주특별자치도 서귀포시 신중로 37,33.25551475,126.50919623,20220621111810,20220620164246,20220620201130,20220621065447,,,50,,,Y,9,9
1737,감사위원회,JD160030,05,02,제주특별자치도 서귀포시 신중로 37,33.25551475,126.50919623,20220621111810,20220616151012,20220616172435,20220621092603,,,50,,,Y,9,9
1738,오조리종합복지회관,JD160031,01,06,제주특별자치도 서귀포시 성산읍 오조로 77,33.46122686,126.91522790,20220621111810,20220621095913,20220621102444,20220621095913,,,50,,,Y,9,9
1739,토평동마을회관,JD160032,01,06,제주특별자치도 서귀포시 토평로 58,33.27109995,126.59021961,20220621111810,20220620194335,20220620201628,20220620194335,,,50,,,Y,9,9
1740,덕수리마을회관,JD160033,01,06,제주특별자치도 서귀포시 안덕면 덕수회관로 98,33.25464328,126.30649330,20220621111810,20220621020002,20220621020447,20220621020002,,,50,,,Y,9,9
1741,성읍민속마을주차장,JD160034,01,06,제주특별자치도 서귀포시 표선면 성읍리 855-3,33.38452705,126.80128067,20220621111810,20220620200015,20220620200927,20220620200015,,,50,,,Y,9,9
1742,성읍민속마을주차장,JD160034,02,06,제주특별자치도 서귀포시 표선면 성읍리 855-3,33.38452705,126.80128067,20220621111810,20220620104128,20220620112129,20220620104128,,,50,,,Y,9,9
1743,토산1리체험장,JD160035,01,06,제주특별자치도 서귀포시 표선면 토산세화로35번길 16-17,33.33424212,126.77106866,20220621111810,20220621093715,20220621101149,20220621093715,,,50,,,Y,9,9
1744,난산보건진료소,JD160036,01,06,제주특별자치도 서귀포시 성산읍 난산로 28,33.40093954,126.87210071,20220621111810,20220620204300,20220620211817,20220620204300,,,50,,,Y,9,9
1745,성읍보건진료소,JD160037,01,06,제주특별자치도 서귀포시 표선면 성읍정의현로 88-10,33.39046000,126.80197321,20220621111810,20220619180111,20220619184115,20220619180111,,,50,,,Y,9,9
1746,수산보건진료소,JD160038,01,06,제주특별자치도 서귀포시 성산읍 수산서남로 17-1,33.44602761,126.88271738,20220621111810,20220620214100,20220620222104,20220620214100,,,50,,,Y,9,9
1747,삼달보건진료소,JD160039,01,06,제주특별자치도 서귀포시 성산읍 삼달로 215,33.37426663,126.84676396,20220621111810,20220621082036,20220621083949,20220621082036,,,50,,,Y,9,9
1748,신산리마을회관,JD160040,01,06,제주특별자치도 서귀포시 성산읍 일주동로 5120,33.38017892,126.87554356,20220621111810,20220619134536,20220619140149,20220619134536,,,50,,,Y,9,9
1749,신풍보건진료소,JD160041,01,06,제주특별자치도 서귀포시 성산읍 풍천로192번길 40-1,33.36121113,126.83885084,20220621111810,20220620132903,20220620140907,20220620132903,,,50,,,Y,9,9
1750,한남보건진료소,JD160042,01,06,제주특별자치도 서귀포시 남원읍 남한로420번길 13,33.31164452,126.69755870,20220621111810,20220620114743,20220620122747,20220620114743,,,50,,,Y,9,9
1751,의귀보건진료소,JD160043,01,06,제주특별자치도 서귀포시 남원읍 한신로 220,33.30972012,126.71477045,20220621111810,20220619194401,20220619201304,20220619194401,,,50,,,Y,9,9
1752,신흥보건진료소,JD160044,01,06,제주특별자치도 서귀포시 남원읍 중산간동로 5774,33.31984284,126.74790626,20220621111810,20220621073850,20220621081316,20220621073850,,,50,,,Y,9,9
1753,송악도서관 입구주차장,JD160045,01,06,제주특별자치도 서귀포시 대정읍 하모리 1261-2,33.22643813,126.24792665,20220621111810,20220617135452,20220617143456,20220617135452,,,50,,,Y,9,9
1754,서광서리복지회관,JD160046,01,06,제주특별자치도 서귀포시 안덕면 서광남로 144-4,33.28457219,126.30188761,20220621111810,20220620215025,20220620220912,20220620215025,,,50,,,Y,9,9
1755,표선도서관,JD160047,01,06,제주특별자치도 서귀포시 표선면 표선백사로110번길 17-10,33.32377507,126.83849598,20220621111810,20220621094042,20220621100309,20220621094042,,,50,,,Y,9,9
1756,표선도서관,JD160047,02,06,제주특별자치도 서귀포시 표선면 표선백사로110번길 17-10,33.32377507,126.83849598,20220621111810,20220620121214,20220620125219,20220620121214,,,50,,,Y,9,9
1757,일과1리복지회관,JD160048,01,06,제주특별자치도 서귀포시 대정읍 암반수마농로55번길 34,33.23467109,126.23970658,20220621111810,20220619155731,20220619161135,20220619155731,,,50,,,Y,9,9
1758,사계포구공영주차장,JD160049,01,06,제주특별자치도 서귀포시 안덕면 사계리 2147-41,33.22825383,126.30526947,20220621111810,20220617151621,20220617151757,20220617131719,,,50,,,Y,9,9
1759,대포동경로당,JD160050,01,06,제주특별자치도 서귀포시 대포동서로 129,33.24242640,126.43296143,20220621111810,20220620225943,20220620231937,20220620225943,,,50,,,Y,9,9
1760,광치기해변공영주차장,JD160051,01,06,제주특별자치도 서귀포시 성산읍 고성리 263,33.45533224,126.92551477,20220621111810,20220621095118,20220621101736,20220621095118,,,50,,,Y,9,9
1761,광치기해변공영주차장,JD160051,02,06,제주특별자치도 서귀포시 성산읍 고성리 263,33.45533224,126.92551477,20220621111810,20220621082526,20220621084046,20220621082526,,,50,,,Y,9,9
1762,서귀포공립요양원,JD160052,01,06,제주특별자치도 서귀포시 남원읍 일주동로 7166,33.28294771,126.71537488,20220621111810,20220620205233,20220620211859,20220621104241,,,50,,,Y,9,9
1763,서귀포공립요양원,JD160052,02,06,제주특별자치도 서귀포시 남원읍 일주동로 7166,33.28294771,126.71537488,20220621111810,20220621062957,20220621065157,20220621062957,,,50,,,Y,9,9
1764,제주국제컨벤션센터,JD160053,01,01,제주특별자치도 서귀포시 중문관광로 224,33.24162957,126.42548295,20220621111810,20220620221536,20220620223340,20220620221536,,,50,,,Y,9,9
1765,제주국제컨벤션센터,JD160053,02,04,제주특별자치도 서귀포시 중문관광로 224,33.24162957,126.42548295,20220621111810,20220621081100,20220621082420,20220621081100,,,50,,,Y,9,9
1766,제주국제컨벤션센터,JD160053,03,04,제주특별자치도 서귀포시 중문관광로 224,33.24162957,126.42548295,20220621111810,20220620143923,20220620151317,20220620143923,,,50,,,Y,9,9
1767,제주국제컨벤션센터,JD160053,04,04,제주특별자치도 서귀포시 중문관광로 224,33.24162957,126.42548295,20220621111810,20220620132117,20220620132306,20220620132117,,,50,,,Y,9,9
1768,제주국제컨벤션센터,JD160053,05,04,제주특별자치도 서귀포시 중문관광로 224,33.24162957,126.42548295,20220621111810,20220620201720,20220620210107,20220621102726,,,50,,,Y,9,9
1769,제주국제컨벤션센터,JD160053,06,04,제주특별자치도 서귀포시 중문관광로 224,33.24162957,126.42548295,20220621111810,20220620135040,20220620142123,20220620135040,,,50,,,Y,9,9
1770,제주국제컨벤션센터,JD160053,07,04,제주특별자치도 서귀포시 중문관광로 224,33.24162957,126.42548295,20220621111810,20220620151256,20220620152512,20220620151256,,,50,,,Y,9,9
1771,제주국제컨벤션센터,JD160053,08,04,제주특별자치도 서귀포시 중문관광로 224,33.24162957,126.42548295,20220621111810,20220620175750,20220620184137,20220621102747,,,50,,,Y,9,9
1772,제주국제컨벤션센터,JD160053,09,01,제주특별자치도 서귀포시 중문관광로 224,33.24162957,126.42548295,20220621111810,20220621065642,20220621071550,20220621065642,,,50,,,Y,9,9
1773,제주국제컨벤션센터,JD160053,10,04,제주특별자치도 서귀포시 중문관광로 224,33.24162957,126.42548295,20220621111810,20220621101257,20220621104000,20220621101257,,,50,,,Y,9,9
1774,제주국제컨벤션센터,JD160053,11,02,제주특별자치도 서귀포시 중문관광로 224,33.24162957,126.42548295,20220621111810,20220620082307,20220620182052,20220620082307,,,50,,,Y,9,9
1775,제주국제컨벤션센터,JD160053,12,02,제주특별자치도 서귀포시 중문관광로 224,33.24162957,126.42548295,20220621111810,20220620170409,20220620173322,20220621093931,,,50,,,Y,9,9
1776,제주국제컨벤션센터,JD160053,13,02,제주특별자치도 서귀포시 중문관광로 224,33.24162957,126.42548295,20220621111810,20220619155934,20220619173614,20220621084557,,,50,,,Y,9,9
1777,제주국제컨벤션센터,JD160053,14,06,제주특별자치도 서귀포시 중문관광로 224,33.24162957,126.42548295,20220621111810,20220620182938,20220620185625,20220620182938,,,50,,,Y,9,9
1778,효돈동 공영주차장,JD160054,01,06,제주특별자치도 서귀포시 효돈로170번길 16-8,33.262647,126.5419257,20220621111810,20220617192202,20220617200202,20220617192202,50,단독,50,,,N,9,9
1779,태봉그린피아,JD160055,01,06,제주특별자치도 서귀포시 홍중로 92,33.260710723,126.55586532,20220621111810,20220621000209,20220621001247,20220621000209,50,단독,50,,,Y,9,9
1780,대진유토피아,JD160056,01,06,제주특별자치도 서귀포시 표선면 번영로3428번길 129,33.2607107,126.5558653,20220621111810,20220620221256,20220620225256,20220620221256,50,단독,50,,,Y,9,9
1781,성산공설묘지,JD160058,01,06,제주특별자치도 서귀포시 성산읍 수산리 4711,33.435205430,126.81785088,20220621111810,20220620182237,20220620190237,20220620182237,50,단독,50,,,Y,9,9
1782,성산공설묘지,JD160058,02,06,제주특별자치도 서귀포시 성산읍 수산리 4711,33.435205430,126.81785088,20220621111810,20220620184114,20220620192114,20220620184114,50,단독,50,,,Y,9,9
1783,성읍문화마을 주차장,JD160059,01,06,제주특별자치도 서귀포시 표선면 성읍리 1632-6,33.394150416,126.79816942,20220621111810,20220620190005,20220620193434,20220620190005,50,단독,50,,,Y,9,9
1784,태흥3리 마을회관,JD160060,01,06,제주특별자치도 서귀포시 남원읍 태흥리 119-3,33.293724819,126.75867081,20220621111810,20220620200222,20220620201139,20220620170206,50,단독,50,,,Y,9,9
1785,남원 공영노외1주차장,JD160061,01,06,제주특별자치도 서귀포시 남원읍 남원리 180,33.280057437,126.71834184,20220621111810,20220620205652,20220620213652,20220620205652,50,단독,50,,,Y,9,9
1786,남원 공영노외1주차장,JD160061,02,06,제주특별자치도 서귀포시 남원읍 남원리 180,33.280057437,126.71834184,20220621111810,20220620140508,20220620142125,20220620140508,50,단독,50,,,Y,9,9
1787,신례리공영주차장,JD160062,01,06,제주특별자치도 서귀포시 남원읍 신례리 1044-1,33.288251229,126.62751979,20220621111810,20220619164514,20220619165940,20220619164514,50,단독,50,,,Y,9,9
1788,신례리공영주차장,JD160062,02,06,제주특별자치도 서귀포시 남원읍 신례리 1044-1,33.288251229,126.62751979,20220621111810,20220619090529,20220619090706,20220619090529,50,단독,50,,,Y,9,9
1789,생태관광지원센터,JD160063,01,06,제주특별자치도 서귀포시 남원읍 하례리 984-4,33.282131620,126.62119811,20220621111810,20220503150648,20220503151701,20220503150648,50,단독,50,,,Y,9,9
1790,상효1동 마을회관,JD160064,01,06,제주특별자치도 서귀포시 상효동 941-7,33.273162176,126.59687224,20220621111810,20220620101842,20220620105713,20220620101842,50,단독,50,,,Y,9,9
1791,동홍공영노외2주차장,JD160065,01,06,제주특별자치도 서귀포시 동홍동 429,33.251816118,126.56949599,20220621111810,20220216001141,20220216002435,20220216001141,50,단독,50,,,Y,9,9
1792,동홍공영노외1주차장,JD160066,01,06,제주특별자치도 서귀포시 동홍동 514-2,33.256161825,126.56843833,20220621111810,20220619190546,20220619194546,20220619190546,50,단독,50,,,Y,9,9
1793,동홍공영노외1주차장,JD160066,02,06,제주특별자치도 서귀포시 동홍동 514-2,33.256161825,126.56843833,20220621111810,20220621092607,20220621100506,20220621092607,50,단독,50,,,Y,9,9
1794,구억리마을회관,JD160067,01,06,제주특별자치도 서귀포시 대정읍 구억리 993-1,33.274304554,126.28013183,20220621111810,20220620171618,20220620173059,20220621103108,50,단독,50,,,Y,9,9
1795,돔베낭골노외공영주차장,JD160068,01,06,제주특별자치도 서귀포시 호근동 1619,33.239982760,126.53185937,20220621111810,20220618190303,20220618194303,20220618190303,50,단독,50,,,Y,9,9
1796,국토교통인재개발원 인근 공영주차장,JD160069,01,06,제주특별자치도 서귀포시 서호동 1603,33.252102946,126.51569297,20220621111810,20220621024457,20220621031356,20220621102333,50,단독,50,,,Y,9,9
1797,국토교통인재개발원 인근 공영주차장,JD160069,02,06,제주특별자치도 서귀포시 서호동 1603,33.252102946,126.51569297,20220621111810,20220621093438,20220621101438,20220621093438,50,단독,50,,,Y,9,9
1798,서귀포시선거관리위원회,JD160070,01,06,제주특별자치도 서귀포시 강정동 154-1,33.255189210,126.50770059,20220621111810,20220621092043,20220621092626,20220620132216,50,단독,50,,,Y,9,9
1799,서귀포향토오일시장,JD160071,01,06,제주특별자치도 서귀포시 동홍동 808-2,33.266705297,126.57322001,20220621111810,20220620113448,20220620114802,20220620113448,50,단독,50,,,Y,9,9
1800,서귀포향토오일시장,JD160071,02,06,제주특별자치도 서귀포시 동홍동 808-2,33.266705297,126.57322001,20220621111810,20220621073558,20220621081558,20220621102750,50,단독,50,,,Y,9,9
1801,제주한란전시관,JD160072,01,06,제주특별자치도 서귀포시 상효동 1421-9,33.296944630,126.58989246,20220621111810,20220621072549,20220621080549,20220621072549,50,단독,50,,,Y,9,9
1802,약천사,JD160073,01,06,제주특별자치도 서귀포시 대포동 1156,33.245946049,126.44859793,20220621111810,20220620145605,20220620152328,20220620145605,50,단독,50,,,Y,9,9
1803,첨단과학기술단지 외부,JE010001,01,02,제주특별자치도 제주시 영평동 2179-1,33.453436,126.57127,20220428170810,20220328083656,20220328102256,20220328083656,,,50,,,Y,9,9
1804,첨단과학기술단지 외부,JE010001,02,02,제주특별자치도 제주시 영평동 2179-1,33.453436,126.57127,20220625234206,20220624113355,20220624170709,20220624113355,,,50,,,Y,2,2
1805,첨단과학기술단지 외부,JE010001,03,02,제주특별자치도 제주시 영평동 2179-1,33.453436,126.57127,20220625175702,20220625171550,20220625175001,20220625171550,,,50,,,Y,2,2
1806,첨단과학기술단지 외부,JE010001,05,02,제주특별자치도 제주시 영평동 2179-1,33.453436,126.57127,20220624025401,20220622153242,20220622164647,20220622153242,,,50,,,Y,2,2
1807,첨단과학기술단지 외부,JE010001,06,02,제주특별자치도 제주시 영평동 2179-1,33.453436,126.57127,,,,,7,단독,50,,,Y,9,9
1808,첨단과학기술단지 외부,JE010001,07,02,제주특별자치도 제주시 영평동 2179-1,33.453436,126.57127,,,,,7,단독,50,,,Y,9,9
1809,첨단과학기술단지 지하,JE010002,01,02,제주특별자치도 제주시 첨단로 213-3,33.454,126.5723,20220625224501,20220624151739,20220624165939,20220624151739,,,50,,,Y,2,2
1810,첨단과학기술단지 지하,JE010002,02,02,제주특별자치도 제주시 첨단로 213-3,33.454,126.5723,20220625213901,20220625181858,20220625201537,20220625181858,,,50,,,Y,2,2
1811,첨단과학기술단지 지하,JE010002,03,02,제주특별자치도 제주시 첨단로 213-3,33.454,126.5723,20220625224501,20220625131345,20220625170232,20220625131345,,,50,,,Y,2,2
1812,첨단과학기술단지 지하,JE010002,04,02,제주특별자치도 제주시 첨단로 213-3,33.454,126.5723,20220625210601,20220625132304,20220625210507,20220625132304,,,50,,,Y,2,2
1813,노형 미리내S클래스APT,JE010003,01,02,제주특별자치도 제주시 광평동로 66,33.48597824,126.46864793,20220624074200,20220623224939,20220624074010,20220623224939,,,50,,,Y,2,2
1814,노형 미리내S클래스APT,JE010003,02,02,제주특별자치도 제주시 광평동로 66,33.48597824,126.46864793,20220624023301,20220623182649,20220624005659,20220623182649,,,50,,,Y,2,2
1815,노형 미리내S클래스APT,JE010003,03,02,제주특별자치도 제주시 광평동로 66,33.48597824,126.46864793,20220624085102,20220623183115,20220624084900,20220623183115,,,50,,,Y,2,2
1816,JIBS 사옥 주차장,JE010005,01,02,제주특별자치도 제주시 연삼로 95,33.49351491,126.5023729,20220625221201,20220625220848,20220625221014,20220625150302,,,50,,,Y,2,2
1817,KBS 사옥 주차장,JE010006,01,02,제주특별자치도 제주시 복지로1길 8,33.48912196,126.51899937,20220625172702,20220621160735,20220622080153,20220621160735,,,50,,,Y,3,3
1818,KBS 사옥 주차장,JE010006,02,02,제주특별자치도 제주시 복지로1길 8,33.48912196,126.51899937,20220625040901,20220527160233,20220527170741,20220527160233,,,50,,,Y,2,2
1819,KBS 사옥 주차장,JE010006,03,02,제주특별자치도 제주시 복지로1길 8,33.48912196,126.51899937,20220625233001,20220610083914,20220610102336,20220610083914,,,50,,,Y,2,2
1820,KBS 사옥 주차장,JE010006,04,02,제주특별자치도 제주시 복지로1길 8,33.48912196,126.51899937,20220625235701,20220625105641,20220625130411,20220625105641,,,50,,,Y,2,2
1821,KBS 사옥 주차장,JE010006,05,02,제주특별자치도 제주시 복지로1길 8,33.48912196,126.51899937,20220625165102,20220624122809,20220624184318,20220624122809,,,50,,,Y,2,2
1822,문예회관,JE010007,01,06,제주특별자치도 제주시 동광로 69,33.50598221,126.53494563,20220625235701,20220625231742,20220625235519,20220625231742,,단독,50,,,Y,2,2
1823,문예회관,JE010007,02,06,제주특별자치도 제주시 동광로 69,33.50598221,126.53494563,20220625203902,20220625181350,20220625200208,20220625181350,50,단독,50,,,Y,2,2
1824,올레리조트,JE010010,01,02,제주특별자치도 제주시 애월읍 부룡수길 33,33.4749922,126.35582591,20220625231202,20220625194159,20220625203534,20220625194159,,,50,,,Y,3,3
1825,올레리조트,JE010010,02,02,제주특별자치도 제주시 애월읍 부룡수길 33,33.4749922,126.35582591,20220625181502,20220621192742,20220621222947,20220621192742,,,50,,,Y,2,2
1826,에코랜드테마파크,JE010011,01,02,제주특별자치도 제주시 조천읍 남조로 1982,33.4453473,126.6653855,20220625175102,20220625151522,20220625174834,20220625151522,,,50,,,Y,2,2
1827,에코랜드테마파크,JE010011,02,02,제주특별자치도 제주시 조천읍 남조로 1982,33.4453473,126.6653855,20220625140302,20220625121036,20220625140143,20220625121036,,,50,,,Y,2,2
1828,에코랜드테마파크,JE010011,03,02,제주특별자치도 제주시 조천읍 남조로 1982,33.4453473,126.6653855,20220624220003,20220624193313,20220624215722,20220624193313,,,50,,,Y,2,2
1829,대명리조트,JE010012,01,02,제주특별자치도 제주시 조천읍 신북로 577,33.54006825,126.67194575,20220625235810,20220623182328,20220624004913,20220623182328,,,50,,,Y,9,9
1830,대명리조트,JE010012,02,02,제주특별자치도 제주시 조천읍 신북로 577,33.54006825,126.67194575,20220625224802,20220625154036,20220625184345,20220625154036,,,50,,,Y,2,2
1831,라온프라이빗타운,JE010014,01,02,제주특별자치도 제주시 한림읍 금능남로 127,33.3782702,126.2396908,20220624210602,20220624175721,20220624210413,20220624175721,,,50,,,Y,2,2
1832,라온프라이빗타운,JE010014,02,02,제주특별자치도 제주시 한림읍 금능남로 127,33.3782702,126.2396908,20220624201501,20220624164041,20220624201436,20220624164041,,,50,,,Y,2,2
1833,라온프라이빗타운,JE010014,03,02,제주특별자치도 제주시 한림읍 금능남로 127,33.3782702,126.2396908,20220623011804,20220610212350,20220611130601,20220610212350,,,50,,,Y,2,2
1834,맥도날드 공항점,JE010016,01,02,제주특별자치도 제주시 도령로 159,33.4956713,126.4929583,20220625233303,20220625215316,20220625233028,20220625215316,,,50,,,Y,2,2
1835,엘리시안제주CC,JE010019,01,02,제주특별자치도 제주시 애월읍 평화로 1738-116,33.373081,126.380561,20220625203003,20220625171927,20220625202925,20220625171927,,,50,,,Y,2,2
1836,엘리시안제주CC,JE010019,02,02,제주특별자치도 제주시 애월읍 평화로 1738-116,33.373081,126.380561,20220625220302,20220625123655,20220625171048,20220625123655,,,50,,,Y,3,3
1837,제주웰컴센터,JE010021,01,02,제주특별자치도 제주시 선덕로 23,33.486072,126.499477,20220625212103,20220625155505,20220625191542,20220625155505,,,50,,,Y,3,3
1838,제주웰컴센터,JE010021,02,02,제주특별자치도 제주시 선덕로 23,33.486072,126.499477,20220625180004,20220625144043,20220625175742,20220625144043,,,50,,,Y,2,2
1839,제주웰컴센터,JE010021,03,06,제주특별자치도 제주시 선덕로 23,33.486072,126.499477,20220625200302,20220625191427,20220625200039,20220625191427,,,50,,,Y,2,2
1840,호텔휘슬락,JE010022,01,02,제주특별자치도 제주시 서부두2길 26,33.5173790509,126.5275099243,20220625082701,20220625073543,20220625082619,20220625073543,,,50,,,Y,2,2
1841,한림공원,JE010023,01,06,제주특별자치도 제주시 한림읍 한림로 300,33.390211,126.237492,20220625184200,20220625180529,20220625183940,20220625180529,,,50,,,Y,2,2
1842,한림공원,JE010023,02,02,제주특별자치도 제주시 한림읍 한림로 300,33.390211,126.237492,20220625151801,20220625124547,20220625151542,20220625124547,,,50,,,Y,2,2
1843,한림공원,JE010023,03,02,제주특별자치도 제주시 한림읍 한림로 300,33.390211,126.237492,20220625150300,20220625123001,20220625150217,20220625123001,,,50,,,Y,2,2
1844,(주)다온디엔씨,JE010024,01,02,제주특별자치도 제주시 연동6길 11,33.484702,126.489508,20220620020005,20220528134302,20220528182913,20220528134302,,,50,,,Y,2,2
1845,(주)다온디엔씨,JE010024,02,02,제주특별자치도 제주시 연동6길 11,33.484702,126.489508,20220623011802,20220522174841,20220522200337,20220522174841,,,50,,,Y,2,2
1846,제주교육박물관,JE010025,01,02,제주특별자치도 제주시 오복4길 25,33.494517,126.537557,20220625215401,20220625151508,20220625214904,20220625151508,,,50,,,Y,3,3
1847,제주교육박물관,JE010025,02,02,제주특별자치도 제주시 오복4길 25,33.494517,126.537557,20220625152401,20220625121750,20220625121825,20220624181822,,,50,,,Y,3,3
1848,핀크스아파트,JE010026,01,02,제주특별자치도 제주시 우정로 5길 7,33.490413,126.431957,20220421123810,20220409041241,20220409065719,20220409041241,,,50,,,Y,9,9
1849,김녕교회,JE010027,01,02,제주특별자치도 제주시 구좌읍 김녕로14길 41,33.551529,126.753461,20220625060300,20220625045834,20220625060225,20220625045834,,,50,,,Y,2,2
1850,김녕교회,JE010027,02,02,제주특별자치도 제주시 구좌읍 김녕로14길 41,33.551529,126.753461,20220624162101,20220624133010,20220624162042,20220624133010,,,50,,,Y,2,2
1851,뉴그린카공업사,JE010028,01,02,제주특별자치도 제주시 우평로 45,33.478883,126.461296,20220621003901,20220421185429,20220421213255,20220421185429,,,50,,,Y,2,2
1852,봉개반석아르미,JE010029,01,02,제주특별자치도 제주시 삼봉로 299-3,33.495676,126.596293,20220625211802,20220625155123,20220625211528,20220625155123,,,50,,,Y,2,2
1853,봉개반석아르미,JE010029,02,02,제주특별자치도 제주시 삼봉로 299-3,33.495676,126.596293,20220625223904,20220620180511,20220621014032,20220620180511,,,50,,,Y,2,2
1854,봉개반석아르미,JE010029,03,02,제주특별자치도 제주시 삼봉로 299-3,33.495676,126.596293,20220625231802,20220625185528,20220625231530,20220625185528,,,50,,,Y,2,2
1855,봉개반석아르미,JE010029,04,02,제주특별자치도 제주시 삼봉로 299-3,33.495676,126.596293,20210329113310,,,,,,50,,,Y,9,9
1856,조은이앤씨주식회사,JE010030,01,02,제주특별자치도 제주시 원남2길 40,33.483869,126.521539,20220625180601,20220615211642,20220616041040,20220615211642,,,50,,,Y,2,2
1857,조은이앤씨주식회사,JE010030,02,02,제주특별자치도 제주시 원남2길 40,33.483869,126.521539,20220624103002,20220219120039,20220219210029,20220219120039,,,50,,,Y,2,2
1858,블루하와이 리조트,JE010031,01,02,제주특별자치도 제주시 한림읍 한림로 77,33.381318,126.218311,20220625212102,20220625190044,20220625212004,20220625190044,,,50,,,Y,2,2
1859,블루하와이 리조트,JE010031,02,02,제주특별자치도 제주시 한림읍 한림로 77,33.381318,126.218311,20220625212701,20220625194611,20220625212601,20220625194611,,,50,,,Y,2,2
1860,제주시교육지원청,JE010032,01,02,제주특별자치도 제주시 남광로 27,33.493875,126.538678,20220625201501,20220625164713,20220625175503,20220625164713,,단독,50,,,Y,3,3
1861,제주시교육지원청,JE010032,02,02,제주특별자치도 제주시 남광로 27,33.493875,126.538678,20220623180901,20220623082556,20220623180827,20220623082556,,단독,50,,,Y,2,2
1862,가연이네주말농장민박식당,JE010033,01,02,제주특별자치도 제주시 진목3길 59 1층,33.492480,126.601732,20220625161802,20220624211131,20220625004539,20220624211131,,,50,,,Y,2,2
1863,가연이네주말농장민박식당,JE010033,02,02,제주특별자치도 제주시 진목3길 59 1층,33.492480,126.601732,20211108150310,,,,,,50,,,Y,9,9
1864,해밀관광호스텔,JE010034,01,02,제주특별자치도 제주시 애월읍 광상로 272 ,33.443555,126.404035,20220625231802,20220625180505,20220625193313,20220625180505,,,50,,,Y,3,3
1865,제주다온,JE010035,01,02,제주특별자치도 제주시 조천읍 북선로 322-15,33.512744,126.695756,20220625183001,20220625154804,20220625182748,20220625154804,,,50,,,Y,2,2
1866,천일각,JE010036,01,02,제주특별자치도 제주시 서광로 112,33.4997635,126.508441,20220625223601,20220625214354,20220625214826,20220622122654,,,50,,,Y,3,3
1867,천일각,JE010036,02,02,제주특별자치도 제주시 서광로 112,33.4997635,126.508441,20220625114801,20220625102904,20220625114730,20220625102904,,,50,,,Y,2,2
1868,네오플 전기차충전소,JE010037,01,02,제주특별자치도 제주시 1100로 3198-13,33.4732382,126.485353,20220625225700,20220624092649,20220624123634,20220624092649,,,50,,,Y,2,2
1869,네오플 전기차충전소,JE010037,02,02,제주특별자치도 제주시 1100로 3198-13,33.4732382,126.485353,20220625041500,20220607141305,20220607154843,20220607141305,,,50,,,Y,2,2
1870,네오플 전기차충전소,JE010037,03,02,제주특별자치도 제주시 1100로 3198-13,33.4732382,126.485353,20220623190900,20220623154910,20220623190258,20220623154910,7,동시,50,,,Y,2,2
1871,네오플 전기차충전소,JE010037,04,02,제주특별자치도 제주시 1100로 3198-13,33.4732382,126.485353,20220625071200,20220624145826,20220624191159,20220624145826,7,동시,50,,,Y,2,2
1872,아일랜드힐,JE010038,01,02,제주특별자치도 제주시 한림읍 조성로 128-15,33.3474082,126.280189,20220624215701,20220624160013,20220624215527,20220624160013,,,50,,,Y,2,2
1873,정원파인즈14차,JE010039,01,02,제주특별자치도 제주시 진군남 4길 7-16,33.4746042,126.480719,20220625203301,20220622231101,20220623043621,20220622231101,,,50,,,Y,2,2
1874,정원파인즈14차,JE010039,02,02,제주특별자치도 제주시 진군남 4길 7-16,33.4746042,126.480719,20220625233601,20220625100637,20220625115008,20220625100637,,,50,,,Y,2,2
1875,한라경찰수련원,JE010040,01,02,제주특별자치도 제주시 명림로 381,33.4563861,126.619928,20220625202402,20220624220008,20220625085528,20220624220008,,,50,,,Y,3,3
1876,한라경찰수련원,JE010040,02,02,제주특별자치도 제주시 명림로 381,33.4563861,126.619928,20220621110004,20220618192301,20220619020231,20220618192301,,,50,,,Y,2,2
1877,옹포썬빌리지 101동,JE010041,01,02,제주특별자치도 제주시 옹포 4길 20 101동,33.3999235,126.252840,20220625161503,20220624180829,20220625013940,20220624180829,,,50,,,Y,3,3
1878,옹포썬빌리지 102동,JE010042,01,02,제주특별자치도 제주시 옹포 4길 20 102동,33.3995501,126.252964,20220625090004,20220624223451,20220625085855,20220624223451,,,50,,,Y,2,2
1879,세븐일레븐 애월신엄점,JE010043,01,05,제주특별자치도 제주시 애월읍 신엄5길 1,33.4702001,126.363731,20220625130902,20220625124236,20220625130748,20220625124236,,,50,,,Y,2,2
1880,981 파크,JE010044,01,06,제주특별자치도 제주시 애월읍 천덕로 880-24,33.390639,126.366526,20220625193301,20220625185055,20220625193149,20220625185055,,,50,,,Y,2,2
1881,981 파크,JE010044,02,02,제주특별자치도 제주시 애월읍 천덕로 880-24,33.390639,126.366526,20220625235401,20220624153141,20220624165011,20220624153141,,,50,,,Y,2,2
1882,981 파크,JE010044,03,02,제주특별자치도 제주시 애월읍 천덕로 880-24,33.390639,126.366526,20220625212102,20220620122249,20220620134320,20220620122249,,,50,,,Y,2,2
1883,981 파크,JE010044,04,02,제주특별자치도 제주시 애월읍 천덕로 880-24,33.390639,126.366526,20220625233901,20220625150056,20220625163102,20220625150056,,,50,,,Y,2,2
1884,981 파크,JE010044,05,02,제주특별자치도 제주시 애월읍 천덕로 880-24,33.390639,126.366526,20220625180301,20220625162713,20220625180049,20220625162713,,,50,,,Y,2,2
1885,981 파크,JE010044,06,02,제주특별자치도 제주시 애월읍 천덕로 880-24,33.390639,126.366526,20220625235101,20220507150533,20220507151233,20220414134245,,,50,,,Y,2,2
1886,981 파크,JE010044,07,02,제주특별자치도 제주시 애월읍 천덕로 880-24,33.390639,126.366526,,,,,7,단독,50,,,Y,9,9
1887,981 파크,JE010044,08,02,제주특별자치도 제주시 애월읍 천덕로 880-24,33.390639,126.366526,,,,,7,단독,50,,,Y,9,9
1888,981 파크,JE010044,09,02,제주특별자치도 제주시 애월읍 천덕로 880-24,33.390639,126.366526,,,,,7,단독,50,,,Y,9,9
1889,981 파크,JE010044,10,02,제주특별자치도 제주시 애월읍 천덕로 880-24,33.390639,126.366526,,,,,7,단독,50,,,Y,9,9
1890,981 파크,JE010044,11,07,제주특별자치도 제주시 애월읍 천덕로 880-24,33.390639,126.366526,,,,,7,단독,50,,,Y,9,9
1891,수목원테마파크,JE010047,01,06,제주특별자치도 제주시 은수길 69,33.470303,126.487291,20220625234801,20220625184408,20220625193048,20220625184408,,,50,,,Y,2,2
1892,셀스퀘어빌딩,JE010048,01,05,제주특별자치도 제주시 연삼로 990,33.515967,126.590578,20220624172702,20220624163542,20220624172633,20220624163542,,,50,,,Y,2,2
1893,세븐일레븐 제주한림일주점,JE010049,01,05,제주특별자치도 제주시 한림읍 일주서로 5294,33.401780,126.267204,20220624130003,20220624124331,20220624125913,20220624124331,,,50,,,Y,2,2
1894,제주프랜,JE010050,01,02,제주특별자치도 제주시 한림읍 일주서로 5294,33.401932,126.267151,20220623011805,20220416162309,20220416223705,20220416162309,,,50,,,Y,2,2
1895,조천라오체,JE010051,01,02,제주특별자치도 제주시 조천읍 조와로 65,33.529984,126.637371,20220625220601,20220625161531,20220625220431,20220625161531,,,50,,,Y,2,2
1896,함덕드라마빌리지,JE010052,01,02,제주특별자치도 제주시 조천읍 함덕18길 32-1 ,33.537980,126.669294,20220625195401,20220625170738,20220625195201,20220625170738,,,50,,,Y,2,2
1897,노형4차아뜨리에,JE010053,01,02,제주특별자치도 제주시 오도9길 84-12,33.485564,126.462392,20220625235402,20220624185059,20220624232745,20220625192217,,,50,,,Y,1,1
1898,노형4차아뜨리에,JE010053,02,02,제주특별자치도 제주시 오도9길 84-12,33.485564,126.462392,20220625180901,20220625110945,20220625124139,20220625110945,,,50,,,Y,3,3
1899,제주교도소,JE010054,01,02,제주특별자치도 제주시 정실동길 51,33.462216,126.515841,20190529170210,,,,,,50,,,Y,9,9
1900,제주교도소,JE010054,02,02,제주특별자치도 제주시 정실동길 51,33.462216,126.515841,20190529170210,,,,,,50,,,Y,9,9
1901,에코그린빌9차,JE010055,01,02,제주특별자치도 제주시 연삼로 127-23,33.494222,126.505920,20220625205401,20220625180255,20220625205151,20220625180255,,,50,,,Y,2,2
1902,에코그린빌9차,JE010055,02,02,제주특별자치도 제주시 연삼로 127-23,33.494222,126.505920,20220625212401,20220608222403,20220609064706,20220608222403,,,50,,,Y,2,2
1903,푸른열매작은도서관,JE010056,01,02,제주특별자치도 제주시 조천읍 조천2길 6,33.534599,126.631888,20220625165701,20220616085934,20220616094856,20220616085934,,,50,,,Y,2,2
1904,푸른열매작은도서관,JE010056,02,02,제주특별자치도 제주시 조천읍 조천2길 6,33.534599,126.631888,20211108150310,,,,,,50,,,Y,9,9
1905,대한예수교장로회송당교회,JE010057,01,02,제주특별자치도 제주시 구좌읍 중산간동로 2222-2,33.471552,126.780499,20220408144310,20220405074940,20220405102514,20220405074940,,,50,,,Y,9,9
1906,대한예수교장로회송당교회,JE010057,02,02,제주특별자치도 제주시 구좌읍 중산간동로 2222-2,33.471552,126.780499,20220615135310,20220615131306,20220615131322,20220323084009,,,50,,,Y,9,9
1907,조천코아루,JE010059,01,02,제주특별자치도 제주시 조천읍 신조로 26,33.517106,126.622750,20220625120301,20220623193828,20220623220730,20220623193828,,,50,,,Y,2,2
1908,조천코아루,JE010059,02,02,제주특별자치도 제주시 조천읍 신조로 26,33.517106,126.622750,20220623011806,20220622182111,20220622205738,20220622182111,,,50,,,Y,2,2
1909,농업회사법인 제우스,JE010060,01,02,제주특별자치도 제주시 첨단로 175,33.457062,126.571735,20220623120301,20220623080129,20220623120213,20220623080129,,,50,,,Y,2,2
1910,다몰2차연립주택,JE010061,01,02,제주특별자치도 제주시 연사2길 60,33.484200,126.512025,20220625215702,20220625201025,20220625215403,20220625201025,,,50,,,Y,2,2
1911,다몰2차연립주택,JE010061,02,02,제주특별자치도 제주시 연사2길 60,33.484200,126.512025,20220625222402,20220619161149,20220620000959,20220619161149,,,50,,,Y,3,3
1912,제이디피 모터스 애월점,JE010063,01,02,제주특별자치도 제주시 애월읍 일주서로 6197,33.460609,126.316286,20220625235101,20220303123517,20220303135542,20220303123517,,,50,,,Y,2,2
1913,쌍용자동차제주정비사업소,JE010066,01,02,제주특별자치도 제주시 선반로 59,33.515534,126.564403,20220623011805,20220620172037,20220621074343,20220620172037,,,50,,,Y,2,2
1914,하버빌,JE010067,01,02,제주특별자치도 제주시 아연로 447 하버빌,33.475325,126.527961,20220624053302,20220623214526,20220624053235,20220623214526,,,50,,,Y,2,2
1915,뜨레모아3차,JE010068,01,02,제주특별자치도 제주시 진군남4길 28,33.474974,126.478584,20220625213302,20220625193415,20220625204925,20220625193415,,,50,,,Y,3,3
1916,메종글래드제주,JE010069,01,02,제주특별자치도 제주시 노연로 80,33.485194,126.488614,20220625231504,20220625184306,20220625213431,20220625184306,,,50,,,Y,3,3
1917,메종글래드제주,JE010069,02,02,제주특별자치도 제주시 노연로 80,33.485194,126.488614,20220625220302,20220625203018,20220625215958,20220625203018,,,50,,,Y,2,2
1918,밭담공원,JE010070,01,05,제주특별자치도 제주시,33.563694,126.778807,20220625230301,20220625111744,20220625113900,20220625111744,,,50,,,Y,2,2
1919,밭담공원,JE010070,02,05,제주특별자치도 제주시,33.563694,126.778807,20220602123310,20211213160326,20211213164442,20211213160326,,,50,,,Y,9,9
1920,밭담공원,JE010070,03,05,제주특별자치도 제주시,33.563694,126.778807,20210413113810,,,,,,50,,,Y,9,9
1921,밭담공원,JE010070,07,02,제주특별자치도 제주시,33.563694,126.778807,20220625170003,20220613152702,20220613162734,20220613152702,,,50,,,Y,2,2
1922,밭담공원,JE010070,08,02,제주특별자치도 제주시,33.563694,126.778807,20220626000318,20220622083541,20220622155604,20220622083541,,,50,,,Y,1,1
1923,명월국민학교,JE010071,01,02,제주특별자치도 제주시 한림읍 명월로 48,33.388732,126.264864,20220625162102,20220621150556,20220621163919,20220621150556,,,50,,,Y,2,2
1924,명월국민학교,JE010071,02,02,제주특별자치도 제주시 한림읍 명월로 48,33.388732,126.264864,20220625150901,20220625142639,20220625150702,20220625142639,,,50,,,Y,2,2
1925,함덕카페H,JE010072,01,02,제주특별자치도 제주시 조천읍 함대로 3길 24-9,33.526229,126.659975,20220625171501,20220517101203,20220517101625,20220416135108,,,50,,,Y,2,2
1926,함덕카페H,JE010072,02,02,제주특별자치도 제주시 조천읍 함대로 3길 24-9,33.526229,126.659975,20220625201201,20220328170929,20220328171308,20220328170929,,,50,,,Y,2,2
1927,정원파인즈16차,JE010073,01,02,제주특별자치도 제주시 아라이동 1366,33.486320,126.543990,20220625160901,20220120143252,20220120191056,20220120143252,14,단독,50,,,Y,2,2
1928,정원파인즈16차,JE010073,02,02,제주특별자치도 제주시 아라이동 1366,33.486320,126.543990,20220625113903,20220624194029,20220624212646,20220624194029,14,단독,50,,,Y,2,2
1929,정원파인즈16차,JE010073,03,02,제주특별자치도 제주시 아라이동 1366,33.486320,126.543990,20220625233002,20211125204833,20211125204905,,14,단독,50,,,Y,2,2
1930,정원파인즈16차,JE010073,04,02,제주특별자치도 제주시 아라이동 1366,33.486320,126.543990,20220625225402,20220623191506,20220623211859,20220623191506,14,단독,50,,,Y,3,3
1931,정원파인즈16차,JE010073,05,02,제주특별자치도 제주시 아라이동 1366,33.486320,126.543990,20220626000004,20211125205246,20211125205310,,14,단독,50,,,Y,2,2
1932,정원파인즈16차,JE010073,06,02,제주특별자치도 제주시 아라이동 1366,33.486320,126.543990,20220625235101,20220625202813,20220625233145,20220625202813,14,단독,50,,,Y,3,3
1933,저지리498맛나게드시게,JE010074,01,02,제주특별자치도 제주시 한경면 중산간서로 3793,33.342456,126.255701,20220625053601,20220615145102,20220615145120,,,,50,,,Y,2,2
1934,저지리498맛나게드시게,JE010074,02,02,제주특별자치도 제주시 한경면 중산간서로 3793,33.342456,126.255701,20220625053301,20220512211250,20220513015052,20220512211250,,,50,,,Y,2,2
1935,우도119지역센터,JE010076,01,02,제주특별자치도 제주시 우도면 우도로 109,33.502163,126.953568,20220621105702,20220621072602,20220621082252,20220621072602,,,50,,,Y,2,2
1936,우도119지역센터,JE010076,02,02,제주특별자치도 제주시 우도면 우도로 109,33.502163,126.953568,20220623011804,20220617142629,20220617142706,,,,50,,,Y,2,2
1937,그린자동차공업사,JE010077,01,02,제주특별자치도 제주시 선반남1길 4,33.513072,126.560242,20220623173004,20220623165139,20220623172901,20220623165139,,,50,,,Y,2,2
1938,조일리복지회관,JE010078,01,02,제주특별자치도 제주시 우도면 우도비양길 89,33.509791,126.962877,20220623082401,20220623074552,20220623082218,20220623074552,,,50,,,Y,2,2
1939,조일리복지회관,JE010078,02,02,제주특별자치도 제주시 우도면 우도비양길 89,33.509791,126.962877,20220621105701,20220522183255,20220522183557,20220324114237,,,50,,,Y,2,2
1940,서광리사무소,JE010079,01,02,제주특별자치도 제주시 우도면 우목길 48,33.508206,126.948932,20210523101310,,,,,,50,,,Y,9,9
1941,서광리사무소,JE010079,02,02,제주특별자치도 제주시 우도면 우목길 48,33.508206,126.948932,20220625024203,20220618224808,20220619091601,20220618224808,,,50,,,Y,2,2
1942,레인보우 오라1호점,JE010080,01,02,제주특별자치도 제주시 연삼로 163,33.493446,126.510030,20220625181201,20220617102113,20220617154515,20220617102113,,,50,,,Y,2,2
1943,레인보우 오라1호점,JE010080,02,02,제주특별자치도 제주시 연삼로 163,33.493446,126.510030,20220625233602,20220621092508,20220621105007,20220621092508,,,50,,,Y,2,2
1944,화북제동해피죤아파트,JE010081,01,02,제주특별자치도 제주시 거로길 8,33.513468,126.556466,20220625180601,20220625163916,20220625180325,20220625163916,,,50,,,Y,2,2
1945,화북제동해피죤아파트,JE010081,02,02,제주특별자치도 제주시 거로길 8,33.513468,126.556466,20220625223601,20220625164257,20220625223351,20220625164257,,,50,,,Y,2,2
1946,서진태영아트빌,JE010082,01,02,제주특별자치도 제주시 고마로19길 19,33.505896,126.542961,20220625231201,20220625090937,20220625124840,20220625090937,,,50,,,Y,2,2
1947,서진태영아트빌,JE010082,02,02,제주특별자치도 제주시 고마로19길 19,33.505896,126.542961,20220625182701,20220624141958,20220624160811,20220624141958,,,50,,,Y,2,2
1948,한올산업,JE010083,01,02,제주특별자치도 제주시 연신로 155,33.489119,126.553252,20220625235701,20220625065136,20220625095032,20220625065136,,,50,,,Y,1,1
1949,사려니숲길화덕피자,JE010084,01,02,제주특별자치도 제주시 조천읍 남조로 2133,33.456309,126.662183,20220625042101,20220619135234,20220619143208,20220619135234,,,50,,,Y,2,2
1950,사려니숲길화덕피자,JE010084,02,02,제주특별자치도 제주시 조천읍 남조로 2133,33.456309,126.662183,20220625233901,20220605001327,20220605002421,20220605001327,,,50,,,Y,2,2
1951,플레이스엉물,JE010085,01,02,제주특별자치도 제주시 구좌읍 종달논길 92,33.489627,126.900684,20220625120300,20220622225104,20220623032411,20220622225104,,,50,,,Y,2,2
1952,광령캐슬,JE010087,01,02,제주특별자치도 제주시 애월읍 하광로 269,33.464855,126.422069,20220625151201,20220625091751,20220625114547,20220625091751,,,50,,,Y,2,2
1953,광령캐슬,JE010087,02,02,제주특별자치도 제주시 애월읍 하광로 269,33.464855,126.422069,20220623011803,20220615150538,20220615172044,20220615150538,,,50,,,Y,2,2
1954,플러그인,JE010088,01,02,제주특별자치도 제주시 노형4길 32,33.480981,126.477580,20220626000313,20220403130607,20220403134426,20220403130607,,,50,,,Y,1,1
1955,목성아파트,JE010089,01,02,제주특별자치도 제주시 서광로11길 43,33.503803,126.516084,20220625222103,20220625160025,20220625222028,20220625160025,,,50,,,Y,2,2
1956,목성아파트,JE010089,02,02,제주특별자치도 제주시 서광로11길 43,33.503803,126.516084,20220625230002,20220624222900,20220625054648,20220625150826,,,50,,,Y,3,3
1957,목성아파트,JE010089,03,02,제주특별자치도 제주시 서광로11길 43,33.503803,126.516084,20220625215401,20220620225958,20220620230003,20220619191419,,,50,,,Y,2,2
1958,씨엠개발,JE010090,01,02,제주특별자치도 제주시 노형6길 8,33.481569,126.477525,20220625210301,20211225142012,20211225142515,,,,50,,,Y,2,2
1959,북촌카페,JE010091,01,02,제주특별자치도 제주시 조천읍 일주동로 1360,33.540215,126.684666,20220625133300,20220625131143,20220625133021,20220606171608,,,50,,,Y,2,2
1960,북촌카페,JE010091,02,02,제주특별자치도 제주시 조천읍 일주동로 1360,33.540215,126.684666,20220624233600,20220612162257,20220612171054,20220612162257,,,50,,,Y,2,2
1961,고산농협,JE010093,01,02,제주특별자치도 제주시 한경면 용고로 81,33.300642,126.179290,20220625224206,20220623111231,20220623130252,20220623111231,,,50,,,Y,3,3
1962,고산농협,JE010093,02,02,제주특별자치도 제주시 한경면 용고로 81,33.300642,126.179290,20220624215702,20220624192559,20220624215441,20220624192559,,,50,,,Y,2,2
1963,삼화리오팰리스,JE010094,01,02,제주특별자치도 제주시 생목수원로 56-1,33.504702,126.597129,20220625022103,20220624201354,20220625021854,20220624201354,,,50,,,Y,2,2
1964,삼화리오팰리스,JE010094,02,02,제주특별자치도 제주시 생목수원로 56-1,33.504702,126.597129,20220625213301,20220620230601,20220621030030,20220625212051,,,50,,,Y,3,3
1965,삼화리오팰리스,JE010094,03,02,제주특별자치도 제주시 생목수원로 56-1,33.504702,126.597129,20220623213301,20220623183648,20220623213217,20220623183648,,,50,,,Y,2,2
1966,삼화리오팰리스,JE010094,04,02,제주특별자치도 제주시 생목수원로 56-1,33.504702,126.597129,20220622222402,20220622175126,20220622222129,20220622175126,,,50,,,Y,2,2
1967,틸다하우스,JE010095,01,02,제주특별자치도 제주시 한경면 중산간서로 3367-1,33.310843,126.237098,20220621110301,20220613175421,20220613213622,20220613175421,,,50,,,Y,2,2
1968,한림상가타운,JE010096,01,02,제주특별자치도 제주시 한림읍 한림상로 110,33.409639,126.264991,20220625232100,20220625170310,20220625231939,20220625170310,,,50,,,Y,2,2
1969,브레이브독스,JE010097,01,02,제주특별자치도 제주시 한림읍 한수풀로 138,33.421627,126.276606,20220625224801,20220623183215,20220623220034,20220623183215,,,50,,,Y,2,2
1970,흑돼지촌,JE010098,01,02,제주특별자치도 제주시 한림읍 한림상로 62,33.406567,126.261511,20220621110301,20220109143028,20220109155003,20220109143028,,,50,,,Y,2,2
1971,한림칠돈가,JE010100,01,02,제주특별자치도 제주시 한림읍 한림상로 69,33.407578,126.261530,20220622140002,20220506091051,20220506103634,20220506091051,,,50,,,Y,2,2
1972,한림칠돈가,JE010100,02,02,제주특별자치도 제주시 한림읍 한림상로 69,33.407578,126.261530,20211108150310,,,,,,50,,,Y,9,9
1973,아라태홍파우누스1차,JE010101,01,02,제주특별자치도 제주시 516로 3092,33.450129,126.553439,20220625191500,20220625065450,20220625085352,20220625065450,,,50,,,Y,2,2
1974,제주올래국수,JE010102,01,02,제주특별자치도 제주시 월성로 39,33.500894,126.505985,20220625233001,20220615110506,20220615114025,20220615110506,,,50,,,Y,2,2
1975,슬로손해사정,JE010103,01,02,제주특별자치도 제주시 연북로 550,33.486036,126.538327,20220625234501,20220625103113,20220625142327,20220625103113,,,50,,,Y,2,2
1976,슬로손해사정,JE010103,02,02,제주특별자치도 제주시 연북로 550,33.486036,126.538327,20220625200601,20220625170006,20220625200534,20220625170006,,,50,,,Y,2,2
1977,외도에이스아크로빌2차,JE010104,01,02,제주특별자치도 제주시 우정로7길 24,33.489040,126.433431,20220625015701,20220624171031,20220625015445,20220624171031,,,50,,,Y,2,2
1978,외도에이스아크로빌2차,JE010104,02,02,제주특별자치도 제주시 우정로7길 24,33.489040,126.433431,20220625160901,20220625143758,20220625160739,20220625143758,,,50,,,Y,2,2
1979,외도에이스아크로빌2차,JE010104,03,02,제주특별자치도 제주시 우정로7길 24,33.489040,126.433431,20220623011803,20220507210022,20220508031633,20220507210022,,,50,,,Y,2,2
1980,한탑아파트,JE010105,01,02,제주특별자치도 제주시 우령2길 3-3,33.488975,126.432125,20220622131202,20220617201715,20220618034524,20220617201715,,,50,,,Y,2,2
1981,한탑아파트,JE010105,02,02,제주특별자치도 제주시 우령2길 3-3,33.488975,126.432125,20220625152402,20220623184923,20220624020849,20220623184923,,,50,,,Y,2,2
1982,함덕해밀타운,JE010106,01,02,제주특별자치도 제주시 조천읍 신북로 460,33.543681,126.659468,20220625183301,20220625170240,20220625183200,20220625170240,,,50,,,Y,2,2
1983,함덕해밀타운,JE010106,02,02,제주특별자치도 제주시 조천읍 신북로 460,33.543681,126.659468,20220622040601,20220621213754,20220622040541,20220621213754,,,50,,,Y,2,2
1984,정암에코빌,JE010107,01,02,제주특별자치도 제주시 애월읍 하광로 222-16,33.467665,126.417822,20220623181801,20220623155620,20220623181644,20220623155620,,,50,,,Y,2,2
1985,정암에코빌,JE010107,02,02,제주특별자치도 제주시 애월읍 하광로 222-16,33.467665,126.417822,20220625193601,20220625180322,20220625193437,20220625180322,,,50,,,Y,2,2
1986,정암에코빌,JE010107,03,02,제주특별자치도 제주시 애월읍 하광로 222-16,33.467665,126.417822,20220625224501,20220624215402,20220625000438,20220624215402,,,50,,,Y,3,3
1987,카페2085,JE010108,01,02,제주특별자치도 제주시 조천읍 선교로 185,33.486828,126.700094,20220623011806,20220608104446,20220608120443,20220608104446,,,50,,,Y,2,2
1988,씨비양빌리지,JE010109,01,02,제주특별자치도 제주시 한림읍 한림해안로 8,33.405994,126.255310,20220625203602,20220624210106,20220624220520,20220624210106,,,50,,,Y,3,3
1989,푸른밤의해안속초식당,JE010111,01,02,제주특별자치도 제주시 노형로 40,33.462455,126.451524,20220625050301,20220624220723,20220625050246,20220624220723,,,50,,,Y,2,2
1990,돈사돈 월정점,JE010112,01,02,제주특별자치도 제주시 구좌읍 한동북1길 29-3,33.541363,126.827155,20220625042702,20220620182647,20220620195637,20220620182647,,,50,,,Y,2,2
1991,돈사돈 월정점,JE010112,02,02,제주특별자치도 제주시 구좌읍 한동북1길 29-3,33.541363,126.827155,20220625040001,20220620171209,20220620181052,20220620171209,,,50,,,Y,2,2
1992,한국폴로컨트리클럽,JE010113,01,02,제주특별자치도 제주시 구좌읍 월행남길 322-30,33.523981,126.780528,20220625041501,20220621121611,20220621170014,20220621121611,,,50,,,Y,2,2
1993,한국폴로컨트리클럽,JE010113,02,02,제주특별자치도 제주시 구좌읍 월행남길 322-30,33.523981,126.780528,20220625153901,20220604090750,20220604110838,20220604090750,,,50,,,Y,2,2
1994,밭담,JE010114,01,02,제주특별자치도 제주시 구좌읍 행원로5길 35-20,33.556675,126.803497,20220625043002,20220619173933,20220619183417,20220619173933,,,50,,,Y,2,2
1995,밭담,JE010114,02,02,제주특별자치도 제주시 구좌읍 행원로5길 35-20,33.556675,126.803497,20220625072701,20220624161503,20220624163400,20220622095837,,,50,,,Y,2,2
1996,세화그때그집,JE010117,01,02,제주특별자치도 제주시 구좌읍 세평항로 43,33.527156,126.854837,20220625174501,20220625162817,20220625174455,20220625162817,,,50,,,Y,2,2
1997,한국외식업중앙회 제주시지부,JE010118,01,02,제주특별자치도 제주시 오라로 116,33.494260,126.515042,20220625235101,20220625121113,20220625151858,20220625211046,,,50,,,Y,1,1
1998,비자블라썸,JE010119,01,02,제주특별자치도 제주시 구좌읍 비자림로 2244,33.494900,126.808931,20220622005401,20220507144921,20220507153826,20220507144921,,,50,,,Y,2,2
1999,바나바하도바베큐타운,JE010120,01,02,제주특별자치도 제주시 구좌읍 해맞이해안로 1926-3,33.516901,126.899235,20220625164201,20220616175300,20220616195851,20220616175300,,,50,,,Y,2,2
2000,바나바하도바베큐타운,JE010120,02,02,제주특별자치도 제주시 구좌읍 해맞이해안로 1926-3,33.516901,126.899235,20220625162101,20220621114102,20220621150918,20220621114102,,,50,,,Y,2,2
2001,오라지큐휴먼빌,JE010121,01,02,제주특별자치도 제주시 연오로 73,33.486862,126.502036,20220625182101,20220623183009,20220623230819,20220623183009,,,50,,,Y,2,2
2002,오라지큐휴먼빌,JE010121,02,02,제주특별자치도 제주시 연오로 73,33.486862,126.502036,20220625210600,20220625163338,20220625210543,20220625163338,,,50,,,Y,2,2
2003,오라지큐휴먼빌,JE010121,03,02,제주특별자치도 제주시 연오로 73,33.486862,126.502036,20220625135700,20220622084744,20220622102804,20220622084744,,,50,,,Y,2,2
2004,제주메이플호텔,JE010122,01,02,제주특별자치도 제주시 원노형3길 41,33.486520,126.481716,20220625173001,20220622172919,20220622182831,20220622172919,,,50,,,Y,2,2
2005,선진종합건축자재백화점,JE010123,01,02,제주특별자치도 제주시 애월읍 일주서로 7094,33.483695,126.407480,20220625205401,20220625182714,20220625205239,20220625182714,,단독,50,,,Y,2,2
2006,미스칠,JE010124,01,02,제주특별자치도 제주시 일주서로 7831,33.493875,126.483370,20220625201501,20220623220742,20220624013830,20220623220742,,,50,,,Y,2,2
2007,미스칠,JE010124,02,02,제주특별자치도 제주시 일주서로 7831,33.493875,126.483370,20220625192701,20220602090429,20220602094726,20220602090429,,,50,,,Y,2,2
2008,제갈양,JE010125,01,02,제주특별자치도 제주시 한림읍 한림로 155,33.386035,126.224430,20220624145102,20220624132726,20220624145001,20220624132726,,,50,,,Y,2,2
2009,제갈양,JE010125,02,02,제주특별자치도 제주시 한림읍 한림로 155,33.386035,126.224430,20220621110003,20220424194254,20220424203555,20220424194254,,,50,,,Y,2,2
2010,할로비치,JE010127,01,02,제주특별자치도 제주시 한경면 녹차분재로 354,33.308389,126.281466,20220625213601,20220622100704,20220622124700,20220622100704,,,50,,,Y,2,2
2011,할로비치,JE010127,02,02,제주특별자치도 제주시 한경면 녹차분재로 354,33.308389,126.281466,20220624074201,20220623143816,20220623154809,20220623143816,,,50,,,Y,2,2
2012,카페파람,JE010128,01,02,제주특별자치도 제주시 한경면 한경해안로 470,33.341789,126.171245,20220625181201,20220625150536,20220625180902,20220625150536,,,50,,,Y,2,2
2013,카페파람,JE010128,02,02,제주특별자치도 제주시 한경면 한경해안로 470,33.341789,126.171245,20220623011805,20220617114245,20220617131157,20220617114245,,,50,,,Y,2,2
2014,지금여기에팬션,JE010130,01,02,제주특별자치도 제주시 한림읍 금능길 79,33.389227,126.231381,20220623011802,20220618144507,20220618162050,20220618144507,,,50,,,Y,2,2
2015,지금여기에팬션,JE010130,02,02,제주특별자치도 제주시 한림읍 금능길 79,33.389227,126.231381,20220623011802,20220620095332,20220620123949,20220620095332,,,50,,,Y,2,2
2016,개똥이동물원,JE010131,01,02,제주특별자치도 제주시 조천읍 종인내길 133,33.494797,126.623022,20220623011805,20220601154230,20220601165214,20220601154230,,,50,,,Y,2,2
2017,개똥이동물원,JE010131,02,02,제주특별자치도 제주시 조천읍 종인내길 133,33.494797,126.623022,20220625134501,20220625121553,20220625134438,20220625121553,,,50,,,Y,2,2
2018,판포어촌계,JE010132,01,02,제주특별자치도 제주시 한경면 일주서로 4542,33.364792,126.201085,20220625115701,20220615141209,20220615141239,20220606112658,,,50,,,Y,2,2
2019,판포어촌계,JE010132,02,02,제주특별자치도 제주시 한경면 일주서로 4542,33.364792,126.201085,20220625150901,20220621114905,20220621133121,20220621114905,,,50,,,Y,2,2
2020,옛집2,JE010133,01,02,제주특별자치도 제주시 구좌읍 비자림로 1220,33.434769,126.735333,20220625225401,20220519152741,20220519153557,20220512125434,,,50,,,Y,2,2
2021,피그농원,JE010134,01,02,제주특별자치도 제주시 한림읍 한수풀로2길 31,33.417339,126.273031,20220625230901,20220622115956,20220622202446,20220622115956,,,50,,,Y,2,2
2022,피그농원,JE010134,02,02,제주특별자치도 제주시 한림읍 한수풀로2길 31,33.417339,126.273031,20220625051201,20220619173615,20220619181529,20220619173615,,,50,,,Y,2,2
2023,삼영노블리안아파트,JE010135,01,02,제주특별자치도 제주시 한림읍 문교길 27,33.410321,126.262712,20220624205400,20220624163730,20220624205134,20220624163730,,,50,,,Y,2,2
2024,삼영노블리안아파트,JE010135,02,02,제주특별자치도 제주시 한림읍 문교길 27,33.410321,126.262712,20220624130600,20220623215743,20220624031415,20220623215743,,,50,,,Y,2,2
2025,한림서부교회,JE010136,01,02,제주특별자치도 제주시 한림읍 옹포남3길 19,33.404116,126.258837,20220625061201,,,,,,50,,,Y,2,2
2026,함덕에덴빌리지1차,JE010137,01,02,제주특별자치도 제주시 조천읍 조천우회로 525,33.530400,126.665173,20220625233002,20220616191144,20220616215508,20220616191144,,,50,,,Y,2,2
2027,함덕에덴빌리지1차,JE010137,02,02,제주특별자치도 제주시 조천읍 조천우회로 525,33.530400,126.665173,20220625133602,20220623151345,20220623163643,20220623151345,,,50,,,Y,2,2
2028,함덕에덴빌리지1차,JE010137,03,02,제주특별자치도 제주시 조천읍 조천우회로 525,33.530400,126.665173,20220625234802,20220623225414,20220624021430,20220625210110,,,50,,,Y,3,3
2029,함덕에덴빌리지1차,JE010137,04,02,제주특별자치도 제주시 조천읍 조천우회로 525,33.530400,126.665173,20220625045402,20220331105522,20220331105544,20220320194740,,,50,,,Y,2,2
2030,함덕에덴빌리지1차,JE010137,05,02,제주특별자치도 제주시 조천읍 조천우회로 525,33.530400,126.665173,20220625161802,20220619184132,20220619193149,20220619184132,,,50,,,Y,2,2
2031,함덕에덴빌리지1차,JE010137,06,02,제주특별자치도 제주시 조천읍 조천우회로 525,33.530400,126.665173,20220625172103,,,,,,50,,,Y,2,2
2032,한국경주마생산자협회,JE010138,01,02,제주특별자치도 제주시 조천읍 남조로 1649-24,33.413345,126.674167,20220624084501,20220608134346,20220608134358,20220602055147,,,50,,,Y,2,2
2033,한국경주마생산자협회,JE010138,02,02,제주특별자치도 제주시 조천읍 남조로 1649-24,33.413345,126.674167,20220624084501,20220622120908,20220622163030,20220622120908,,,50,,,Y,2,2
2034,제주글램핑 무한자미향,JE010140,01,02,제주특별자치도 제주시 구좌읍 중산간동로 1921,33.481489,126.752203,20210701103310,,,,,,50,,,Y,9,9
2035,제주글램핑 무한자미향,JE010140,02,02,제주특별자치도 제주시 구좌읍 중산간동로 1921,33.481489,126.752203,20210629102810,,,,,,50,,,Y,9,9
2036,제주글램핑 무한자미향,JE010140,03,02,제주특별자치도 제주시 구좌읍 중산간동로 1921,33.481489,126.752203,20210701102810,,,,,,50,,,Y,9,9
2037,제주글램핑 무한자미향,JE010140,04,02,제주특별자치도 제주시 구좌읍 중산간동로 1921,33.481489,126.752203,20210701103310,,,,,,50,,,Y,9,9
2038,제주글램핑 무한자미향,JE010140,05,02,제주특별자치도 제주시 구좌읍 중산간동로 1921,33.481489,126.752203,20210701102810,,,,,,50,,,Y,9,9
2039,아모르하우스2펜션,JE010141,01,02,제주특별자치도 제주시 구좌읍 해맞이해안로 2060-20,33.508144,126.901788,20220625130600,20220620142051,20220620185302,20220620142051,,,50,,,Y,2,2
2040,아모르하우스2펜션,JE010141,02,02,제주특별자치도 제주시 구좌읍 해맞이해안로 2060-20,33.508144,126.901788,20220625212700,20220623130824,20220623191237,20220623130824,,,50,,,Y,2,2
2041,햇살가득돌담집,JE010142,01,02,제주특별자치도 제주시 조천읍 함대로 25-1,33.541535,126.658194,20220625143902,20220625134416,20220625143735,20220625134416,,,50,,,Y,2,2
2042,햇살가득돌담집,JE010142,02,02,제주특별자치도 제주시 조천읍 함대로 25-1,33.541535,126.658194,20220623011806,20220530164006,20220530172819,20220530164006,,,50,,,Y,2,2
2043,영평삼성쉐르빌,JE010143,01,02,제주특별자치도 제주시 사송길 37,33.474534,126.565409,20220624203004,20220624162354,20220624202802,20220624162354,,,50,,,Y,2,2
2044,영평삼성쉐르빌,JE010143,02,02,제주특별자치도 제주시 사송길 37,33.474534,126.565409,20220625234802,20220624190726,20220624230149,20220624190726,,,50,,,Y,2,2
2045,우도고래펜션,JE010145,01,02,제주특별자치도 제주시 우도면 하고수길 64,33.512689,126.956567,20220621105702,20220523195147,20220524002134,20220523195147,,,50,,,Y,2,2
2046,우도고래펜션,JE010145,02,02,제주특별자치도 제주시 우도면 하고수길 64,33.512689,126.956567,20220621105702,20220603032554,20220603041250,20220603032554,,,50,,,Y,2,2
2047,삼화코아루헤리티지2차,JE010146,01,02,제주특별자치도 제주시 삼봉로 180,33.505294,126.591422,20220624043002,20220623110218,20220623134617,20220623110218,,,50,,,Y,2,2
2048,삼화코아루헤리티지2차,JE010146,02,02,제주특별자치도 제주시 삼봉로 180,33.505294,126.591422,20220624175703,20220624160619,20220624175541,20220624160619,,,50,,,Y,2,2
2049,삼화코아루헤리티지2차,JE010146,03,02,제주특별자치도 제주시 삼봉로 180,33.505294,126.591422,20220623024803,20220622191446,20220623024546,20220622191446,,,50,,,Y,2,2
2050,삼화코아루헤리티지2차,JE010146,04,02,제주특별자치도 제주시 삼봉로 180,33.505294,126.591422,20220625221802,20220624203716,20220625033533,20220625221714,,,50,,,Y,3,3
2051,골든타워1차아파트,JE010147,01,02,제주특별자치도 제주시 삼오길 21,33.499416,126.518711,20220625222104,20220625201517,20220625222015,20220625201517,,,50,,,Y,2,2
2052,풀하우스 까델아스가든,JE010148,01,02,제주특별자치도 제주시 애월읍 신엄9길 46,33.475314,126.366677,20220625160602,20220622125345,20220622145855,20220622125345,,,50,,,Y,2,2
2053,풀하우스 까델아스가든,JE010148,02,02,제주특별자치도 제주시 애월읍 신엄9길 46,33.475314,126.366677,20220625225702,20220403084150,20220403085000,20220317200204,,,50,,,Y,2,2
2054,삼화코아루헤리티지1차,JE010149,01,02,제주특별자치도 제주시 삼봉로 176,33.505716,126.590995,20220625214505,20220625194653,20220625214420,20220625194653,,,50,,,Y,2,2
2055,삼화코아루헤리티지1차,JE010149,02,02,제주특별자치도 제주시 삼봉로 176,33.505716,126.590995,20220625213602,20220625193734,20220625213529,20220625193734,,,50,,,Y,2,2
2056,삼화코아루헤리티지1차,JE010149,03,02,제주특별자치도 제주시 삼봉로 176,33.505716,126.590995,20220625124802,20220625114428,20220625124750,20220625114428,,,50,,,Y,2,2
2057,케이관광호텔,JE010150,01,02,제주특별자치도 제주시 연동3길 10,33.489044,126.487898,20220625223004,20220615130356,20220615151230,20220615130356,,,50,,,Y,2,2
2058,에코티엘오피스텔,JE010151,01,02,제주특별자치도 제주시 신광로4길 24,33.489176,126.487570,20220625223004,20220616160245,20220616191117,20220616160245,,,50,,,Y,2,2
2059,뚱딴지,JE010152,01,02,제주특별자치도 제주시 애월읍 부룡수길 17,33.474541,126.354838,20220625183301,20220620194941,20220620203838,20220620194941,,,50,,,Y,2,2
2060,뚱딴지,JE010152,02,02,제주특별자치도 제주시 애월읍 부룡수길 17,33.474541,126.354838,20220625232401,20220606190931,20220606195628,20220606190931,,,50,,,Y,2,2
2061,제주환경개발,JE010153,01,02,제주특별자치도 제주시 연삼로 366,33.492975,126.531415,20220626000004,20220625152425,20220625182128,20220625214239,,,50,,,Y,3,3
2062,섬풍경펜션,JE010154,01,02,제주특별자치도 제주시 한경면 노을해안로 1203-1,33.307086,126.168412,20220624140601,20220610093450,20220610104221,20220610093450,,,50,,,Y,2,2
2063,섬풍경펜션,JE010154,02,02,제주특별자치도 제주시 한경면 노을해안로 1203-1,33.307086,126.168412,20220625033301,20220617171130,20220617181649,20220617171130,,,50,,,Y,2,2
2064,송우수자인3차,JE010155,01,02,제주특별자치도 제주시 구남동4길 62,33.486385,126.534672,20220625044501,20220624233411,20220625014118,20220624233411,,,50,,,Y,2,2
2065,호텔컬리넌제주,JE010156,01,02,제주특별자치도 제주시 사장1길 26,33.485338,126.492861,20220625213602,20220611212930,20220612014949,20220611212930,,,50,,,Y,2,2
2066,메이즈랜드 전기차충전소,JE010157,01,02,제주특별자치도 제주시 구좌읍 비자림로 2134-47,33.489464,126.800715,20210623164810,,,,,,50,,,Y,9,9
2067,메이즈랜드 전기차충전소,JE010157,02,02,제주특별자치도 제주시 구좌읍 비자림로 2134-47,33.489464,126.800715,20210623164810,,,,,,50,,,Y,9,9
2068,메이즈랜드 전기차충전소,JE010157,03,02,제주특별자치도 제주시 구좌읍 비자림로 2134-47,33.489464,126.800715,20210623164810,,,,,,50,,,Y,9,9
2069,리벤시아호텔앤드풀빌라,JE010158,01,02,제주특별자치도 제주시 한림읍 한림로 33,33.377226,126.218479,20220621105702,20220529194335,20220529231125,20220529194335,,,50,,,Y,2,2
2070,리벤시아호텔앤드풀빌라,JE010158,02,02,제주특별자치도 제주시 한림읍 한림로 33,33.377226,126.218479,20220624070003,20220618130218,20220618154152,20220618130218,,,50,,,Y,2,2
2071,흑돼지가있는풍경 본점,JE010159,01,02,제주특별자치도 제주시 진군남4길 7-8,33.475345,126.480640,20220625212401,20220624185740,20220624220519,20220625185939,,,50,,,Y,3,3
2072,흑돼지가있는풍경 본점,JE010159,02,02,제주특별자치도 제주시 진군남4길 7-8,33.475345,126.480640,20220625215701,20220625130054,20220625130925,20220624192051,,,50,,,Y,2,2
2073,흑돼지가있는풍경 본점,JE010159,03,02,제주특별자치도 제주시 진군남4길 7-8,33.475345,126.480640,20220625200601,20220625093454,20220625113010,20220625093454,,,50,,,Y,3,3
2074,아라탐라빌,JE010160,01,02,제주특별자치도 제주시 구산동길 4,33.483155,126.542849,20220623011802,20220621195806,20220622031524,20220621195806,,,50,,,Y,2,2
2075,아라탐라빌,JE010160,02,02,제주특별자치도 제주시 구산동길 4,33.483155,126.542849,20220623011802,20220528070528,20220528093819,20220528070528,,,50,,,Y,2,2
2076,투썸플레이스 제주노형DT점,JE010161,01,05,제주특별자치도 제주시 월랑로 70,33.491293,126.474100,20220625193001,20220625185118,20220625192828,20220625185118,,,50,,,Y,2,2
2077,투썸플레이스 제주노형DT점,JE010161,02,02,제주특별자치도 제주시 월랑로 70,33.491293,126.474100,20220626000002,20220625130617,20220625134345,20220625130617,,,50,,,Y,1,1
2078,제주미래컨설팅,JE010162,01,02,제주특별자치도 제주시 한경면 일주서로 4525,33.364723,126.199267,20220625174500,20220624173232,20220624185252,20220624173232,,,50,,,Y,2,2
2079,제주미래컨설팅,JE010162,02,02,제주특별자치도 제주시 한경면 일주서로 4525,33.364723,126.199267,20220625204801,20220614110549,20220614141203,20220614181615,,,50,,,Y,2,2
2080,색달가든,JE010163,01,02,제주특별자치도 제주시 오복3길 20,33.497695,126.534554,20220625160601,,,,,,50,,,Y,2,2
2081,아라에델하우스2차,JE010164,01,02,제주특별자치도 제주시 인다4길 25-8,33.471888,126.549416,20220625203901,20220625163338,20220625203841,20220625163338,,,50,,,Y,2,2
2082,말리가,JE010165,01,02,제주특별자치도 제주시 한림읍 협재로 124,33.387126,126.249000,20220623081802,20220523211215,20220524032633,20220523211215,,,50,,,Y,2,2
2083,말리가,JE010165,02,02,제주특별자치도 제주시 한림읍 협재로 124,33.387126,126.249000,20220622040602,20220621203421,20220622040436,20220621203421,,,50,,,Y,2,2
2084,저청중학교,JE010166,01,02,제주특별자치도 제주시 한경면 중산간서로 3590,33.325679,126.252161,20220625144201,20220625120025,20220625143902,20220625120025,,,50,,,Y,2,2
2085,제주광어천국,JE010167,01,02,제주특별자치도 제주시 한림읍 한림로 332-1,33.393160,126.240326,20220625221501,20220623114416,20220623184408,20220623114416,,,50,,,Y,2,2
2086,세븐일레븐 제주애월로드점,JE010168,01,02,제주특별자치도 제주시 애월읍 중산간서로 6617,33.463996,126.436406,20210901214810,,,,,,50,,,Y,9,9
2087,세븐일레븐 제주애월로드점,JE010168,02,02,제주특별자치도 제주시 애월읍 중산간서로 6617,33.463996,126.436406,20220621110002,20220619170414,20220619220557,20220619170414,,,50,,,Y,2,2
2088,베아투스엠,JE010169,01,05,제주특별자치도 제주시 사송길 52,33.473226,126.564836,20220625150901,20220625125241,20220625150805,20220625125241,,,50,,,Y,2,2
2089,베아투스엠,JE010169,02,06,제주특별자치도 제주시 사송길 52,33.473226,126.564836,20220625235401,20220625190441,20220625193040,20220625190441,50,단독,50,,,Y,2,2
2090,외도1차부영아파트,JE010170,01,05,제주특별자치도 제주시 우정로11길 18,33.487495,126.432710,20220607160310,20220607152210,20220607152210,20220605135644,,,50,,,Y,9,9
2091,비자림베리멍펜션,JE010171,01,02,제주특별자치도 제주시 구좌읍 다랑쉬북로 58,33.492088,126.812804,20220625141802,20220624113422,20220624175230,20220624113422,,,50,,,Y,2,2
2092,비자림베리멍펜션,JE010171,02,02,제주특별자치도 제주시 구좌읍 다랑쉬북로 58,33.492088,126.812804,20220625174201,20220617090213,20220617153424,20220617090213,,,50,,,Y,2,2
2093,서프라이즈 테마파크,JE010172,01,05,제주특별자치도 제주시 조천읍 남조로 2243,33.465189,126.659603,20220625050301,20220624173034,20220624175633,20220624173034,,,50,,,Y,2,2
2094,서프라이즈 테마파크,JE010172,02,02,제주특별자치도 제주시 조천읍 남조로 2243,33.465189,126.659603,20220625235401,20220623115606,20220623125335,20220623115606,,,50,,,Y,2,2
2095,서현교회,JE010173,01,02,제주특별자치도 제주시 조천읍 남조로 2044-42,33.450398,126.663994,20220625171801,20220607164532,20220607164630,20220606105611,,,50,,,Y,2,2
2096,영도그린빌라,JE010174,01,02,제주특별자치도 제주시 애월읍 무수천길 5-6,33.461007,126.446036,20220625013601,20220624212600,20220625013558,20220624212600,,,50,,,Y,2,2
2097,영도그린빌라,JE010174,02,02,제주특별자치도 제주시 애월읍 무수천길 5-6,33.461007,126.446036,20220625185401,20220624232010,20220625024505,20220624232010,,,50,,,Y,3,3
2098,영도그린빌라,JE010174,03,02,제주특별자치도 제주시 애월읍 무수천길 5-6,33.461007,126.446036,20220625220301,20220624232541,20220625015911,20220624232541,,,50,,,Y,3,3
2099,영도그린빌라,JE010174,04,02,제주특별자치도 제주시 애월읍 무수천길 5-6,33.461007,126.446036,20220625232101,20220625182153,20220625231900,20220625182153,,,50,,,Y,2,2
2100,아트인명도암,JE010175,01,02,제주특별자치도 제주시 명림로 209,33.468038,126.611678,20220623011803,20220604134112,20220604164908,20220604134112,,,50,,,Y,2,2
2101,아트인명도암,JE010175,02,02,제주특별자치도 제주시 명림로 209,33.468038,126.611678,20220623011803,20220617122906,20220617141544,20220617122906,,,50,,,Y,2,2
2102,마리조아,JE010176,01,02,제주특별자치도 제주시 삼봉로 99,33.512459,126.589467,20220623205102,20220623192000,20220623204812,20220623192000,,,50,,,Y,2,2
2103,화인퍼스트빌7차,JE010177,01,02,제주특별자치도 제주시 간월동로 72-14,33.487614,126.550435,20220623073601,20220622183144,20220623020245,20220622183144,,,50,,,Y,2,2
2104,화인퍼스트빌7차,JE010177,02,02,제주특별자치도 제주시 간월동로 72-14,33.487614,126.550435,20220625013301,20220624234300,20220625013015,20220624234300,,,50,,,Y,2,2
2105,화인퍼스트빌7차,JE010177,03,02,제주특별자치도 제주시 간월동로 72-14,33.487614,126.550435,20220625214202,20220625193705,20220625214115,20220625193705,,,50,,,Y,2,2
2106,화인퍼스트빌7차,JE010177,04,02,제주특별자치도 제주시 간월동로 72-14,33.487614,126.550435,20220623234802,20220623203611,20220623234525,20220623203611,,,50,,,Y,2,2
2107,애비뉴빌,JE010178,01,02,제주특별자치도 제주시 도리중길 37-6,33.501575,126.461906,20220625123302,20220604154025,20220604172523,20220604154025,,,50,,,Y,2,2
2108,펠리시티아파트,JE010179,01,02,제주특별자치도 제주시 중산간동로 151,33.499873,126.606845,20220623050601,20220622191103,20220623050550,20220622191103,,,50,,,Y,2,2
2109,펠리시티아파트,JE010179,02,02,제주특별자치도 제주시 중산간동로 151,33.499873,126.606845,20220625195701,20220625161742,20220625195525,20220625161742,,,50,,,Y,2,2
2110,펠리시티아파트,JE010179,03,02,제주특별자치도 제주시 중산간동로 151,33.499873,126.606845,20220625163601,20220624174416,20220624184547,20220624174416,,,50,,,Y,3,3
2111,펠리시티아파트,JE010179,04,02,제주특별자치도 제주시 중산간동로 151,33.499873,126.606845,20220623011806,20220601184145,20220602081117,20220601184145,,,50,,,Y,2,2
2112,펠리시티아파트,JE010179,05,02,제주특별자치도 제주시 중산간동로 151,33.499873,126.606845,20220625101201,20220624190641,20220625100652,20220624190641,,,50,,,Y,2,2
2113,별헤는밤,JE010180,01,02,제주특별자치도 제주시 애월읍 광상로 348,33.443340,126.396623,20220625234801,20220624200954,20220624221620,20220624200954,,,50,,,Y,2,2
2114,별헤는밤,JE010180,02,02,제주특별자치도 제주시 애월읍 광상로 348,33.443340,126.396623,20220625191201,20220523214627,20220524003945,20220523214627,,,50,,,Y,2,2
2115,상명리 복지회관,JE010181,01,02,제주특별자치도 제주시 한림읍 상명1길 16-1,33.359888,126.271161,20220620040903,20220518131359,20220518141746,20220518131359,,,50,,,Y,2,2
2116,상명리 복지회관,JE010181,02,02,제주특별자치도 제주시 한림읍 상명1길 16-1,33.359888,126.271161,20220623011805,20220227174444,20220227182422,20220227174444,,,50,,,Y,2,2
2117,월림리 마을회관,JE010182,01,02,제주특별자치도 제주시 한림읍 월림7길 2,33.350810,126.255417,20220625211500,20220625192816,20220625211441,20220625192816,,,50,,,Y,2,2
2118,샹그릴라호텔,JE010183,01,02,제주특별자치도 제주시 해안마을북길 14-6,33.464336,126.453932,20220625235810,20220517074351,20220517083221,20220517074351,,,50,,,Y,9,9
2119,샹그릴라호텔,JE010183,03,02,제주특별자치도 제주시 해안마을북길 14-6,33.464336,126.453932,20220621201800,20220621195553,20220621201514,20220621195553,,,50,,,Y,2,2
2120,저청초등학교,JE010186,01,02,제주특별자치도 제주시 한경면 중산간서로 3591,33.325700,126.251738,20220625121501,20220625121056,20220625121212,20220624065308,,,50,,,Y,2,2
2121,신흥노을바다펜션,JE010187,01,05,제주특별자치도 제주시 서해안로 372,33.511675,126.484244,20220625142701,20220625133618,20220625142506,20220625133618,,,50,,,Y,2,2
2122,케이빌딩,JE010189,01,02,제주특별자치도 제주시 구남동8길 50,33.485832,126.535705,20220624121201,20220624101513,20220624120939,20220624101513,,,50,,,Y,2,2
2123,기룡비치하임아파트,JE010190,01,02,제주특별자치도 제주시 애월읍 하귀1길 1,33.488506,126.418960,20220623011806,20220618221202,20220619002431,20220618221202,,,50,,,Y,2,2
2124,기룡비치하임아파트,JE010190,02,02,제주특별자치도 제주시 애월읍 하귀1길 1,33.488506,126.418960,20220625222402,20220624203549,20220625025500,20220624203549,,,50,,,Y,3,3
2125,제주오메기이야기,JE010191,01,02,제주특별자치도 제주시 애월읍 광령남3길 49,33.451354,126.432500,20220624230300,20220624173440,20220624230005,20220624173440,,,50,,,Y,2,2
2126,영평지큐휴먼빌,JE010192,01,02,제주특별자치도 제주시 기와4길 22,33.480821,126.559438,20220625223002,20220625213019,20220625213108,20220625221103,,,50,,,Y,3,3
2127,영평지큐휴먼빌,JE010192,02,02,제주특별자치도 제주시 기와4길 22,33.480821,126.559438,20220625212101,20220624181514,20220624210638,20220624181514,,,50,,,Y,2,2
2128,해담은빌,JE010193,01,02,제주특별자치도 제주시 아연로 147,33.472642,126.507512,20220625173000,20220608172016,20220608181648,20220608172016,,,50,,,Y,2,2
2129,해피호텔,JE010194,01,02,제주특별자치도 제주시 은남4길 9,33.486196,126.494744,20220625084501,20220517080302,20220517095713,20220517080302,,,50,,,Y,2,2
2130,워시존 연북로점,JE010195,01,05,제주특별자치도 제주시 연북로 724,33.495440,126.553001,20220625231201,20220625180501,20220625183158,20220625180501,,,50,,,Y,3,3
2131,드림캐슬,JE010196,01,02,제주특별자치도 제주시 애월읍 중산간서로 6703-10,33.461862,126.444924,20220625222701,20220625171910,20220625195458,20220625171910,,,50,,,Y,3,3
2132,스카이워터쇼,JE010197,01,02,제주특별자치도 제주시 구좌읍 번영로 2172-80,33.424099,126.743784,20220624105701,20220509082848,20220509102336,20220509082848,,,50,,,Y,2,2
2133,스카이워터쇼,JE010197,02,02,제주특별자치도 제주시 구좌읍 번영로 2172-80,33.424099,126.743784,20220624123600,20220623140854,20220623152807,20220623140854,,,50,,,Y,2,2
2134,스카이워터쇼,JE010197,03,02,제주특별자치도 제주시 구좌읍 번영로 2172-80,33.424099,126.743784,20220624115101,20220624105051,20220624114909,20220624105051,,,50,,,Y,2,2
2135,리나더하우스,JE010198,01,02,제주특별자치도 제주시 애월읍 애월로14길 6,33.463467,126.321348,20220620013604,20220609155626,20220609170340,20220609155626,,,50,,,Y,2,2
2136,국제건축,JE010199,01,02,제주특별자치도 제주시 은수남길 91,33.463519,126.487005,20220623011805,20220430000300,20220430061459,20220430000300,,,50,,,Y,2,2
2137,국제건축,JE010199,02,02,제주특별자치도 제주시 은수남길 91,33.463519,126.487005,20220621105700,20220207130118,20220207130357,20220130213048,,,50,,,Y,2,2
2138,까사라벨로,JE010200,01,02,제주특별자치도 제주시 번영로 435,33.493531,126.589469,20220621105701,20220613174824,20220613202808,20220613174824,,,50,,,Y,2,2
2139,까사라벨로,JE010200,02,02,제주특별자치도 제주시 번영로 435,33.493531,126.589469,20220625203301,20220625194355,20220625195936,20220625194355,,,50,,,Y,3,3
2140,까사라벨로,JE010200,03,02,제주특별자치도 제주시 번영로 435,33.493531,126.589469,20220625021201,20220624202328,20220625021042,20220624202328,,,50,,,Y,2,2
2141,함덕천마에코피아아파트,JE010201,01,02,제주특별자치도 제주시 조천읍 함덕6길 39,33.539817,126.661329,20220623011802,20220620224301,20220621002955,20220620224301,,,50,,,Y,2,2
2142,함덕천마에코피아아파트,JE010201,02,02,제주특별자치도 제주시 조천읍 함덕6길 39,33.539817,126.661329,20220623182102,20220623174219,20220623181941,20220623174219,,,50,,,Y,2,2
2143,브리즈스테이2차,JE010202,01,02,제주특별자치도 제주시 신비마을길 57-17,33.444912,126.482301,20220625213002,20220625185259,20220625195938,20220625185259,,,50,,,Y,3,3
2144,브리즈스테이2차,JE010202,02,02,제주특별자치도 제주시 신비마을길 57-17,33.444912,126.482301,20220625223301,20220625194656,20220625223026,20220625194656,,,50,,,Y,2,2
2145,브리즈스테이1차,JE010203,01,02,제주특별자치도 제주시 신비마을길 57-13,33.444958,126.482296,20220625130601,20220624201643,20220625090156,20220624201643,,,50,,,Y,3,3
2146,브리즈스테이1차,JE010203,02,02,제주특별자치도 제주시 신비마을길 57-13,33.444958,126.482296,20220625175702,20220625105701,20220625175642,20220625105701,,,50,,,Y,2,2
2147,폴라리스빌3차,JE010204,01,02,제주특별자치도 제주시 월산남길 60-3,33.468160,126.466577,20220625154802,20220624172504,20220624202233,20220624172504,,,50,,,Y,3,3
2148,더마루신엄,JE010205,01,02,제주특별자치도 제주시 애월읍 중엄1길 44,33.475875,126.371198,20220623011804,20220617195428,20220618081629,20220617195428,,,50,,,Y,2,2
2149,살레안의고깃,JE010206,01,02,제주특별자치도 제주시 월산남길 110,33.465293,126.469243,20220626000317,20220624200718,20220625085959,20220624200718,,,50,,,Y,2,2
2150,비슬휴림,JE010207,01,02,제주특별자치도 제주시 한림읍 하운당길 32,33.390017,126.269104,20220624183901,20220624142150,20220624183726,20220624142150,,,50,,,Y,2,2
2151,영평휴먼빌,JE010208,01,02,제주특별자치도 제주시 기와4길 20,33.481648,126.559300,20220624211501,20220624180545,20220624211253,20220624180545,,,50,,,Y,2,2
2152,영평휴먼빌,JE010208,02,02,제주특별자치도 제주시 기와4길 20,33.481648,126.559300,20220624201201,20220624151250,20220624201048,20220624151250,,,50,,,Y,2,2
2153,하소로커피,JE010209,01,02,제주특별자치도 제주시 한경면 불그못로 72,33.295567,126.217988,20220624194202,20220624155510,20220624161951,20220624155510,,,50,,,Y,3,3
2154,주식회사 제주도한달살기,JE010210,01,02,제주특별자치도 제주시 조천읍 조천9길 10,33.536810,126.636875,20220625223004,20220625164242,20220625191945,20220625164242,,,50,,,Y,3,3
2155,위산엘리시움,JE010211,01,02,제주특별자치도 제주시 조천읍 북선로 22,33.536102,126.681533,20220622221201,20220620163534,20220621091723,20220620163534,,,50,,,Y,3,3
2156,회성푸르니,JE010212,01,02,제주특별자치도 제주시 노형로 66-4,33.462537,126.453622,20220625080902,20220624142931,20220625080804,20220624142931,,,50,,,Y,2,2
2157,회성푸르니,JE010212,02,02,제주특별자치도 제주시 노형로 66-4,33.462537,126.453622,20220623191802,20220623172656,20220623191520,20220623172656,,,50,,,Y,2,2
2158,회성푸르니,JE010212,03,02,제주특별자치도 제주시 노형로 66-4,33.462537,126.453622,20220622051802,20220527032022,20220527105114,20220527032022,,,50,,,Y,2,2
2159,라산푸르니,JE010213,01,02,제주특별자치도 제주시 노형로 72-1,33.461359,126.454569,20220624193002,20220623144123,20220623170943,20220623144123,,,50,,,Y,3,3
2160,라산푸르니,JE010213,02,02,제주특별자치도 제주시 노형로 72-1,33.461359,126.454569,20220624221802,20220622195949,20220623065957,20220622195949,,,50,,,Y,3,3
2161,르시엘아파트,JE010214,01,02,제주특별자치도 제주시 애월읍 애월해안로 554-16,33.476824,126.362528,20220624213901,20220623154347,20220623160340,20220623154347,,,50,,,Y,3,3
2162,르시엘아파트,JE010214,02,02,제주특별자치도 제주시 애월읍 애월해안로 554-16,33.476824,126.362528,20220624080007,20220623204205,20220624075130,20220623204205,,,50,,,Y,2,2
2163,르시엘아파트,JE010214,03,02,제주특별자치도 제주시 애월읍 애월해안로 554-16,33.476824,126.362528,20220623220002,20220623162459,20220623215654,20220623162459,,,50,,,Y,2,2
2164,JDS빌리지,JE010215,01,02,제주특별자치도 제주시 곱은이길 14,33.477435,126.452457,20220621190901,20220619180604,20220620072115,20220619180604,,,50,,,Y,3,3
2165,연동해든빌,JE010216,01,02,제주특별자치도 제주시 도령로13길 2,33.491841,126.489076,20220624083602,20220623202017,20220624083343,20220623202017,,,50,,,Y,2,2
2166,연동해든빌,JE010216,02,02,제주특별자치도 제주시 도령로13길 2,33.491841,126.489076,20220625164801,20220623082653,20220623124626,20220623082653,,,50,,,Y,3,3
2167,오션패밀리호텔,JE010217,01,02,제주특별자치도 제주시 일주서로 7531,33.495268,126.450961,20220623011803,20220619230145,20220620011733,20220619230145,,,50,,,Y,2,2
2168,오션패밀리호텔,JE010217,02,02,제주특별자치도 제주시 일주서로 7531,33.495268,126.450961,20220621103907,20220620205823,20220621091430,20220620205823,,,50,,,Y,2,2
2169,(주)한강산업,JE010218,01,02,제주특별자치도 제주시 애월읍 신엄8길 21,33.469459,126.368264,20220624073002,20220623215343,20220624072934,20220623215343,,,50,,,Y,2,2
2170,꺼멍연탄구이,JE010219,01,02,제주특별자치도 제주시 한경면 명이5길 4,33.317867,126.270113,20220623102401,20220623093604,20220623102104,20220623093604,,,50,,,Y,2,2
2171,태랑식당,JE010220,01,02,제주특별자치도 제주시 테우해안로 136,33.497633,126.448402,20220626000313,20220623122244,20220623133638,20220623122244,,,50,,,Y,2,2
2172,노형중학교,JE010221,01,02,제주특별자치도 제주시 노형1길 28,33.479570,126.475884,20220625164801,20220625121925,20220625164738,20220625121925,,,50,,,Y,2,2
2173,노형중학교,JE010221,02,02,제주특별자치도 제주시 노형1길 28,33.479570,126.475884,20220625193901,20220625161615,20220625193724,20220625161615,,,50,,,Y,2,2
2174,탐라유공압,JE010222,01,02,제주특별자치도 제주시 애월읍 평화로 2558,33.436191,126.424214,20220625124501,20220625095255,20220625123922,20220625095255,,,50,,,Y,2,2
2175,일도신천지아파트1차,JE010223,01,02,제주특별자치도 제주시 천수로 72,33.505450,126.544389,20220625213901,20220625132129,20220625203852,20220625132129,,,50,,,Y,3,3
2176,일도신천지아파트1차,JE010223,02,02,제주특별자치도 제주시 천수로 72,33.505450,126.544389,20220624234201,20220624195758,20220624225252,20220624195758,,,50,,,Y,3,3
2177,일도신천지아파트1차,JE010223,03,02,제주특별자치도 제주시 천수로 72,33.505450,126.544389,20220625162701,20220625043624,20220625153835,20220625043624,,,50,,,Y,3,3
2178,일도신천지아파트1차,JE010223,04,02,제주특별자치도 제주시 천수로 72,33.505450,126.544389,20220625174501,20220625082610,20220625094705,20220625082610,,,50,,,Y,3,3
2179,영주고등학교,JE010224,01,02,제주특별자치도 제주시 첨단동길 92,33.455036,126.579752,20220624001201,20220622092940,20220622170057,20220622092940,,,50,,,Y,2,2
2180,영주고등학교,JE010224,02,02,제주특별자치도 제주시 첨단동길 92,33.455036,126.579752,20220621103906,20220620083607,20220620115724,20220620083607,,,50,,,Y,2,2
2181,그린장례식장,JE010225,01,02,제주특별자치도 제주시 조천읍 함덕남2길 19-10,33.536144,126.662690,20220625042702,20220530153234,20220530173730,20220530153234,,,50,,,Y,2,2
2182,예그린오피스텔,JE010226,01,02,제주특별자치도 제주시 삼무로 9,33.490205,126.487855,20220623193301,,,20220104111051,,,50,,,Y,2,2
2183,예그린오피스텔,JE010226,02,02,제주특별자치도 제주시 삼무로 9,33.490205,126.487855,20220623013901,20211228183152,20211228201630,20211228201724,,,50,,,Y,2,2
2184,에이바우트커피 중앙여고점,JE010227,01,05,제주특별자치도 제주시 중앙로 343,33.491287,126.537459,20220625185101,20220625182436,20220625184856,20220625182436,,,50,,,Y,2,2
2185,에이바우트커피 중앙여고점,JE010227,02,02,제주특별자치도 제주시 중앙로 343,33.491287,126.537459,20220623094500,20220622160716,20220622172659,20220622160716,,,50,,,Y,2,2
2186,에이바우트커피 중앙여고점,JE010227,03,02,제주특별자치도 제주시 중앙로 343,33.491287,126.537459,20220623181200,20220623090324,20220623181111,20220623090324,,,50,,,Y,2,2
2187,에이바우트커피 삼화점,JE010228,01,02,제주특별자치도 제주시 동화로 56,33.515557,126.572828,20220625172701,20220624202308,20220625161253,20220624202308,,,50,,,Y,3,3
2188,에이바우트커피 삼화점,JE010228,02,05,제주특별자치도 제주시 동화로 56,33.515557,126.572828,20220626000309,20220625231643,20220626000135,20220625231643,,,50,,,Y,2,2
2189,썬그린하우스,JE010229,01,02,제주특별자치도 제주시 해안마을서4길 35,33.45880100,126.450648420,20220623011805,20220612071050,20220612071546,20220416180037,,,50,,,Y,2,2
2190,준그린하우스,JE010230,01,02,제주특별자치도 제주시 해안마을서4길 39,33.45840460,126.45073210,20220625190020,20220619235638,20220620115937,20220619235638,,,50,,,Y,3,3
2191,에버그린하우스,JE010231,01,02,제주특별자치도 제주시 해안마을서4길 43,33.45808660,126.45084370,20220623011805,20220618180458,20220618180904,20220607164008,,,50,,,Y,2,2
2192,씨앤하우스,JE010232,01,02,제주특별자치도 제주시 조천읍 함덕서4길 11,33.538462,126.662518,20220623011802,20220405141103,20220405141301,,,,50,,,Y,2,2
2193,다들빌라스,JE010233,01,02,제주특별자치도 제주시 광평서길 30-6,33.476429,126.465332,20220620224205,20220620065458,20220620133428,20220620065458,,,50,,,Y,2,2
2194,다들빌라스,JE010233,02,02,제주특별자치도 제주시 광평서길 30-6,33.476429,126.465332,20220624020901,20220623064636,20220623085331,20220623064636,,,50,,,Y,3,3
2195,다들빌라스,JE010233,03,02,제주특별자치도 제주시 광평서길 30-6,33.476429,126.465332,20220623011805,20220613064701,20220614235740,20220613064701,,,50,,,Y,2,2
2196,브릭캠퍼스,JE010234,01,05,제주특별자치도 제주시 1100로 3045,33.458189,126.485550,20220625172701,20220625171502,20220625172435,20220625171502,,,50,,,Y,2,2
2197,브릭캠퍼스,JE010234,02,05,제주특별자치도 제주시 1100로 3045,33.458189,126.485550,20220625154801,20220625141348,20220625154627,20220625141348,,,50,,,Y,2,2
2198,관광대학교,JE010235,01,05,제주특별자치도 제주시 애월읍 평화로 2715,33.449860,126.435233,20220625223601,20220625213443,20220625223436,20220625213443,,,50,,,Y,2,2
2199,메가웨이브,JE010236,01,05,제주특별자치도 제주시 연삼로 636,33.506582,126.555406,20220625162701,20220625153220,20220625162409,20220625153220,,,50,,,Y,2,2
2200,에이바우트커피 봉개점,JE010237,01,05,제주특별자치도 제주시 번영로 510,33.489543,126.595931,20220625213602,20220625195332,20220625213426,20220625195332,,,50,,,Y,2,2
2201,에이바우트커피 화북남문점,JE010238,01,05,제주특별자치도 제주시 진서로 1,33.518969,126.563545,20220625234502,20220625230521,20220625234223,20220625230521,,,50,,,Y,2,2
2202,에이바우트커피 구남점,JE010239,01,05,제주특별자치도 제주시 도남로 199,33.485076,126.535689,20220625223005,20220625211558,20220625222713,20220625211558,,,50,,,Y,2,2
2203,에이바우트커피 첨단점,JE010240,01,05,제주특별자치도 제주시 첨단로 227,33.452315,126.571585,20220624180900,20220624173020,20220624180814,20220624173020,,,50,,,Y,2,2
2204,소노벨제주,JE010241,01,05,제주특별자치도 제주시 조천읍 신북로 577,33.540159,126.671848,20220625213000,20220625203248,20220625212856,20220625203248,,,50,,,Y,2,2
2205,소노벨제주,JE010241,02,05,제주특별자치도 제주시 조천읍 신북로 577,33.540159,126.671848,20220625225700,20220625223115,20220625225220,20220625225511,,,50,,,Y,3,3
2206,아띠랑스호텔,JE010242,01,05,제주특별자치도 서귀포시 성산읍 해맞이해안로 2614,33.477654,126.909321,20220625173900,20220625164155,20220625173227,20220625164155,50,단독,50,,,Y,2,2
2207,JJP골프클럽,JE010243,01,05,제주특별자치도 서귀포시 중문상로 140,33.259640,126.429571,20220625220000,20220625212820,20220625213552,20220625212820,,,50,,,Y,2,2
2208,성산바다,JE010244,01,05,제주특별자치도 서귀포시 성산읍 신양로 29-2,33.229505,126.308359,20220625150901,20220625141904,20220625143452,20220625141904,,,50,,,Y,2,2
2209,트로피컬하이드어웨이  브런치 카페,JE010246,01,06,제주특별자치도 서귀포시 대정읍 형제해안로 284,33.209317,126.291213,20220625234501,20220625184723,20220625201521,20220625184723,,단독,50,,,Y,2,2
2210,에이바우트스타디움점,JE010247,01,06,제주특별자치도 제주시 거로남4길 57-15,33.504763,126.563458,20220625163901,20220625160719,20220625163656,20220625160719,50,단독,50,,,Y,2,2
2211,에이바우트스타디움점,JE010247,02,06,제주특별자치도 제주시 거로남4길 57-15,33.504763,126.563458,20220625171201,20220625165230,20220625171045,20220625165230,,,50,,,Y,2,2
2212,투썸플레이스 제주한라대점,JE010248,01,06,제주특별자치도 제주시 한라대학로 17,33.479748,126.473974,20220625214200,20220625211135,20220625213911,20220625211135,50,단독,50,,,Y,2,2
2213,플레이스캠프,JE010249,01,05,제주특별자치도 서귀포시 성산읍 동류암로 20,33.449736,126.918077,20220625232101,20220625205335,20220625214945,20220625205335,,,50,,,Y,3,3
2214,플레이스캠프,JE010249,02,05,제주특별자치도 서귀포시 성산읍 동류암로 20,33.449736,126.918077,,,,,,,50,,,Y,9,9
2215,폴바셋 제주아라DT점,JE010250,01,06,제주특별자치도 제주시 중앙로 393,33.487350,126.541088,20220625225702,20220625222854,20220625225639,20220625222854,,,50,,,Y,2,2
2216,폴바셋 제주아라DT점,JE010250,02,02,제주특별자치도 제주시 중앙로 393,33.487350,126.541088,20220625203602,20220624221903,20220625112200,20220624221903,7,동시,50,,,Y,3,3
2217,베케 카페,JE010251,01,05,제주특별자치도 서귀포시 효돈로 54,33.261500,126.604151,20220625190016,20220625183739,20220625185604,20220625183739,,,50,,,Y,2,2
2218,함덕 서우봉 공영주차장,JE010252,01,06,제주특별자치도 제주시 조천읍 함덕리 산 4,33.54376,126.67595,20220625224206,20220625221401,20220625223933,20220625221401,,단독,50,,,Y,2,2
2219,함덕 서우봉 공영주차장,JE010252,02,06,제주특별자치도 제주시 조천읍 함덕리 산 4,33.54376,126.67595,20220625142101,20220625141137,20220625142017,20220625141137,,단독,50,,,Y,2,2
2220,㈜더 퍼스트빌(센터포인트 오피스텔),JE010253,01,02,제주특별자치도 제주시 중앙로 142,33.505915,126.525243,20220625130601,20220624225536,20220625125950,20220624225536,,단독,50,,,Y,2,2
2221,국제광고,JE010254,01,02,제주특별자치도 제주시 도공로 154-7,33.494340,126.468211,20220623011803,20220620192538,20220620215956,20220620192538,7,단독,50,,,Y,3,3
2222,블루힐,JE010255,01,02,제주특별자치도 제주시 삼봉로 167,33.506893,126.591122,20220625170601,20220625162427,20220625170403,20220625162427,,,50,,,Y,2,2
2223,신촌4차에스디프라임,JE010256,01,02,제주특별자치도 제주시 조천읍 신촌4길 7,33.532441,126.619961,20220626000309,20220621090537,20220621125812,20220621090537,,,50,,,Y,3,3
2224,벨리타 캠핑장,JE010257,01,02,제주특별자치도 제주시 조천읍 중산간동로 1194,33.507930,126.697699,20220625211502,20220624185139,20220625055915,20220624185139,,,50,,,Y,2,2
2225,보구정,JE010258,01,02,제주특별자치도 제주시 오도5길 20,33.492654,126.462106,20220620033302,20220612190800,20220612191733,20220612190800,,,50,,,Y,2,2
2226,제주화순블루팰리스아파트,JE010259,01,02,제주특별자치도 서귀포시 안덕면 화순중앙로12번길 3,33.249608,126.334139,20220623204801,20220623184220,20220623204506,20220623184220,,,50,,,Y,2,3
2227,파더스가든,JE010260,01,02,제주특별자치도 서귀포시 안덕면 병악로 44-33,33.280120,126.365150,20220626000326,20220625130500,20220625142106,20220625130500,7,단독,50,,,Y,2,2
2228,ARA아리움,JE010261,01,02,제주특별자치도 제주시 연신로 118-23,33.489685,126.550194,20220621103905,20220219143939,20220219161159,20220219143939,,,50,,,Y,2,2
2229,동홍캐슬휘닉스2차아파트,JE010262,01,02,제주특별자치도 서귀포시 태평로 561,33.253889,126.575256,20220625080301,20220624202438,20220625075713,20220624202438,7,단독,50,,,Y,2,2
2230,에코그린빌5차,JE010263,01,02,제주특별자치도 제주시 조공포길 8,33.491677,126.434083,20220623011806,20220621180544,20220622073638,20220621180544,,,50,,,Y,2,2
2231,화인퍼스트 8차,JE010264,01,02,제주특별자치도 제주시 간월동로 90-8,33.488272835,126.55119836,20220626000322,20220625134803,20220625161005,20220625134803,7,단독,50,,,Y,2,2
2232,천년비자펜션,JE010265,01,02,제주특별자치도 제주시 구좌읍 비자림로 2330,33.50019,126.81507,20220625143302,20220625093700,20220625143142,20220625093700,7,단독,50,,,Y,2,2
2233,오프너마켓,JE010266,01,02,제주특별자치도 제주시 1100로 3230,33.47491,126.48396,20220624210901,20220624210420,20220624210719,20220509190934,7,단독,50,,,Y,2,2
2234,블루파크시티,JE010267,01,02,제주특별자치도 제주시 도두항서길 41,33.5059,126.46426,20220625231802,20220625200612,20220625230853,20220625200612,7,단독,50,,,Y,2,2
2235,블루파크시티,JE010267,02,02,제주특별자치도 제주시 도두항서길 41,33.5059,126.46426,20220625221502,20220625204612,20220625221213,20220625204612,7,단독,50,,,Y,2,2
2236,블루파크시티,JE010267,03,02,제주특별자치도 제주시 도두항서길 41,33.5059,126.46426,20220625212402,20220625183251,20220625212106,20220625183251,7,단독,50,,,Y,2,2
2237,영림 디자인스토어,JE010268,01,02,제주특별자치도 제주시 애월읍 중산간서로 6137,33.45329,126.38738,20220624221202,20220621182517,20220622075738,20220621182517,7,단독,50,,,Y,2,2
2238,레이즈업커피,JE010269,01,02,제주특별자치도 제주시 내도13길 5,33.49481,126.44611,20220622235103,20220622091659,20220622234450,20220622091659,7,단독,50,,,Y,2,2
2239,제주성산교회,JE010270,01,02,제주특별자치도 제주시 새바위길 60-33,33.49288,126.58241,20220624042402,20211215171609,20211215171623,,7,단독,50,,,Y,2,2
2240,영평OK셀프세차타운,JE010271,01,02,제주특별자치도 제주시 사송길 137,33.46579,126.56677,20220624203301,20220624160617,20220624202737,20220624160617,7,단독,50,,,Y,2,2
2241,조천라오체 2차,JE010272,01,02,제주특별자치도 제주시 조천읍 조와로 65,33.52980,126.63543,20220625232102,20220625191858,20220625222236,20220625191858,7,단독,50,,,Y,3,3
2242,제주효성해링턴코트1차 1단지,JE010273,01,02,제주특별자치도 제주시 기와5길 177-16,33.48341,126.56170,20220624220901,20220624201001,20220624220749,20220624201001,7,단독,50,,,Y,2,2
2243,제주효성해링턴코트1차 1단지,JE010273,02,02,제주특별자치도 제주시 기와5길 177-16,33.48341,126.56170,20220625201802,20220624194224,20220625073322,20220624194224,7,단독,50,,,Y,3,3
2244,제주효성해링턴코트1차 2단지,JE010274,01,02,제주특별자치도 제주시 기와5길 177-18,33.48403,126.56252,20220623011803,20220518223309,20220519072827,20220518223309,7,단독,50,,,Y,2,2
2245,제주효성해링턴코트1차 2단지,JE010274,02,02,제주특별자치도 제주시 기와5길 177-18,33.48403,126.56252,20220625061501,20220624204150,20220625061241,20220624204150,7,단독,50,,,Y,2,2
2246,제주효성해링턴코트1차 3단지,JE010275,01,02,제주특별자치도 제주시 기와5길 177-17,33.483542353,126.56117109,20220625112402,20220624180017,20220625111741,20220624180017,7,단독,50,,,Y,2,2
2247,제주효성해링턴코트1차 3단지,JE010275,02,02,제주특별자치도 제주시 기와5길 177-17,33.483542353,126.56117109,20220625211201,20220624180045,20220624221311,20220624180045,7,단독,50,,,Y,3,3
2248,제주효성해링턴코트2차 1단지,JE010276,01,02,제주특별자치도 제주시 기와4길 14-18,33.481349366,126.55715680,20220621103617,20220620211036,20220621075636,20220620211036,7,단독,50,,,Y,2,2
2249,제주효성해링턴코트2차 1단지,JE010276,02,02,제주특별자치도 제주시 기와4길 14-18,33.481349366,126.55715680,20220623125401,20220623092223,20220623125231,20220623092223,7,단독,50,,,Y,2,2
2250,제주효성해링턴코트2차 2단지,JE010277,01,02,제주특별자치도 제주시 기와4길 14-16,33.481602091,126.55688137,20220624235401,20220624174943,20220624235305,20220624174943,7,단독,50,,,Y,2,2
2251,제주효성해링턴코트2차 2단지,JE010277,02,02,제주특별자치도 제주시 기와4길 14-16,33.481602091,126.55688137,20220625054201,20220615212153,20220616074533,20220615212153,7,단독,50,,,Y,2,2
2252,제주효성해링턴코트2차 3단지,JE010278,01,02,제주특별자치도 제주시 기와4길 14-14,33.481678723,126.55857309,20220625195702,20220625174603,20220625195632,20220625174603,7,단독,50,,,Y,2,2
2253,제주효성해링턴코트2차 3단지,JE010278,02,02,제주특별자치도 제주시 기와4길 14-14,33.481678723,126.55857309,20220625174502,20220625160536,20220625174356,20220625160536,7,단독,50,,,Y,2,2
2254,제주효성해링턴코트2차 3단지,JE010278,03,02,제주특별자치도 제주시 기와4길 14-14,33.481678723,126.55857309,20220625152403,20220625123027,20220625152316,20220625123027,7,단독,50,,,Y,2,2
2255,제주담스파빌,JE010279,01,05,제주특별자치도 제주시 한림읍 한림로 162,33.38562,126.22520,20220623011803,20220622182146,20220622182313,20220622180412,50,단독,50,,,Y,2,2
2256,퍼스트렌트카,JE010280,01,04,제주특별자치도 제주시 신성마을길 112,33.5022814,126.4862579,20220625205401,20220625190051,20220625202145,20220625190051,100,동시,50,,,Y,2,2
2257,퍼스트렌트카,JE010280,02,04,제주특별자치도 제주시 신성마을길 112,33.5022814,126.4862579,20220625193901,20220625190019,20220625192357,20220625190019,100,동시,50,,,Y,2,2
2258,퍼스트렌트카,JE010280,03,04,제주특별자치도 제주시 신성마을길 112,33.5022814,126.4862579,20220625195401,20220625175115,20220625192124,20220625175115,100,동시,50,,,Y,2,2
2259,퍼스트렌트카,JE010280,04,04,제주특별자치도 제주시 신성마을길 112,33.5022814,126.4862579,20220625160601,20220625142147,20220625154243,20220625142147,100,동시,50,,,Y,2,2
2260,퍼스트렌트카,JE010280,05,05,제주특별자치도 제주시 신성마을길 112,33.5022814,126.4862579,20220624200301,20220624191814,20220624200237,20220624191814,50,동시,50,,,Y,2,2
2261,제주 애월버스회차지,JE010281,01,04,제주특별자치도 제주시 애월읍 수산리 444-1,33.46648,126.3952,20220625184200,20220625181642,20220625183011,20220625181642,100,단독,50,,,Y,2,2
2262,제주 애월버스회차지,JE010281,02,04,제주특별자치도 제주시 애월읍 수산리 444-1,33.46648,126.3952,20220625184200,20220625181616,20220625183011,20220625181616,100,단독,50,,,Y,2,2
2263,제주 애월버스회차지,JE010281,03,04,제주특별자치도 제주시 애월읍 수산리 444-1,33.46648,126.3952,20220625162700,20220625161448,20220625162446,20220625161448,100,단독,50,,,Y,2,2
2264,제주 애월버스회차지,JE010281,04,04,제주특별자치도 제주시 애월읍 수산리 444-1,33.46648,126.3952,20220625162701,20220625161516,20220625162446,20220625161516,100,단독,50,,,Y,2,2
2265,제주 애월버스회차지,JE010281,05,04,제주특별자치도 제주시 애월읍 수산리 444-1,33.46648,126.3952,20220625203602,20220625202238,20220625203239,20220625202238,100,단독,50,,,Y,2,2
2266,제주 애월버스회차지,JE010281,06,04,제주특별자치도 제주시 애월읍 수산리 444-1,33.46648,126.3952,20220625203602,20220625202305,20220625203239,20220625202305,100,단독,50,,,Y,2,2
2267,제주다움렌트카,JE010282,01,04,제주특별자치도 제주시 어영길 26,33.518339636,126.49590938,20220625154800,20220625142428,20220625153924,20220625142428,100,동시,50,,,Y,2,2
2268,제주다움렌트카,JE010282,02,04,제주특별자치도 제주시 어영길 26,33.518339636,126.49590938,20220625190300,20220625174745,20220625183813,20220625174745,100,동시,50,,,Y,2,2
2269,제주다움렌트카,JE010282,03,04,제주특별자치도 제주시 어영길 26,33.518339636,126.49590938,20220625104500,20220625090903,20220625103942,20220625090903,100,동시,50,,,Y,2,2
2270,제주다움렌트카,JE010282,04,04,제주특별자치도 제주시 어영길 26,33.518339636,126.49590938,20220625191500,20220625174618,20220625184844,20220625174618,100,동시,50,,,Y,2,2
2271,해비치호텔앤드리조트,JE020001,01,06,제주특별자치도 서귀포시 표선면 민속해안로 537,33.3222341,126.844117,20220625145101,20220625144715,20220625144848,20220624204807,,,50,,,Y,2,2
2272,해비치호텔앤드리조트,JE020001,02,02,제주특별자치도 서귀포시 표선면 민속해안로 537,33.3222341,126.844117,20220623194801,20220623175048,20220623194505,20220623175048,,,50,,,Y,2,2
2273,해비치호텔앤드리조트,JE020001,03,06,제주특별자치도 서귀포시 표선면 민속해안로 537,33.3222341,126.844117,20220625205401,20220625200932,20220625205137,20220625200932,50,단독,50,,,Y,2,2
2274,해비치호텔앤드리조트,JE020001,04,02,제주특별자치도 서귀포시 표선면 민속해안로 537,33.3222341,126.844117,20220625204500,20220625175909,20220625204009,20220625175909,,,50,,,Y,3,3
2275,해비치호텔앤드리조트,JE020001,05,02,제주특별자치도 서귀포시 표선면 민속해안로 537,33.3222341,126.844117,20220625174501,20220617210645,20220617214845,20220617210645,,,50,,,Y,2,2
2276,해비치호텔앤드리조트,JE020001,06,05,제주특별자치도 서귀포시 표선면 민속해안로 537,33.3222341,126.844117,20220626000002,20220619183011,20220619192404,20220619183011,,,50,,,Y,2,2
2277,해비치호텔앤드리조트,JE020001,07,05,제주특별자치도 서귀포시 표선면 민속해안로 537,33.3222341,126.844117,20220625235101,20220625230301,20220625234919,20220625230301,,,50,,,Y,2,2
2278,해비치호텔앤드리조트,JE020001,08,05,제주특별자치도 서귀포시 표선면 민속해안로 537,33.3222341,126.844117,20220625182701,20220625175614,20220625182412,20220625175614,50,단독,50,,,Y,2,2
2279,해비치호텔앤드리조트,JE020001,09,02,제주특별자치도 서귀포시 표선면 민속해안로 537,33.3222341,126.844117,20220625223002,20220625213535,20220625222825,20220625213535,,,50,,,Y,2,2
2280,해비치호텔앤드리조트,JE020001,10,02,제주특별자치도 서귀포시 표선면 민속해안로 537,33.3222341,126.844117,,,,,7,단독,50,,,Y,9,9
2281,신라호텔제주,JE020002,01,06,제주특별자치도 서귀포시 중문관광로72번길 75,33.2486939,126.4072788,20220625143601,20220625142506,20220625143503,20220625142506,,,50,,,Y,2,2
2282,신라호텔제주,JE020002,02,02,제주특별자치도 서귀포시 중문관광로72번길 75,33.2486939,126.4072788,20220625234801,20220625203553,20220625220027,20220625203553,,,50,,,Y,3,3
2283,신라호텔제주,JE020002,03,02,제주특별자치도 서귀포시 중문관광로72번길 75,33.2486939,126.4072788,20220624112101,20220623211103,20220624024858,20220623211103,,,50,,,Y,2,2
2284,신라호텔제주,JE020002,04,02,제주특별자치도 서귀포시 중문관광로72번길 75,33.2486939,126.4072788,20220625200301,20220625121247,20220625140732,20220625121247,,,50,,,Y,2,2
2285,신라호텔제주,JE020002,05,06,제주특별자치도 서귀포시 중문관광로72번길 75,33.2486939,126.4072788,20220625222401,20220625215130,20220625222237,20220625215130,,,50,,,Y,2,2
2286,신라호텔제주,JE020002,06,06,제주특별자치도 서귀포시 중문관광로72번길 75,33.2486939,126.4072788,20220625192101,20220625165539,20220625191915,20220625165539,,,50,,,Y,2,2
2287,신라호텔제주,JE020002,07,06,제주특별자치도 서귀포시 중문관광로72번길 75,33.2486939,126.4072788,20220625181501,20220625174336,20220625181240,20220625174336,,,50,,,Y,2,2
2288,신라호텔제주,JE020002,08,06,제주특별자치도 서귀포시 중문관광로72번길 75,33.2486939,126.4072788,20211112130310,,,,,,50,,,Y,9,9
2289,신라호텔제주,JE020002,09,02,제주특별자치도 서귀포시 중문관광로72번길 75,33.2486939,126.4072788,20220623180001,20220623175649,20220623175839,20220623175649,,,50,,,Y,2,2
2290,신라호텔제주,JE020002,10,02,제주특별자치도 서귀포시 중문관광로72번길 75,33.2486939,126.4072788,20220625234801,20220625104646,20220625121900,20220625104646,,,50,,,Y,2,2
2291,신라호텔제주,JE020002,11,02,제주특별자치도 서귀포시 중문관광로72번길 75,33.2486939,126.4072788,20220625235101,20220625143412,20220625145159,20220625143412,,,50,,,Y,2,2
2292,신라호텔제주,JE020002,12,02,제주특별자치도 서귀포시 중문관광로72번길 75,33.2486939,126.4072788,20220625235401,20220625132721,20220625134914,20220625132721,,,50,,,Y,2,2
2293,신라호텔제주,JE020002,13,05,제주특별자치도 서귀포시 중문관광로72번길 75,33.2486939,126.4072788,20220625204201,20220625200929,20220625203501,20220625200929,,,50,,,Y,2,2
2294,신라호텔제주,JE020002,14,05,제주특별자치도 서귀포시 중문관광로72번길 75,33.2486939,126.4072788,20211112130310,,,,,,50,,,Y,9,9
2295,중문덤장,JE020003,01,05,제주특별자치도 서귀포시 천제연로 17,33.25755342,126.40795975,20220625220302,20220625211653,20220625220205,20220625211653,,,50,,,Y,2,2
2296,중문덤장,JE020003,02,02,제주특별자치도 서귀포시 천제연로 17,33.25755342,126.40795975,20220514143902,20220508163919,20220508175317,20220508163919,,,50,,,Y,2,2
2297,금호리조트,JE020004,01,02,제주특별자치도 서귀포시 남원읍 태위로 522-12,33.2733821,126.7012151,20220625220004,20220625210422,20220625210620,20220623155826,,,50,,,Y,2,2
2298,금호리조트,JE020004,02,02,제주특별자치도 서귀포시 남원읍 태위로 522-12,33.2733821,126.7012151,20220625191802,20220625131852,20220625143747,20220625131852,,,50,,,Y,3,3
2299,사이프러스CC,JE020005,01,02,제주특별자치도 서귀포시 표선면 번영로 2300,33.41427554,126.74489098,20220625154200,20220625131012,20220625154036,20220625131012,,,50,,,Y,2,2
2300,사이프러스CC,JE020005,02,02,제주특별자치도 서귀포시 표선면 번영로 2300,33.41427554,126.74489098,20220625063001,20220623113617,20220623155335,20220623113617,,,50,,,Y,2,2
2301,홈플러스 서귀포점,JE020006,01,06,제주특별자치도 서귀포시 중앙로 180,33.26075079,126.55972054,20220624210900,20220624203549,20220624210741,20220624203549,,단독,50,,,Y,2,2
2302,홈플러스 서귀포점,JE020006,02,06,제주특별자치도 서귀포시 중앙로 180,33.26075079,126.55972054,20220624223601,20220624220303,20220624223503,20220624220303,,,50,,,Y,2,2
2303,제주민속촌박물관,JE020008,01,02,제주특별자치도 서귀포시 표선면 민속해안로 631-34,33.32487324,126.84288084,20220625170601,20220625145605,20220625170541,20220625145605,,,50,,,Y,2,2
2304,박물관은살아있다,JE020009,01,02,제주특별자치도 서귀포시 중문관광로 42,33.2550158,126.409676,20220625163001,20220625155453,20220625162911,20220625155453,,,50,,,Y,2,2
2305,박물관은살아있다,JE020009,02,02,제주특별자치도 서귀포시 중문관광로 42,33.2550158,126.409676,20220625164801,20220623135946,20220623154319,20220623135946,,,50,,,Y,2,2
2306,맥도날드 월드컵점,JE020010,01,02,제주특별자치도 서귀포시 일주서로 7,33.2492658,126.5070261,20220621105702,,,,,,50,,,Y,2,2
2307,소인국테마파크,JE020011,01,06,제주특별자치도 서귀포시 안덕면 중산간서로 1878,33.289506,126.322123,20220530145810,20220527124528,20220527124529,20220526084036,,,50,,,Y,9,9
2308,소인국테마파크,JE020011,02,02,제주특별자치도 서귀포시 안덕면 중산간서로 1878,33.289506,126.322123,20220625131802,20220625110300,20220625131652,20220625110300,,,50,,,Y,2,2
2309,소인국테마파크,JE020011,03,02,제주특별자치도 서귀포시 안덕면 중산간서로 1878,33.289506,126.322123,20220625162701,20220625132658,20220625162407,20220625132658,,,50,,,Y,2,2
2310,소인국테마파크,JE020011,04,06,제주특별자치도 서귀포시 안덕면 중산간서로 1878,33.289506,126.322123,20220625213301,20220625210639,20220625213013,20220625210639,,,50,,,Y,2,2
2311,아프리카박물관,JE020013,01,02,제주특별자치도 서귀포시 이어도로 49,33.2394722,126.42915419,20220625235101,20220625175306,20220625185336,20220625234857,,,50,,,Y,3,3
2312,중문리조트,JE020025,01,02,제주특별자치도 서귀포시 색달로 117,33.262471,126.415525,20220625063302,20220623154712,20220623154817,20220621195650,,,50,,,Y,2,2
2313,세계자동차제주박물관,JE020026,01,02,제주특별자치도 서귀포시 안덕면 중산간서로 1610,33.282381,126.349967,20220625114501,20220625083551,20220625101853,20220625083551,,,50,,,Y,2,2
2314,세계자동차제주박물관,JE020026,02,02,제주특별자치도 서귀포시 안덕면 중산간서로 1610,33.282381,126.349967,20220623011805,20220622075650,20220622121307,20220622075650,,,50,,,Y,2,2
2315,세계자동차제주박물관,JE020026,03,05,제주특별자치도 서귀포시 안덕면 중산간서로 1610,33.282381,126.349967,20220625185101,20220625162151,20220625171940,20220625162151,,,50,,,Y,2,2
2316,청솔나무집,JE020027,01,02,제주특별자치도 서귀포시 성산읍 성산중앙로 25,33.462483,126.932154,20220625084501,20220624181624,20220625030420,20220624181624,,,50,,,Y,2,2
2317,청솔나무집,JE020027,02,02,제주특별자치도 서귀포시 성산읍 성산중앙로 25,33.462483,126.932154,20220625085401,20220613183217,20220614020721,20220613183217,,,50,,,Y,2,2
2318,젠하이드어웨이,JE020028,01,05,제주특별자치도 서귀포시 안덕면 사계남로 186-8,33.229234,126.308616,20220626000313,20220625183531,20220625183601,20220625153323,50,단독,50,,,Y,2,2
2319,젠하이드어웨이,JE020028,02,02,제주특별자치도 서귀포시 안덕면 사계남로 186-8,33.229234,126.308616,20220625233303,20220606201531,20220607015310,20220606201531,7,단독,50,,,Y,2,2
2320,젠하이드어웨이,JE020028,03,05,제주특별자치도 서귀포시 안덕면 사계남로 186-8,33.229234,126.308616,20220601140302,20220601125205,20220601140043,20220601125205,,,50,,,Y,2,2
2321,젠하이드어웨이,JE020028,04,02,제주특별자치도 서귀포시 안덕면 사계남로 186-8,33.229234,126.308616,,,,,7,단독,50,,,Y,9,9
2322,봉봉감귤체험농장,JE020029,01,02,제주특별자치도 서귀포시 중산간동로7141번길 16 ,33.281739,126.629794,20220621135703,20220621100618,20220621121645,20220621100618,,,50,,,Y,2,2
2323,제주스테이인성산,JE020030,01,02,제주특별자치도 서귀포시 성산읍 신고로 11,33.438096,126.915988,20220625183300,20220622201340,20220623092215,20220622201340,,,50,,,Y,3,3
2324,제주스테이인성산,JE020030,02,02,제주특별자치도 서귀포시 성산읍 신고로 11,33.438096,126.915988,20220621105700,20220620234011,20220621093126,20220620234011,,,50,,,Y,2,2
2325,세븐일레븐 산방산로드점,JE020032,01,05,제주특별자치도 서귀포시 안덕면 사계북로 190,33.2376445,126.307106,20220625144501,20220625134952,20220625144229,20220625134952,,,50,,,Y,2,2
2326,세븐일레븐 서귀포 온평점,JE020033,01,05,제주특별자치도 서귀포시 성산읍 환해장성로 667 ,33.4132020,126.908995,20220625123601,20220617133331,20220617133359,20220616214323,,,50,,,Y,2,2
2327,대발이파크,JE020034,01,06,제주특별자치도 서귀포시 남원읍 태위로 536,33.274891,126.705892,20220624213900,20220621214609,20220621221015,20220621214609,,,50,,,Y,2,2
2328,성산자동차공업사,JE020035,01,02,제주특별자치도 서귀포시 성산읍 일주동로 3965,33.472051,126.902493,20220625224501,20220624125132,20220624174931,20220624125132,,,50,,,Y,2,2
2329,성산자동차공업사,JE020035,02,02,제주특별자치도 서귀포시 성산읍 일주동로 3965,33.472051,126.902493,20220625034500,20220623185920,20220623221839,20220623185920,,,50,,,Y,2,2
2330,우리들국수,JE020036,01,02,제주특별자치도 서귀포시 섭지코지로 63,33.436997,126.922411,20220625051201,20220622005308,20220622082716,20220622005308,,,50,,,Y,2,2
2331,국립기상과학원,JE020037,01,02,제주특별자치도 서귀포시 서호북로 33,33.258739,126.517845,20220621160602,20220621125528,20220621160533,20220621125528,,,50,,,Y,2,2
2332,국립기상과학원,JE020037,02,02,제주특별자치도 서귀포시 서호북로 33,33.258739,126.517845,20220624180601,20220624135750,20220624180328,20220624135750,,,50,,,Y,2,2
2333,국립기상과학원,JE020037,03,02,제주특별자치도 서귀포시 서호북로 33,33.258739,126.517845,20220625200301,20220624211220,20220625015201,20220624211220,,,50,,,Y,3,3
2334,루체클래식아파트,JE020038,01,02,제주특별자치도 서귀포시 법환로 51,33.238704,126.510520,20220624082102,20220619193401,20220620084637,20220619193401,,,50,,,Y,2,2
2335,루체클래식아파트,JE020038,02,02,제주특별자치도 서귀포시 법환로 51,33.238704,126.510520,20220621105702,20220302180651,20220303113534,20220302180651,,,50,,,Y,2,2
2336,표선2차반석타운아파트,JE020039,01,02,제주특별자치도 서귀포시 표선면 표선동서로61번길 124,33.320929,126.828147,20220625210302,20220625171116,20220625210217,20220625171116,,,50,,,Y,2,2
2337,표선2차반석타운아파트,JE020039,02,02,제주특별자치도 서귀포시 표선면 표선동서로61번길 124,33.320929,126.828147,20220623014503,20220622173942,20220622225721,20220622173942,,,50,,,Y,2,2
2338,흥진자동차공업사,JE020043,01,02,제주특별자치도 서귀포시 남원읍 태위로 95-1,33.274967,126.657803,20220623120302,20220623115735,20220623120146,20220623102430,,,50,,,Y,2,2
2339,취다선리조트,JE020044,01,02,제주특별자치도 서귀포시 성산읍 해맞이해안로 2688,33.471847,126.912571,20220625210303,20220625125117,20220625135448,20220625125117,,,50,,,Y,2,2
2340,페를로,JE020045,01,02,제주특별자치도 서귀포시 안덕면 덕수회관로 74번길 33,33.256740,126.306135,20220623043602,20220622212850,20220623043312,20220622212850,,,50,,,Y,2,2
2341,감귤연구소,JE020046,01,02,제주특별자치도 서귀포시 남원읍 하례광장로 107,33.302426,126.611857,20220625224207,20220624085854,20220624103318,20220624085854,,,50,,,Y,2,2
2342,감귤연구소,JE020046,02,02,제주특별자치도 서귀포시 남원읍 하례광장로 107,33.302426,126.611857,20220624023904,20220623193956,20220624023601,20220623193956,,,50,,,Y,2,2
2343,서울불고기,JE020047,01,02,제주특별자치도 서귀포시 성산읍 서성일로 786,33.434079,126.865481,20211108150310,,,,,,50,,,Y,9,9
2344,서울불고기,JE020047,02,02,제주특별자치도 서귀포시 성산읍 서성일로 786,33.434079,126.865481,20211108150310,,,,,,50,,,Y,9,9
2345,M1971,JE020048,01,02,제주특별자치도 서귀포시 대정읍 최남단해안로 116,33.210814,126.256488,20220624125702,20220624094009,20220624125455,20220624094009,,,50,,,Y,2,2
2346,M1971,JE020048,02,02,제주특별자치도 서귀포시 대정읍 최남단해안로 116,33.210814,126.256488,20220625201803,20220625172831,20220625201536,20220625172831,,,50,,,Y,2,2
2347,소금막식당,JE020049,01,02,제주특별자치도 서귀포시 쇠소깍로 151-14,33.250594,126.620429,20220624143004,20220624101822,20220624142742,20220624101822,,,50,,,Y,2,2
2348,소낭밭가든,JE020050,01,02,제주특별자치도 서귀포시 대포복개로110번길 133,33.252220,126.446586,20220625144201,20220625134717,20220625143931,20220625134717,,,50,,,Y,2,2
2349,소낭밭가든,JE020050,02,02,제주특별자치도 서귀포시 대포복개로110번길 133,33.252220,126.446586,20220625052402,20220309160559,20220309161813,20220119103722,,,50,,,Y,2,2
2350,사해방,JE020051,01,02,제주특별자치도 서귀포시 천제연로 263,33.251533,126.432668,20220624055101,20220623230133,20220624054826,20220623230133,,,50,,,Y,2,2
2351,사해방,JE020051,02,02,제주특별자치도 서귀포시 천제연로 263,33.251533,126.432668,20220623230302,20220623225937,20220623230045,20220623185243,,,50,,,Y,2,2
2352,갈비미,JE020052,01,02,제주특별자치도 서귀포시 강정통물로 1,33.228530,126.474959,20220625210903,20220624202932,20220624222406,20220624202932,,,50,,,Y,3,3
2353,갈비미,JE020052,02,02,제주특별자치도 서귀포시 강정통물로 1,33.228530,126.474959,20220625054801,20211230222905,20211231093423,20211230222905,,,50,,,Y,2,2
2354,롯데아트빌라스제주,JE020053,01,02,제주특별자치도 서귀포시 색달중앙로252번길 124,33.287940,126.415941,20220621105701,20220620192648,20220621005800,20220620192648,,,50,,,Y,2,2
2355,롯데아트빌라스제주,JE020053,02,02,제주특별자치도 서귀포시 색달중앙로252번길 124,33.287940,126.415941,20220623173002,20220623163837,20220623172851,20220623163837,,,50,,,Y,2,2
2356,캠파제주,JE020054,01,02,제주특별자치도 서귀포시 516로 574-23,33.298519,126.601029,20220625143302,20220619165525,20220619235635,20220619165525,,,50,,,Y,2,2
2357,캠파제주,JE020054,02,02,제주특별자치도 서귀포시 516로 574-23,33.298519,126.601029,20220623011806,20220519182202,20220520005912,20220519182202,,,50,,,Y,2,2
2358,도원자동차공업사,JE020055,01,02,제주특별자치도 서귀포시 토평공단로139번길 11-1,33.292789,126.581657,20220623011803,20220622092659,20220622093920,20220618193550,,,50,,,Y,2,2
2359,관통사,JE020057,01,02,제주특별자치도 서귀포시 표선면 표선관정로 52,33.326582,126.826502,20220622061205,20220609154231,20220609173451,20220609154231,,,50,,,Y,2,2
2360,관통사,JE020057,02,02,제주특별자치도 서귀포시 표선면 표선관정로 52,33.326582,126.826502,20220621105702,20220509112223,20220509133711,20220509112223,,,50,,,Y,2,2
2361,구구스트릿,JE020058,01,02,제주특별자치도 서귀포시 색달로 99,33.262088,126.413774,20220623130902,20220623125212,20220623130749,20220623125212,,,50,,,Y,2,2
2362,르페도라,JE020059,01,02,제주특별자치도 서귀포시 남원읍 신례중앙로 6,33.289602,126.629271,20220625170602,20220625160840,20220625170309,20220625160840,,,50,,,Y,2,2
2363,르페도라,JE020059,02,02,제주특별자치도 서귀포시 남원읍 신례중앙로 6,33.289602,126.629271,20220626000317,20220625161914,20220626000236,20220625161914,,,50,,,Y,2,2
2364,금데기횟집,JE020060,01,02,제주특별자치도 서귀포시 표선면 표선당포로 19-5,33.326326,126.844109,20220625140901,20220625101736,20220625140606,20220625101736,,,50,,,Y,2,2
2365,농업회사법인 백록,JE020061,01,02,제주특별자치도 서귀포시 성산읍 섭지코지로25번길 12,33.440078,126.919974,20220625044501,20220622201432,20220623001702,20220622201432,,,50,,,Y,2,2
2366,클럽이에스 제주리조트,JE020062,01,02,제주특별자치도 서귀포시 1100로 501,33.289451,126.455968,20220625235401,20220625204721,20220625235109,20220625204721,,,50,,,Y,2,2
2367,클럽이에스 제주리조트,JE020062,02,02,제주특별자치도 서귀포시 1100로 501,33.289451,126.455968,20220624104201,20220624051219,20220624104024,20220624051219,,,50,,,Y,2,2
2368,클럽이에스 제주리조트,JE020062,03,02,제주특별자치도 서귀포시 1100로 501,33.289451,126.455968,20220625213601,20220625190613,20220625213403,20220625190613,,,50,,,Y,2,2
2369,클럽이에스 제주리조트,JE020062,04,02,제주특별자치도 서귀포시 1100로 501,33.289451,126.455968,20220625005101,20220624230729,20220625005016,20220624230729,,,50,,,Y,2,2
2370,클럽이에스 제주리조트,JE020062,05,02,제주특별자치도 서귀포시 1100로 501,33.289451,126.455968,20220625215701,20220624191754,20220625015812,20220624191754,,,50,,,Y,3,3
2371,클럽이에스 제주리조트,JE020062,06,02,제주특별자치도 서귀포시 1100로 501,33.289451,126.455968,20220624194501,20220624185550,20220624194228,20220624185550,,,50,,,Y,2,2
2372,남극노인성전통한옥휴양펜션,JE020063,01,02,제주특별자치도 서귀포시 하신상로 216,33.276143,126.606651,20220621110303,20211225153607,20211225161209,20211225153607,,,50,,,Y,2,2
2373,남극노인성전통한옥휴양펜션,JE020063,02,02,제주특별자치도 서귀포시 하신상로 216,33.276143,126.606651,20220621105701,,,,,,50,,,Y,2,2
2374,전복마시문어마시,JE020064,01,02,제주특별자치도 서귀포시 성산읍 환해장성로 489,33.400320,126.903617,20220623011806,20220424124000,20220424133611,20220424124000,,,50,,,Y,2,2
2375,해촌,JE020065,01,02,제주특별자치도 서귀포시 성산읍 일출로 220,33.459217,126.930007,20220414100310,,,,,,50,,,Y,9,9
2376,해촌,JE020065,02,02,제주특별자치도 서귀포시 성산읍 일출로 220,33.459217,126.930007,20220625161502,20220625001705,20220625041410,20220625001705,,,50,,,Y,2,2
2377,화이트캐슬펜션,JE020067,01,02,제주특별자치도 서귀포시 이어도로 1060,33.245736,126.524089,20220625075701,20220617145748,20220617160635,20220617145748,,,50,,,Y,2,2
2378,해뜨는초록마을펜션,JE020068,01,02,제주특별자치도 서귀포시 성산읍 섭지코지로25번길 8,33.439545,126.920435,20220625204801,20220625180207,20220625204643,20220625180207,,,50,,,Y,2,2
2379,바랑쉬게스트하우스,JE020069,01,02,제주특별자치도 서귀포시 성산읍 환해장성로 496,33.400996,126.903679,20220623011802,20220620120051,20220620123739,20220620120051,,,50,,,Y,2,2
2380,바랑쉬게스트하우스,JE020069,02,02,제주특별자치도 서귀포시 성산읍 환해장성로 496,33.400996,126.903679,20211108150310,,,,,,50,,,Y,9,9
2381,아꼬아,JE020070,01,02,제주특별자치도 서귀포시 동부로 7,33.245357,126.569579,20220623011804,20220612170702,20220612192942,20220612170702,,,50,,,Y,2,2
2382,아꼬아,JE020070,02,02,제주특별자치도 서귀포시 동부로 7,33.245357,126.569579,20220621105702,20220615171938,20220615194415,20220615171938,,,50,,,Y,2,2
2383,슬로우트립 게스트하우스,JE020071,01,02,제주특별자치도 서귀포시 성산읍 오조로85번길 4,33.461511,126.914608,20220625211801,,,,,,50,,,Y,2,2
2384,펫소풍,JE020072,01,02,제주특별자치도 서귀포시 안덕면 화순서서로 458,33.282796,126.304827,20220621103907,20220512140944,20220512163430,20220512140944,,,50,,,Y,3,3
2385,롯데스카이힐제주cc,JE020073,01,02,제주특별자치도 서귀포시 상예로 530,33.287777,126.404027,20220625102401,20220623071347,20220623111553,20220623071347,,,50,,,Y,2,2
2386,롯데스카이힐제주cc,JE020073,02,02,제주특별자치도 서귀포시 상예로 530,33.287777,126.404027,20220624180901,20220624154656,20220624180809,20220624154656,,,50,,,Y,2,2
2387,롯데스카이힐제주cc,JE020073,03,02,제주특별자치도 서귀포시 상예로 530,33.287777,126.404027,20220625170601,20220603121332,20220603135136,20220603121332,,,50,,,Y,2,2
2388,하영횟집,JE020074,01,02,제주특별자치도 서귀포시 이어도로 1043,33.245259,126.522282,20220623011805,20211201081412,20211201144054,20211201081412,,,50,,,Y,2,2
2389,하영횟집,JE020074,02,02,제주특별자치도 서귀포시 이어도로 1043,33.245259,126.522282,20220625052402,20220622095832,20220622112151,20220622095832,,,50,,,Y,2,2
2390,남원솔내음,JE020075,01,02,제주특별자치도 서귀포시 남원읍 남원중앙로 36,33.280914,126.713028,20220625231503,20220623000424,20220623053621,20220623000424,,,50,,,Y,3,3
2391,남원솔내음,JE020075,02,02,제주특별자치도 서귀포시 남원읍 남원중앙로 36,33.280914,126.713028,20220621105702,20211219161117,20211219213549,20211219161117,,,50,,,Y,2,2
2392,남원솔내음,JE020075,03,02,제주특별자치도 서귀포시 남원읍 남원중앙로 36,33.280914,126.713028,20220623011806,,,,,,50,,,Y,2,2
2393,서귀포 칠돈가,JE020076,01,02,제주특별자치도 서귀포시 일주동로 8800,33.253874,126.548899,20220623011804,20220619161906,20220619175451,20220619161906,,,50,,,Y,2,2
2394,서귀포 칠돈가,JE020076,02,02,제주특별자치도 서귀포시 일주동로 8800,33.253874,126.548899,20211108150310,,,,,,50,,,Y,9,9
2395,모메든식당 중문점,JE020077,01,02,제주특별자치도 서귀포시 일주서로 508,33.253460,126.454507,20220625193002,20220625183741,20220625192727,20220625183741,,,50,,,Y,2,2
2396,산들애풀하우스펜션,JE020078,01,02,제주특별자치도 서귀포시 성산읍 서성일로 689-8,33.429711,126.857147,20220625080302,20220624211357,20220625004142,20220624211357,,,50,,,Y,2,2
2397,효림스카이아파트,JE020079,01,02,제주특별자치도 서귀포시 태평로 446,33.246190,126.567639,20220623215104,20220623151454,20220623215057,20220623151454,,,50,,,Y,2,2
2398,효림스카이아파트,JE020079,02,02,제주특별자치도 서귀포시 태평로 446,33.246190,126.567639,20220620034801,20220110201048,20220111013516,20220110201048,,,50,,,Y,2,2
2399,골드원 호텔앤드스위트,JE020080,01,02,제주특별자치도 서귀포시 이어도로 1032,33.244115,126.522254,20220621110002,20220621080810,20220621090745,20220621080810,,,50,,,Y,2,2
2400,골드원 호텔앤드스위트,JE020080,02,02,제주특별자치도 서귀포시 이어도로 1032,33.244115,126.522254,20220622230901,20220622202144,20220622230622,20220622202144,,,50,,,Y,2,2
2401,카사로마호텔,JE020081,01,02,제주특별자치도 서귀포시 태평로 347,33.246807,126.558123,20220625102700,20220625090720,20220625102536,20220625090720,,,50,,,Y,2,2
2402,카사로마호텔,JE020081,02,02,제주특별자치도 서귀포시 태평로 347,33.246807,126.558123,20220623205101,20220623173141,20220623204943,20220623173141,,,50,,,Y,2,2
2403,워시엔조이 제주안덕사계점,JE020082,01,02,제주특별자치도 서귀포시 안덕면 산방로 244,33.235913,126.309443,20220622121202,20220622115549,20220622121157,20220608205727,,,50,,,Y,2,2
2404,워시엔조이 제주안덕사계점,JE020082,02,02,제주특별자치도 서귀포시 안덕면 산방로 244,33.235913,126.309443,20220619192701,20220619162506,20220619192525,20220619162506,,,50,,,Y,2,2
2405,서귀포농협 하나로마트,JE020083,01,02,제주특별자치도 서귀포시 516로 40-1,33.257385,126.580040,20220625214801,20220625210718,20220625214532,20220625210718,,,50,,,Y,2,2
2406,서귀포농협 하나로마트,JE020083,02,02,제주특별자치도 서귀포시 516로 40-1,33.257385,126.580040,20220625211501,20220625095428,20220625104736,20220625095428,,,50,,,Y,3,3
2407,서귀포농협 하나로마트,JE020083,03,05,제주특별자치도 서귀포시 516로 40-1,33.257385,126.580040,20220625233001,20220625211839,20220625212810,20220625211839,,,50,,,Y,2,2
2408,제주공감게스트하우스,JE020084,01,02,제주특별자치도 서귀포시 대정읍 일과대수로27번길 35,33.238083,126.229261,20220625112102,20220625095738,20220625111936,20220625095738,,,50,,,Y,2,2
2409,제주공감게스트하우스,JE020084,02,02,제주특별자치도 서귀포시 대정읍 일과대수로27번길 35,33.238083,126.229261,20220625225702,20220606182253,20220607023809,20220606182253,,,50,,,Y,2,2
2410,산방산애펜션 누루빌,JE020085,01,02,제주특별자치도 서귀포시 안덕면 사계로114번길 53-23,33.243952,126.303525,20220625045402,20220624235837,20220625045109,20220624235837,,,50,,,Y,2,2
2411,산방산애펜션 누루빌,JE020085,02,02,제주특별자치도 서귀포시 안덕면 사계로114번길 53-23,33.243952,126.303525,20220623100900,20220623080839,20220623100604,20220623080839,,,50,,,Y,2,2
2412,수림농수산,JE020086,01,02,제주특별자치도 서귀포시 남원읍 일주동로 6804,33.290319,126.752112,20220623011803,20220418095930,20220418112716,20220418095930,,,50,,,Y,2,2
2413,세림맨숀아파트,JE020087,01,02,제주특별자치도 서귀포시 홍중로 75,33.259133,126.555489,20220625200001,20220625142822,20220625195840,20220625142822,,,50,,,Y,2,2
2414,탐라해오름,JE020088,01,02,제주특별자치도 서귀포시 김정문화로41번길 10-1,33.252394,126.509575,20220623011805,20220620182009,20220620224353,20220620182009,,단독,50,,,Y,2,2
2415,한옥호텔 한라궁,JE020089,01,02,제주특별자치도 서귀포시 칠십리로 243,33.248357,126.578225,20220623011802,20220614091549,20220614095959,20220614091549,,,50,,,Y,2,2
2416,한옥호텔 한라궁,JE020089,02,02,제주특별자치도 서귀포시 칠십리로 243,33.248357,126.578225,20220625030601,20220620175721,20220620225139,20220620175721,,,50,,,Y,2,2
2417,제주하나호텔,JE020090,01,02,제주특별자치도 서귀포시 중문관광로72번길 53,33.249878,126.408103,20220625113900,20220625092328,20220625113848,20220625092328,,,50,,,Y,2,2
2418,제주하나호텔,JE020090,02,02,제주특별자치도 서귀포시 중문관광로72번길 53,33.249878,126.408103,20220621105700,20220608191920,20220609014403,20220608191920,,,50,,,Y,2,2
2419,천지연호텔,JE020091,01,02,제주특별자치도 서귀포시 솔동산로 40,33.241856,126.562418,20220622163601,20220622140508,20220622163355,20220622140508,,,50,,,Y,2,2
2420,천지연호텔,JE020091,02,02,제주특별자치도 서귀포시 솔동산로 40,33.241856,126.562418,20220623011805,20220324183132,20220324232104,20220324183132,,,50,,,Y,2,2
2421,서가앤쿡 서귀포 토평점,JE020092,01,02,제주특별자치도 서귀포시 검은여로 191,33.258123,126.585957,20220621105700,20220604113321,20220604114330,20220604112202,,,50,,,Y,2,2
2422,민우중문아파트,JE020093,01,02,제주특별자치도 서귀포시 천제연로213번길 14-3,33.252668,126.428500,20220625232401,20220623181312,20220623222119,20220623181312,,,50,,,Y,3,3
2423,민우중문아파트,JE020093,02,02,제주특별자치도 서귀포시 천제연로213번길 14-3,33.252668,126.428500,20220625232401,20220625210720,20220625232234,20220625210720,,,50,,,Y,2,2
2424,민우중문아파트,JE020093,03,02,제주특별자치도 서귀포시 천제연로213번길 14-3,33.252668,126.428500,20220623011805,20220311185446,20220312040201,20220311185446,,,50,,,Y,2,2
2425,서광밝은뜨락원룸,JE020094,01,02,제주특별자치도 서귀포시 안덕면 녹차분재로 85,33.290691,126.298514,20220624042700,20220623214055,20220624042541,20220623214055,,,50,,,Y,2,2
2426,동홍주공2단지아파트,JE020095,01,02,제주특별자치도 서귀포시 동홍중앙로 30,33.253856,126.572498,20220625223601,20220625202102,20220625223520,20220625202102,,,50,,,Y,2,2
2427,동홍주공2단지아파트,JE020095,02,02,제주특별자치도 서귀포시 동홍중앙로 30,33.253856,126.572498,20220625192401,20220625183719,20220625192206,20220625183719,,,50,,,Y,2,2
2428,동홍주공2단지아파트,JE020095,03,02,제주특별자치도 서귀포시 동홍중앙로 30,33.253856,126.572498,20220625232700,20220625184801,20220625232642,20220625184801,,,50,,,Y,2,2
2429,세교메디칼,JE020096,01,02,제주특별자치도 서귀포시 남원읍 일주동로 6761,33.291894,126.755966,20220625063900,20211206174802,20211206175556,,,,50,,,Y,2,2
2430,세교메디칼,JE020096,02,02,제주특별자치도 서귀포시 남원읍 일주동로 6761,33.291894,126.755966,20220623011802,20220531115308,20220531125733,20220531115308,,,50,,,Y,2,2
2431,구두미연탄구이,JE020097,01,02,제주특별자치도 서귀포시 문필로 71,33.242615,126.595885,20220625212702,20220625194429,20220625212427,20220625194429,,,50,,,Y,2,2
2432,데이즈힐 블루스톤,JE020099,01,02,제주특별자치도 서귀포시 동홍로302번길 6,33.275254,126.567901,20220625202700,20220622195505,20220623000908,20220622195505,,,50,,,Y,3,3
2433,데이즈힐 블루스톤,JE020099,02,02,제주특별자치도 서귀포시 동홍로302번길 6,33.275254,126.567901,20220624124501,20220617182850,20220617232948,20220617182850,,,50,,,Y,2,2
2434,제주항공우주박물관,JE020100,01,02,제주특별자치도 서귀포시 안덕면 녹차분재로 218,33.304268,126.299672,20220623190001,20220623092424,20220623185941,20220623092424,,,50,,,Y,2,2
2435,제주항공우주박물관,JE020100,02,02,제주특별자치도 서귀포시 안덕면 녹차분재로 218,33.304268,126.299672,20220621132400,20220621111104,20220621132142,20220621111104,,,50,,,Y,2,2
2436,제주항공우주박물관,JE020100,03,02,제주특별자치도 서귀포시 안덕면 녹차분재로 218,33.304268,126.299672,20220624140901,20220624114523,20220624140619,20220624114523,,,50,,,Y,2,2
2437,제주항공우주박물관,JE020100,04,02,제주특별자치도 서귀포시 안덕면 녹차분재로 218,33.304268,126.299672,20220624125401,20220624112528,20220624125301,20220624112528,,,50,,,Y,2,2
2438,제주항공우주박물관,JE020100,05,02,제주특별자치도 서귀포시 안덕면 녹차분재로 218,33.304268,126.299672,20220625155701,20220625122331,20220625155541,20220625122331,,,50,,,Y,2,2
2439,제주항공우주박물관,JE020100,06,02,제주특별자치도 서귀포시 안덕면 녹차분재로 218,33.304268,126.299672,20220624153301,20220624133019,20220624153148,20220624133019,,,50,,,Y,2,2
2440,제주항공우주박물관,JE020100,07,02,제주특별자치도 서귀포시 안덕면 녹차분재로 218,33.304268,126.299672,20220625160601,20220625140044,20220625160521,20220625140044,,,50,,,Y,2,2
2441,제주항공우주박물관,JE020100,08,02,제주특별자치도 서귀포시 안덕면 녹차분재로 218,33.304268,126.299672,20220624042401,20220411155721,20220411170046,20220411155721,,,50,,,Y,2,2
2442,제주항공우주박물관,JE020100,09,02,제주특별자치도 서귀포시 안덕면 녹차분재로 218,33.304268,126.299672,20220625143001,20220625103528,20220625142939,20220625103528,,,50,,,Y,2,2
2443,제주항공우주박물관,JE020100,10,02,제주특별자치도 서귀포시 안덕면 녹차분재로 218,33.304268,126.299672,20220623011805,20220613112534,20220613133309,20220613112534,,,50,,,Y,2,2
2444,스마트리치아파트,JE020101,01,02,제주특별자치도 서귀포시 중앙로207번길 8,33.263324,126.557854,20220624021503,20220623190242,20220624021249,20220623190242,,,50,,,Y,2,2
2445,스마트리치아파트,JE020101,02,02,제주특별자치도 서귀포시 중앙로207번길 8,33.263324,126.557854,20220623193002,20220608201741,20220609024041,20220608201741,,,50,,,Y,2,2
2446,스마트리치아파트,JE020101,03,02,제주특별자치도 서귀포시 중앙로207번길 8,33.263324,126.557854,20220623011804,20220620194214,20220621033848,20220620194214,,,50,,,Y,2,2
2447,스마트리치아파트,JE020101,04,02,제주특별자치도 서귀포시 중앙로207번길 8,33.263324,126.557854,20220625230003,20220625201135,20220625225840,20220625201135,,,50,,,Y,2,2
2448,비욘드북카페앤게스트하우스,JE020102,01,02,제주특별자치도 서귀포시 성산읍 신천동로 24-30,33.345033,126.854171,20220621105702,20220516135859,20220516164523,20220516135859,,,50,,,Y,2,2
2449,비욘드북카페앤게스트하우스,JE020102,02,02,제주특별자치도 서귀포시 성산읍 신천동로 24-30,33.345033,126.854171,20211105183310,,,,,,50,,,Y,9,9
2450,씨앤피리조트,JE020103,01,02,제주특별자치도 서귀포시 성산읍 중산간동로 4328-63,33.390257,126.830958,20220625103602,20220321194506,20220321214249,20220321194506,,,50,,,Y,2,2
2451,씨앤피리조트,JE020103,02,02,제주특별자치도 서귀포시 성산읍 중산간동로 4328-63,33.390257,126.830958,20220623011803,,,,,,50,,,Y,2,2
2452,산방산 탄산온천,JE020104,01,05,제주특별자치도 서귀포시 안덕면 사계북로41번길 192,33.249009,126.298772,20220625184501,20220625175708,20220625184209,20220625175708,,,50,,,Y,2,2
2453,산방산 탄산온천,JE020104,02,05,제주특별자치도 서귀포시 안덕면 사계북로41번길 192,33.249009,126.298772,20220625181802,20220625165517,20220625181520,20220625165517,,,50,,,Y,2,2
2454,휴애리,JE020105,01,05,제주특별자치도 서귀포시,33.309346,126.633773,20220625172402,20220625161516,20220625172116,20220625161516,,,50,,,Y,2,2
2455,휴애리,JE020105,02,05,제주특별자치도 서귀포시,33.309346,126.633773,20220625174202,20220625171216,20220625174016,20220625171216,,,50,,,Y,2,2
2456,성읍녹차마을 영농조합법인,JE020106,01,05,제주특별자치도 서귀포시,33.380963,126.791160,20220625173002,20220625171429,20220625172802,20220625171429,,,50,,,Y,2,2
2457,성읍녹차마을 영농조합법인,JE020106,02,05,제주특별자치도 서귀포시,33.380963,126.791160,20220625154502,20220625141501,20220625154409,20220625141501,,,50,,,Y,2,2
2458,제주참숯가마찜질방,JE020107,01,05,제주특별자치도 서귀포시 성산읍 삼달로 47,33.368994,126.863334,20220625154500,20220625143504,20220625154307,20220625143504,,,50,,,Y,2,2
2459,대정농협 하나로마트,JE020108,01,05,제주특별자치도 서귀포시 대정읍 일주서로 2460,33.233977,126.264182,20220625133601,20220625130413,20220625133419,20220625130413,,,50,,,Y,2,2
2460,대정농협 하나로마트,JE020108,02,05,제주특별자치도 서귀포시 대정읍 일주서로 2460,33.233977,126.264182,20220625190900,20220625185614,20220625190736,20220625185614,,,50,,,Y,2,2
2461,대정농협 하나로마트,JE020108,03,05,제주특별자치도 서귀포시 대정읍 일주서로 2460,33.233977,126.264182,20220625204500,20220625203608,20220625204421,20220625165143,,,50,,,Y,2,2
2462,마리조아 중문점,JE020109,01,02,제주특별자치도 서귀포시 이어도로 215,33.241578,126.443069,20220623011804,20220612175223,20220612191257,20220612175223,,,50,,,Y,2,2
2463,풍림빌리지,JE020110,01,02,제주특별자치도 서귀포시 대포복개로 95,33.247072,126.434143,20220623011805,20220614201652,20220615000445,20220614201652,,,50,,,Y,2,2
2464,풍림빌리지,JE020110,02,02,제주특별자치도 서귀포시 대포복개로 95,33.247072,126.434143,20220625183900,20220625172727,20220625183836,20220625172727,,,50,,,Y,2,2
2465,멋진녀석들,JE020111,01,02,제주특별자치도 서귀포시 표선면 민속해안로 570,33.324811,126.844708,20220621110300,20220521143354,20220521154352,20220521143354,,,50,,,Y,2,2
2466,서귀포소방서 중문119센터,JE020112,01,02,제주특별자치도 서귀포시 천제연로 164,33.252047,126.422119,20210226182310,,,,,,50,,,Y,9,9
2467,코델리아S호텔,JE020113,01,05,제주특별자치도 서귀포시 성산읍 일주동로 4186,33.454945,126.910276,20220625183600,20220625170239,20220625173247,20220625170239,,,50,,,Y,2,2
2468,코델리아S호텔,JE020113,02,05,제주특별자치도 서귀포시 성산읍 일주동로 4186,33.454945,126.910276,20220625222400,20220625215635,20220625222329,20220625215635,,,50,,,Y,2,2
2469,서귀포KAL호텔,JE020114,01,05,제주특별자치도 서귀포시 칠십리로 242,33.246527,126.581755,20220625225700,20220625223930,20220625225407,20220625213231,,,50,,,Y,2,2
2470,허니문하우스,JE020115,01,05,제주특별자치도 서귀포시 칠십리로 228-13,33.244157,126.578728,20220625180600,20220625175153,20220625180355,20220625155957,,,50,,,Y,2,2
2471,제주감귤박물관,JE020116,01,02,제주특별자치도 서귀포시 효돈순환로 441,33.271640,126.607667,20220624012101,20220611150450,20220611154033,20220611150450,,,50,,,Y,2,2
2472,제주감귤박물관,JE020116,02,02,제주특별자치도 서귀포시 효돈순환로 441,33.271640,126.607667,20220624120600,20220624111810,20220624120321,20220624111810,,,50,,,Y,2,2
2473,보롬왓,JE020117,01,05,제주특별자치도 서귀포시 표선면 번영로 2350-104,33.413219,126.752133,20220623212700,20220623135035,20220623135036,20220621153834,,,50,,,Y,2,2
2474,보롬왓,JE020117,02,05,제주특별자치도 서귀포시 표선면 번영로 2350-104,33.413219,126.752133,20220625181200,20220625180818,20220625181101,20220625180818,,,50,,,Y,2,2
2475,삼영토평노블리안아파트,JE020118,01,02,제주특별자치도 서귀포시 일주동로 8473,33.255156,126.582939,20220624203900,20220529214616,20220530081141,20220529214616,,,50,,,Y,3,3
2476,삼영토평노블리안아파트,JE020118,02,02,제주특별자치도 서귀포시 일주동로 8473,33.255156,126.582939,20220623011805,20220619004517,20220619111004,20220619004517,,,50,,,Y,2,2
2477,삼영토평노블리안아파트,JE020118,03,02,제주특별자치도 서귀포시 일주동로 8473,33.255156,126.582939,20220621121200,20220505111051,20220505113934,20220505111051,,,50,,,Y,2,2
2478,돈키호테부동산,JE020119,01,02,제주특별자치도 서귀포시 성산읍 일주동로 5617,33.342888,126.847319,20220623011802,20220603171141,20220603180058,20220603171141,,,50,,,Y,2,2
2479,돈키호테부동산,JE020119,02,02,제주특별자치도 서귀포시 성산읍 일주동로 5617,33.342888,126.847319,20211108150310,,,,,,50,,,Y,9,9
2480,벽산블루밍,JE020120,01,02,제주특별자치도 서귀포시 중산간동로 8466,33.261024,126.511392,20220625115401,20220624174721,20220625115105,20220624174721,,,50,,,Y,2,2
2481,벽산블루밍,JE020120,02,02,제주특별자치도 서귀포시 중산간동로 8466,33.261024,126.511392,20220624081801,20220623200549,20220624081028,20220623200549,,,50,,,Y,2,2
2482,벽산블루밍,JE020120,03,02,제주특별자치도 서귀포시 중산간동로 8466,33.261024,126.511392,20220625224501,20220625140214,20220625143013,20220625140214,,,50,,,Y,3,3
2483,주식회사 휴럼,JE020121,01,02,제주특별자치도 서귀포시 남원읍 신례동로 121-17,33.296971,126.630463,20220624123901,20220624090714,20220624123038,20220624090714,,,50,,,Y,2,2
2484,주식회사 휴럼,JE020121,02,02,제주특별자치도 서귀포시 남원읍 신례동로 121-17,33.296971,126.630463,20220623011805,20220611203604,20220611234617,20220611203604,,,50,,,Y,2,2
2485,예서두레라움,JE020122,01,02,제주특별자치도 서귀포시 동홍로 212,33.267292,126.569413,20220625224501,20220625181929,20220625221508,20220625181929,,,50,,,Y,3,3
2486,예서두레라움,JE020122,02,02,제주특별자치도 서귀포시 동홍로 212,33.267292,126.569413,20220624001201,20220619192455,20220620072930,20220619192455,,,50,,,Y,2,2
2487,(주)알앤케이,JE020123,01,02,제주특별자치도 서귀포시 중산간동로 8377,33.260990,126.521773,20220625191801,20220623192943,20220624082808,20220623192943,,,50,,,Y,3,3
2488,피렌체,JE020124,01,02,제주특별자치도 서귀포시 남원읍 남원체육관로 280,33.279878,126.715323,20220624122103,20220620164750,20220621055041,20220620164750,,,50,,,Y,2,2
2489,금호팰리스,JE020125,01,02,제주특별자치도 서귀포시 남원읍 남원체육관로 1-7,33.275691,126.685966,20220624095701,20220623191213,20220624095617,20220623191213,,,50,,,Y,2,2
2490,고성리사무소,JE020126,01,02,제주특별자치도 서귀포시 성산읍 서성일로1222번길 36,33.444580,126.911307,20220624170901,20220624161945,20220624170747,20220624161945,,,50,,,Y,2,2
2491,고성리사무소,JE020126,02,02,제주특별자치도 서귀포시 성산읍 서성일로1222번길 36,33.444580,126.911307,20220623011803,20220616090249,20220616162738,20220616090249,,,50,,,Y,2,2
2492,서귀포소방서,JE020127,01,02,제주특별자치도 서귀포시 서호남로 20,33.249663,126.514174,20220625182701,20220625083659,20220625170424,20220625083659,,,50,,,Y,3,3
2493,서귀포소방서,JE020127,02,02,제주특별자치도 서귀포시 서호남로 20,33.249663,126.514174,20220624000301,20220620191639,20220621083011,20220621115437,,,50,,,Y,3,3
2494,서귀포소방서 동홍199센터,JE020128,01,02,제주특별자치도 서귀포시 서홍로 14,33.249138,126.553278,20220624203301,20220624161716,20220624202520,20220624161716,,,50,,,Y,2,2
2495,법환코아루,JE020129,01,02,제주특별자치도 서귀포시 월드컵로 77,33.242607,126.5035443,20220625220002,20220622205439,20220623090112,20220625215825,,,50,,,Y,3,3
2496,법환코아루,JE020129,02,02,제주특별자치도 서귀포시 월드컵로 77,33.242607,126.5035443,20220623161803,20220623125023,20220623161720,20220623125023,,,50,,,Y,2,2
2497,아일랜드치킨,JE020130,01,02,제주특별자치도 서귀포시 안덕면 소기왓로 81-44,33.240254,126.365746,20220624234810,20220624172834,20220624191641,20220624172834,,,50,,,Y,9,9
2498,위호텔,JE020131,01,02,제주특별자치도 서귀포시 1100로 453-95,33.28668789,126.44451495,20220624230302,20220624195614,20220624224057,20220624195614,,,50,,,Y,2,2
2499,주식회사 드림,JE020132,01,02,제주특별자치도 서귀포시 1100로 44,33.25436,126.43436,20220625225702,20220624213129,20220625102007,20220624213129,7,단독,50,,,Y,3,3
2500,산방산어반아르떼,JE020133,01,02,제주특별자치도 서귀포시 안덕면 화순로 193,33.24614,126.32556,20220624084502,20220623171326,20220624083803,20220623171326,7,단독,50,,,Y,2,2
2501,산방산어반아르떼,JE020133,02,02,제주특별자치도 서귀포시 안덕면 화순로 193,33.24614,126.32556,20220620044802,20220612150705,20220612154337,20220612150705,7,단독,50,,,Y,2,2
2502,태영TIC,JE020134,01,02,제주특별자치도 서귀포시 성산읍 일주동로 5425,33.35534,126.86130,20220625181201,20220625172739,20220625181009,20220625172739,7,단독,50,,,Y,2,2
2503,CJ대한통운 클럽나인브릿지,JE020135,01,02,제주특별자치도 서귀포시 안덕면 광평로 34-156,33.34188,126.40669,20220625195701,20220625192145,20220625194019,20220625192145,7,단독,50,,,Y,2,2
2504,CJ대한통운 클럽나인브릿지,JE020135,02,02,제주특별자치도 서귀포시 안덕면 광평로 34-156,33.34188,126.40669,20220625142101,20220625084730,20220625141621,20220625084730,7,단독,50,,,Y,2,2
2505,CJ대한통운 클럽나인브릿지,JE020135,03,02,제주특별자치도 서귀포시 안덕면 광평로 34-156,33.34188,126.40669,20220625165401,20220619071018,20220619185051,20220619071018,7,단독,50,,,Y,2,2
2506,서귀포걸메도야지통뼈감자탕,JE020136,01,02,제주특별자치도 서귀포시 일주동로 8733,33.25206,126.55539,20220623011805,20220611155341,20220611220139,20220611155341,7,단독,50,,,Y,2,2
2507,제주월드컵경기장,JE020137,01,04,제주특별자치도 서귀포시 월드컵로 33,33.2462194,126.5092753,20220624015101,20220623184354,20220623195622,20220623184354,50,단독,50,,,Y,2,2
2508,제주월드컵경기장,JE020137,02,04,제주특별자치도 서귀포시 월드컵로 33,33.2462194,126.5092753,20220624193901,20220624185818,20220624192810,20220624185818,50,단독,50,,,Y,2,2
2509,제주월드컵경기장,JE020137,03,05,제주특별자치도 서귀포시 월드컵로 33,33.2462194,126.5092753,20220623011802,20220622181332,20220622184327,20220622181332,50,단독,50,,,Y,2,2
2510,제주월드컵경기장,JE020137,04,04,제주특별자치도 서귀포시 월드컵로 33,33.2462194,126.5092753,20220625232101,20220625194642,20220625202118,20220625194642,50,단독,50,,,Y,3,3
2511,제주월드컵경기장,JE020137,05,04,제주특별자치도 서귀포시 월드컵로 33,33.2462194,126.5092753,20220623193001,20220623184056,20220623192750,20220623184056,50,단독,50,,,Y,2,2
2512,제주월드컵경기장,JE020137,06,04,제주특별자치도 서귀포시 월드컵로 33,33.2462194,126.5092753,20220625181801,20220625174142,20220625181520,20220625174142,50,단독,50,,,Y,2,2
2513,제주월드컵경기장,JE020137,07,04,제주특별자치도 서귀포시 월드컵로 33,33.2462194,126.5092753,20220624174501,20220624170600,20220624172817,20220624170600,50,단독,50,,,Y,2,2
2514,제주월드컵경기장,JE020137,08,04,제주특별자치도 서귀포시 월드컵로 33,33.2462194,126.5092753,20220625235101,20220625220142,20220625222505,20220625220142,50,단독,50,,,Y,3,3
2515,제주월드컵경기장,JE020137,09,01,제주특별자치도 서귀포시 월드컵로 33,33.2462194,126.5092753,20220625175701,20220625172015,20220625175525,20220625172015,50,단독,50,,,Y,2,2
2516,제주월드컵경기장,JE020137,10,04,제주특별자치도 서귀포시 월드컵로 33,33.2462194,126.5092753,20220624191802,20220624183248,20220624191527,20220624183248,50,단독,50,,,Y,2,2
2517,제주월드컵경기장,JE020137,11,05,제주특별자치도 서귀포시 월드컵로 33,33.2462194,126.5092753,20220624195401,20220624191716,20220624194647,20220624191716,50,단독,50,,,Y,2,2
2518,제주월드컵경기장,JE020137,12,04,제주특별자치도 서귀포시 월드컵로 33,33.2462194,126.5092753,20220625150901,20220625143802,20220625150356,20220625143802,50,단독,50,,,Y,2,2
2519,제주월드컵경기장,JE020137,13,06,제주특별자치도 서귀포시 월드컵로 33,33.2462194,126.5092753,20220625190601,20220625183241,20220625190407,20220625183241,50,단독,50,,,Y,2,2
2520,제주월드컵경기장,JE020137,14,02,제주특별자치도 서귀포시 월드컵로 33,33.2462194,126.5092753,20220625170901,20220625152958,20220625170240,20220625152958,7,단독,50,,,Y,2,2
2521,제주월드컵경기장,JE020137,15,02,제주특별자치도 서귀포시 월드컵로 33,33.2462194,126.5092753,20220624054501,20220623140108,20220623201703,20220623140108,7,단독,50,,,Y,2,2
2522,제주월드컵경기장,JE020137,16,02,제주특별자치도 서귀포시 월드컵로 33,33.2462194,126.5092753,20220624233301,20220624210818,20220624224848,20220624210818,7,단독,50,,,Y,2,2
2523,개인택시조합충전소,JE030001,01,07,제주특별자치도 제주시 도공로 141,33.495900,126.468517,20220625170602,20220625163134,20220625170516,20220625163134,,,50,,,Y,2,2
2524,개인택시조합충전소,JE030001,02,07,제주특별자치도 제주시 도공로 141,33.495900,126.468517,20220625183002,20220625170917,20220625182842,20220625170917,,,50,,,Y,2,2
2525,제주전기렌트카,JE040001,01,06,제주특별자치도 제주시 서해안로 22-5,33.49992,126.4574,20210226182310,,,,,,50,,,Y,9,9
2526,제주전기렌트카,JE040001,02,06,제주특별자치도 제주시 서해안로 22-5,33.49992,126.4574,20210226182310,,,,,,50,,,Y,9,9
2527,제주전기렌트카,JE040001,03,06,제주특별자치도 제주시 서해안로 22-5,33.49992,126.4574,20210226182310,,,,,,50,,,Y,9,9
2528,제주전기렌트카,JE040001,04,06,제주특별자치도 제주시 서해안로 22-5,33.49992,126.4574,20210409183310,,,,,,50,,,Y,9,9
2529,상남아크로타워,JE040004,11,06,제주특별자치도 서귀포시 대정읍 글로벌에듀로 370,33.280620,126.278874,20220625093302,20220625084418,20220625093217,20220625084418,,,50,,,N,2,2
2530,상남아크로타워,JE040004,12,06,제주특별자치도 서귀포시 대정읍 글로벌에듀로 370,33.280620,126.278874,20220623011804,20220622093623,20220622093726,20220609174547,,,50,,,N,2,2
2531,상남아크로타워,JE040004,21,06,제주특별자치도 서귀포시 대정읍 글로벌에듀로 370,33.280620,126.278874,20220621112703,20220610084548,20220610094044,20220610084548,,,50,,,N,2,2
2532,상남아크로타워,JE040004,22,06,제주특별자치도 서귀포시 대정읍 글로벌에듀로 370,33.280620,126.278874,20220616104810,20220616085103,20220616092735,20220616085103,,,50,,,N,9,9
2533,덕천리연수원,JE040005,01,05,제주특별자치도 제주시 구좌읍 중산간동로 1941,33.48289,126.755527,20220625174501,20220625165632,20220625174203,20220625165632,,,50,,,Y,2,2
2534,덕천리연수원,JE040005,02,05,제주특별자치도 제주시 구좌읍 중산간동로 1941,33.48289,126.755527,20220625221501,20220625150839,20220625153203,20220625150839,,,50,,,Y,2,2
2535,풀빌라더시크릿 애월점,JE040006,01,05,제주특별자치도 제주시 애월읍 일주서로 6412-1,33.462768,126.339369,20220624012101,20220621162942,20220621164020,20220621162942,,,50,,,Y,2,2
2536,풀빌라더시크릿 애월점,JE040006,02,05,제주특별자치도 제주시 애월읍 일주서로 6412-1,33.462768,126.339369,20220625192101,20220625184837,20220625191955,20220625184837,,,50,,,Y,2,2
2537,풀빌라더시크릿 애월점,JE040006,03,05,제주특별자치도 제주시 애월읍 일주서로 6412-1,33.462768,126.339369,20220625181800,20220625174131,20220625181459,20220625174131,,,50,,,Y,2,2
2538,풀빌라더시크릿 애월점,JE040006,04,05,제주특별자치도 제주시 애월읍 일주서로 6412-1,33.462768,126.339369,20220625215100,20220625211517,20220625215003,20220625211517,,,50,,,Y,2,2
2539,풀빌라더시크릿 대정점,JE040007,01,05,제주특별자치도 서귀포시 대정읍 영락리 1551-2,33.245445,126.207378,20220625042101,20220624112133,20220624112134,20220622194359,,,50,,,Y,2,2
2540,풀빌라더시크릿 대정점,JE040007,02,05,제주특별자치도 서귀포시 대정읍 영락리 1551-2,33.245445,126.207378,20220625070002,20220617061810,20220617061811,20220428203705,,,50,,,Y,2,2
2541,풀빌라더시크릿 대정점,JE040007,04,05,제주특별자치도 서귀포시 대정읍 영락리 1551-2,33.245445,126.207378,20220625150001,20220622141532,20220622151916,20220622141532,,,50,,,Y,2,2
2542,오설록주차장,JE040008,01,02,제주특별자치도 서귀포시 안덕면 서광리 2489-49,33.304256,126.289545,20220625140902,20220625133640,20220625140603,20220625133640,,,50,,,Y,2,2
2543,오설록주차장,JE040008,02,02,제주특별자치도 서귀포시 안덕면 서광리 2489-49,33.304256,126.289545,20220625171501,20220625164328,20220625171331,20220625164328,,,50,,,Y,2,2
2544,오설록주차장,JE040008,03,02,제주특별자치도 서귀포시 안덕면 서광리 2489-49,33.304256,126.289545,20220625173603,20220624102345,20220624123010,20220624102345,,,50,,,Y,2,2
2545,오설록주차장,JE040008,04,02,제주특별자치도 서귀포시 안덕면 서광리 2489-49,33.304256,126.289545,20220625052102,20220624134029,20220624152808,20220624134029,,,50,,,Y,2,2
2546,오설록주차장,JE040008,05,02,제주특별자치도 서귀포시 안덕면 서광리 2489-49,33.304256,126.289545,20220625181802,20220625181408,20220625181538,20220518140014,,,50,,,Y,2,2
2547,오설록주차장,JE040008,06,02,제주특별자치도 서귀포시 안덕면 서광리 2489-49,33.304256,126.289545,20220625052102,20220606104623,20220606114459,20220606104623,,,50,,,Y,2,2
2548,오설록주차장,JE040008,07,02,제주특별자치도 서귀포시 안덕면 서광리 2489-49,33.304256,126.289545,20220625172402,20220625171327,20220625172139,20220625081136,,,50,,,Y,2,2
2549,오설록주차장,JE040008,08,02,제주특별자치도 서귀포시 안덕면 서광리 2489-49,33.304256,126.289545,20220625063602,20220624143311,20220624155735,20220624143311,,,50,,,Y,2,2
2550,오설록주차장,JE040008,09,02,제주특별자치도 서귀포시 안덕면 서광리 2489-49,33.304256,126.289545,20220625052102,20220624151451,20220624160913,20220624151451,,,50,,,Y,2,2
2551,오설록주차장,JE040008,10,02,제주특별자치도 서귀포시 안덕면 서광리 2489-49,33.304256,126.289545,20220625181501,20220625174942,20220625181315,20220625174942,,,50,,,Y,2,2
2552,네오마루,JE040033,03,05,제주특별자치도 제주시 1100로 3198-13,33.472803,126.485166,20220625113903,20220625111146,20220625113617,20220625111146,,,50,,,Y,2,2
2553,에코랜드,JE040034,01,05,제주특별자치도 제주시 조천읍 번영로 1278-169,33.455370,126.668863,20220625161802,20220625154719,20220625161509,20220625154719,,,50,,,Y,2,2
2554,에코랜드,JE040034,02,05,제주특별자치도 제주시 조천읍 번영로 1278-169,33.455370,126.668863,20220625115701,20220625103516,20220625115441,20220625103516,,,50,,,Y,2,2
2555,에코랜드,JE040034,03,05,제주특별자치도 제주시 조천읍 번영로 1278-169,33.455370,126.668863,20220625150002,20220625143431,20220625145919,20220625143431,,,50,,,Y,2,2
2556,뽀로로,JE040035,01,05,제주특별자치도 서귀포시 안덕면 병악로 269,33.300284,126.370768,20220625154201,20220625150709,20220625153937,20220625150709,,,50,,,Y,2,2
2557,뽀로로,JE040035,02,05,제주특별자치도 서귀포시 안덕면 병악로 269,33.300284,126.370768,20220625161502,20220625153136,20220625161219,20220625153136,,,50,,,Y,2,2
2558,뽀로로,JE040035,03,05,제주특별자치도 서귀포시 안덕면 병악로 269,33.300284,126.370768,20220625125402,20220625110653,20220625125331,20220625110653,,,50,,,Y,2,2
2559,오로라정원,JE040036,01,05,제주특별자치도 제주시 한림읍 금능남로 348,33.359551,126.248343,20211115174310,,,,,,50,,,Y,9,9
2560,오로라정원,JE040036,02,05,제주특별자치도 제주시 한림읍 금능남로 348,33.359551,126.248343,20211115170310,,,,,,50,,,Y,9,9
2561,오로라정원,JE040036,03,05,제주특별자치도 제주시 한림읍 금능남로 348,33.359551,126.248343,20211115174310,,,,,,50,,,Y,9,9
2562,유드림마트 오라점,JE040037,01,05,제주특별자치도 제주시 사평6길 4,33.492051,126.513394,20220625213002,20220625211139,20220625212744,20220625211139,,,50,,,Y,2,2
2563,액티브파크,JE040038,01,02,제주특별자치도 제주시 한림읍 금능남로 76,33.381220,126.236040,20220625235401,20220612084320,20220612151209,20220612084320,,,50,,,Y,2,2
2564,액티브파크,JE040038,02,02,제주특별자치도 제주시 한림읍 금능남로 76,33.381220,126.236040,20220624000601,20220623091700,20220623163625,20220623091700,,,50,,,Y,2,2
2565,액티브파크,JE040038,03,02,제주특별자치도 제주시 한림읍 금능남로 76,33.381220,126.236040,20220621105701,20220605135740,20220605160138,20220605135740,,,50,,,Y,2,2
2566,액티브파크,JE040038,04,02,제주특별자치도 제주시 한림읍 금능남로 76,33.381220,126.236040,20220625155401,20220619155724,20220619163053,20220619155724,,,50,,,Y,2,2
2567,액티브파크,JE040038,05,02,제주특별자치도 제주시 한림읍 금능남로 76,33.381220,126.236040,20220621110601,20220606114630,20220606122301,20220606114630,,,50,,,Y,2,2
2568,액티브파크,JE040038,06,02,제주특별자치도 제주시 한림읍 금능남로 76,33.381220,126.236040,20220604120301,20220604114027,20220604120116,20220604114027,,,50,,,Y,2,2
2569,액티브파크,JE040038,07,02,제주특별자치도 제주시 한림읍 금능남로 76,33.381220,126.236040,20220623151501,20220623144354,20220623151425,20220623144354,,,50,,,Y,2,2
2570,액티브파크,JE040038,08,02,제주특별자치도 제주시 한림읍 금능남로 76,33.381220,126.236040,20220610020304,20220607100438,20220607104359,20220607100438,,,50,,,Y,2,2
2571,액티브파크,JE040038,09,02,제주특별자치도 제주시 한림읍 금능남로 76,33.381220,126.236040,20220625170301,20220625153214,20220625170119,20220625153214,,,50,,,Y,2,2
2572,액티브파크,JE040038,10,02,제주특별자치도 제주시 한림읍 금능남로 76,33.381220,126.236040,20220625180901,20220625113319,20220625180647,20220625113319,,,50,,,Y,2,2
2573,액티브파크,JE040038,11,02,제주특별자치도 제주시 한림읍 금능남로 76,33.381220,126.236040,20220623181201,20220623084051,20220623180942,20220623084051,,,50,,,Y,2,2
2574,플레이롤러,JE040039,01,05,제주특별자치도 서귀포시 중산간동로 8348,33.261940,126.525237,20220625115102,20220619130031,20220619131907,20220619130031,,,50,,,Y,2,2
2575,플레이롤러,JE040039,02,05,제주특별자치도 서귀포시 중산간동로 8348,33.261940,126.525237,20220625183602,20220625175832,20220625183520,20220625175832,,,50,,,Y,2,2
2576,제주어른이집,JE040040,01,05,제주특별자치도 제주시 구좌읍 김녕로4길 30,33.552556,126.744062,20220624041802,20220611135418,20220611152648,20220611135418,,,50,,,Y,2,2
2577,애월포세이돈,JE040041,01,05,제주특별자치도 제주시 애월읍 고내로13길 76-20,33.469098,126.348813,20220625100601,20220625092416,20220625100420,20220625092416,,,50,,,Y,2,2
2578,애월포세이돈,JE040041,02,05,제주특별자치도 제주시 애월읍 고내로13길 76-20,33.469098,126.348813,20220625131802,20220624203157,20220624203529,20220624203157,,,50,,,Y,2,2
2579,류차이,JE040042,01,05,제주특별자치도 서귀포시 중문관광로 330,33.249640,126.431678,20220625200301,20220625195303,20220625200154,20220625195303,,,50,,,Y,2,2
2580,류차이,JE040042,02,05,제주특별자치도 서귀포시 중문관광로 330,33.249640,126.431678,20220625222701,20220625205739,20220625222521,20220625205739,,,50,,,Y,2,2
2581,상명EV충전소,JE040043,01,05,제주특별자치도 제주시,33.337664,126.233497,20220625175102,20220625171454,20220625175002,20220625171454,,,50,,,Y,2,2
2582,상명EV충전소,JE040043,02,05,제주특별자치도 제주시,33.337664,126.233497,20210406174310,,,,,,50,,,Y,9,9
2583,상명EV충전소,JE040043,03,05,제주특별자치도 제주시,33.337664,126.233497,20220625180004,20220625170113,20220625175949,20220625170113,,,50,,,Y,2,2
2584,메이즈랜드,JE040044,01,05,제주특별자치도 제주시,33.4900397,126.799963,20220623162702,20220623161607,20220623162435,20220623161607,,,50,,,Y,2,2
2585,메이즈랜드,JE040044,02,05,제주특별자치도 제주시,33.4900397,126.799963,20220624143602,20220624134839,20220624143330,20220624134839,,,50,,,Y,2,2
2586,메이즈랜드,JE040044,03,05,제주특별자치도 제주시,33.4900397,126.799963,20220625175402,20220625172528,20220625175334,20220625172528,,,50,,,Y,2,2
2587,메이즈랜드,JE040044,04,05,제주특별자치도 제주시,33.4900397,126.799963,20220621164502,20220621152552,20220621164338,20220621152552,,,50,,,Y,2,2
2588,메이즈랜드,JE040044,05,05,제주특별자치도 제주시,33.4900397,126.799963,20220625155102,20220625153257,20220625154818,20220625153257,,,50,,,Y,2,2
2589,닥마루식당,JE040045,01,05,제주특별자치도 제주시 한경면 중산간서로 3700,33.3346315,126.256406,20220625224501,20220625222007,20220625224430,20220625222007,,,50,,,Y,2,2
2590,이루다펜션,JE040046,01,05,제주특별자치도 서귀포시 대정읍 평화로 225,33.266978,126.295425,20220621110003,20220528190117,20220528192814,20220528190117,,,50,,,Y,2,2
2591,이루다펜션,JE040046,02,05,제주특별자치도 서귀포시 대정읍 평화로 225,33.266978,126.295425,20220624213310,20220608162849,20220608164143,20220608162849,,,50,,,Y,9,9
2592,이루다펜션,JE040046,03,05,제주특별자치도 서귀포시 대정읍 평화로 225,33.266978,126.295425,20220622070002,20220619085049,20220619085752,20220619085049,,,50,,,Y,2,2
2593,아라태홍파우누스,JE040047,01,05,제주특별자치도 제주시 516로 3092,33.4502316,126.554338,20220624194501,20220624191251,20220624194425,20220624191251,,,50,,,Y,2,2
2594,오후5시 두가지착각조차도 카페,JE040048,01,05,제주특별자치도 제주시 조천읍 조함해안로 273-37,33.5521632,126.648604,20220625131802,20220622080601,20220622080619,20220617132004,,,50,,,Y,2,2
2595,오후5시 두가지착각조차도 카페,JE040048,02,05,제주특별자치도 제주시 조천읍 조함해안로 273-37,33.5521632,126.648604,20220625131802,20220616115729,20220616131212,20220616115729,,,50,,,Y,2,2
2596,도두골든빌리지,JE040049,01,05,제주특별자치도 제주시 서해안로 146,33.5026292,126.465026,20220624142102,20220624140315,20220624142015,20220624140315,,,50,,,Y,2,2
2597,풀빌라소랑,JE040050,01,05,제주특별자치도 제주시 조천읍 곱은달남길 218,33.4924965,126.671669,20220624010900,20220624004604,20220624010648,20220624004604,,,50,,,Y,2,2
2598,풀빌라소랑,JE040050,02,05,제주특별자치도 제주시 조천읍 곱은달남길 218,33.4924965,126.671669,20220625213901,20220625210356,20220625213713,20220625210356,,,50,,,Y,2,2
2599,풀빌라소랑,JE040050,03,05,제주특별자치도 제주시 조천읍 곱은달남길 218,33.4924965,126.671669,20220623105810,20220617145420,20220617145421,20220124194829,,,50,,,Y,9,9
2600,태윤탁구클럽,JE040051,01,05,제주특별자치도 제주시 황사평6길 9-1,33.4970663,126.555991,20220625153601,20220625134748,20220625153307,20220625134748,,,50,,,Y,2,2
2601,대륜EV충전소,JE040052,01,05,제주특별자치도 제주시,33.4863863,126.575026,20220625131801,20220620183308,20220620185910,20220620183308,,,50,,,Y,2,2
2602,대륜EV충전소,JE040052,02,05,제주특별자치도 제주시,33.4863863,126.575026,20220624211501,20220624204431,20220624211434,20220624204431,,,50,,,Y,2,2
2603,대륜EV충전소,JE040052,03,05,제주특별자치도 제주시,33.4863863,126.575026,20220625131801,20220605162725,20220605170807,20220605162725,,,50,,,Y,2,2
2604,대륜EV충전소,JE040052,04,05,제주특별자치도 제주시,33.4863863,126.575026,20220126150310,20211212074543,20211212074544,20211208193559,,,50,,,Y,9,9
2605,대륜EV충전소,JE040052,05,05,제주특별자치도 제주시,33.4863863,126.575026,20220126151310,20211220161324,20211220165024,20211220161324,,,50,,,Y,9,9
2606,상명EV충전소2,JE040053,01,05,제주특별자치도 제주시 한림읍 금능농공길 48-11,33.3596544,126.242139,20220626000313,20220625154332,20220625160001,20220625154332,,,50,,,Y,2,2
2607,상명EV충전소2,JE040053,02,05,제주특별자치도 제주시 한림읍 금능농공길 48-11,33.3596544,126.242139,20220625131801,20220619085128,20220619090737,20220619085128,,,50,,,Y,2,2
2608,정인빌리지,JE040054,01,05,제주특별자치도 서귀포시 안덕면 동광로 95-1,33.3053735,126.337249,20220623094803,20220623093620,20220623094713,20220623093620,,,50,,,Y,2,2
2609,대륜EV충전소2,JE040055,01,05,제주특별자치도 제주시,33.4372065,126.370431,20220625131802,20220621074818,20220621083932,20220621074818,,,50,,,Y,2,2
2610,대륜EV충전소2,JE040055,02,05,제주특별자치도 제주시,33.4372065,126.370431,20220625205106,20220625202534,20220625205052,20220625202534,,,50,,,Y,2,2
2611,대륜EV충전소2,JE040055,03,05,제주특별자치도 제주시,33.4372065,126.370431,20220625201501,20220625194104,20220625201324,20220625194104,,,50,,,Y,2,2
2612,대륜EV충전소2,JE040055,04,05,제주특별자치도 제주시,33.4372065,126.370431,20220625131802,20220620155510,20220620160457,20220620155510,,,50,,,Y,2,2
2613,대륜EV충전소2,JE040055,05,05,제주특별자치도 제주시,33.4372065,126.370431,20220625154802,20220616070908,20220616070927,20220511192859,,,50,,,Y,2,2
2614,라온제나,JE040056,01,05,제주특별자치도 서귀포시 안덕면 사계로114번길 54-12,33.2424093,126.305043,20220625144501,20220625132427,20220625144332,20220625132427,,,50,,,Y,2,2
2615,라온제나,JE040056,02,05,제주특별자치도 서귀포시 안덕면 사계로114번길 54-12,33.2424093,126.305043,20220625143602,20220625133621,20220625143301,20220625133621,,,50,,,Y,2,2
2616,몬트마레,JE040057,01,05,제주특별자치도 서귀포시 안덕면 사계북로 192,33.2372768,126.307852,20220625122701,20220625112656,20220625122636,20220625112656,,,50,,,Y,2,2
2617,몬트마레,JE040057,02,05,제주특별자치도 서귀포시 안덕면 사계북로 192,33.2372768,126.307852,20220626000313,20220623175419,20220623190017,20220623175419,,,50,,,Y,2,2
2618,일품순두부 봉개점,JE040058,01,05,제주특별자치도 제주시 번영로 430,33.4929776,126.588541,20220625133601,20220624200411,20220624203532,20220624200411,,,50,,,Y,2,2
2619,일품순두부 봉개점,JE040058,02,05,제주특별자치도 제주시 번영로 430,33.4929776,126.588541,20220625213300,20220625205210,20220625213034,20220625205210,,,50,,,Y,2,2
2620,제주어향원,JE040059,01,05,제주특별자치도 서귀포시 남원읍 일주동로 6789-47,33.2900158,126.754378,20220624153001,20220624151557,20220624152904,20220624151557,,,50,,,Y,2,2
2621,탐라신들의고향,JE040060,01,05,제주특별자치도 제주시 조천읍 선교로 474,33.4638418,126.710481,20220625110302,20220625105352,20220625110139,20220625105352,,,50,,,Y,2,2
2622,푸르다오션펜션,JE040061,01,05,제주특별자치도 제주시 한림읍 월령3길 39-5,33.3794286,126.216445,20220625194201,20220625191917,20220625193942,20220625191917,,,50,,,Y,2,2
2623,푸르다오션펜션,JE040061,02,05,제주특별자치도 제주시 한림읍 월령3길 39-5,33.3794286,126.216445,20220620151201,20220620140440,20220620151039,20220620140440,,,50,,,Y,2,2
2624,하원마을쉼터,JE040062,01,05,제주특별자치도 서귀포시 1100로 740-52,33.3024965,126.463839,20220624232101,20220617125048,20220617130853,20220617125048,,,50,,,Y,2,2
2625,하원마을쉼터,JE040062,02,05,제주특별자치도 서귀포시 1100로 740-52,33.3024965,126.463839,20220624034202,20220623182343,20220623183943,20220623182343,,,50,,,Y,2,2
2626,빌리브노형,JE040063,01,06,제주특별자치도 제주시 월랑로2길 34,33.488517,126.482039,20220624093002,20220624080656,20220624092716,20220624080656,,,50,,,Y,2,2
2627,빌리브노형,JE040063,02,02,제주특별자치도 제주시 월랑로2길 34,33.488517,126.482039,20220624215102,20220624182201,20220624215040,20220624182201,,,50,,,Y,2,2
2628,빌리브노형,JE040063,03,02,제주특별자치도 제주시 월랑로2길 34,33.488517,126.482039,20220621105701,20220617102816,20220617122341,20220617102816,,,50,,,Y,2,2
2629,빌리브노형,JE040063,04,02,제주특별자치도 제주시 월랑로2길 34,33.488517,126.482039,20220625192701,20220625182923,20220625192647,20220625182923,,,50,,,Y,2,2
2630,토스카나호텔,JE040064,01,06,제주특별자치도 서귀포시 용흥로66번길 158-7,33.265540,126.483871,20220625175401,20220625165726,20220625174306,20220625165726,,,50,,,Y,2,2
2631,토스카나호텔,JE040064,02,02,제주특별자치도 서귀포시 용흥로66번길 158-7,33.265540,126.483871,20220625152401,20220625143923,20220625151428,20220625143923,,,50,,,Y,2,2
2632,토스카나호텔,JE040064,03,02,제주특별자치도 서귀포시 용흥로66번길 158-7,33.265540,126.483871,20220625192701,20220616215317,20220617023316,20220616215317,,,50,,,Y,3,3
2633,성산LH아파트,JE040065,01,06,제주특별자치도 서귀포시 성산읍 고성동서로 33,33.450431,126.909830,20220624112401,20220624095616,20220624110716,20220624095616,,,50,,,Y,2,2
2634,성산LH아파트,JE040065,02,02,제주특별자치도 서귀포시 성산읍 고성동서로 33,33.450431,126.909830,20220626000313,20220624141113,20220624164425,20220624141113,,,50,,,Y,2,2
2635,성산LH아파트,JE040065,03,02,제주특별자치도 서귀포시 성산읍 고성동서로 33,33.450431,126.909830,20220624082401,20220623221023,20220624081843,20220623221023,,,50,,,Y,2,2
2636,성산LH아파트,JE040065,04,02,제주특별자치도 서귀포시 성산읍 고성동서로 33,33.450431,126.909830,20220625220601,20220625215252,20220625220352,20220623181104,,,50,,,Y,2,2
2637,성산LH아파트,JE040065,05,02,제주특별자치도 서귀포시 성산읍 고성동서로 33,33.450431,126.909830,20220625185701,20220625143006,20220625184513,20220625143006,,,50,,,Y,3,3
2638,성산LH아파트,JE040065,06,02,제주특별자치도 서귀포시 성산읍 고성동서로 33,33.450431,126.909830,20220625233001,20220625181929,20220625232802,20220625181929,,,50,,,Y,2,2
2639,정원파인즈17차,JE040066,01,02,제주특별자치도 제주시 구산로6길 7,33.482924,126.539290,20220626000318,20220625140246,20220625172514,20220625140246,14,단독,50,,,Y,2,2
2640,정원파인즈17차,JE040066,02,02,제주특별자치도 제주시 구산로6길 7,33.482924,126.539290,20220625222402,20220625181650,20220625222159,20220625181650,14,단독,50,,,Y,2,2
2641,정원파인즈17차,JE040066,03,02,제주특별자치도 제주시 구산로6길 7,33.482924,126.539290,20220625071802,20220624193605,20220625071517,20220624193605,14,단독,50,,,Y,2,2
2642,정원파인즈17차,JE040066,04,02,제주특별자치도 제주시 구산로6길 7,33.482924,126.539290,20220625185402,20220625131753,20220625185221,20220625131753,14,단독,50,,,Y,2,2
2643,한림오션캐슬,JE040067,01,02,제주특별자치도 제주시 한림읍 한림로 554,33.406574,126.257551,20220625210904,20220625121833,20220625190636,20220625121833,,,50,,,Y,3,3
2644,김만일기념관,JE040068,01,06,제주특별자치도 서귀포시 남원읍 서성로 919,33.336141,126.690663,20220626000318,20220625211508,20220625215839,20220625211508,,,50,,,Y,2,2
2645,김만일기념관,JE040068,02,06,제주특별자치도 서귀포시 남원읍 서성로 919,33.336141,126.690663,20220625175102,20220625170023,20220625174847,20220625170023,,,50,,,Y,2,2
2646,김만일기념관,JE040068,03,02,제주특별자치도 서귀포시 남원읍 서성로 919,33.336141,126.690663,20220625192702,20220625185006,20220625192624,20220625185006,,,50,,,Y,2,2
2647,김만일기념관,JE040068,04,02,제주특별자치도 서귀포시 남원읍 서성로 919,33.336141,126.690663,20220623011804,20220612143037,20220612154916,20220612143037,,,50,,,Y,2,2
2648,김만일기념관,JE040068,05,02,제주특별자치도 서귀포시 남원읍 서성로 919,33.336141,126.690663,20220623011804,20220615130840,20220615143111,20220615130840,,,50,,,Y,2,2
2649,방선문빌리지 7차,JE040069,01,02,제주특별자치도 제주시 아란1길 28,33.475482,126.539861,20220625194501,20220625153946,20220625190247,20220625153946,,,50,,,Y,3,3
2650,제주도 광역폐기물 소각시설,JE040070,01,02,제주특별자치도 서귀포시 산록남로1241번길 163,33.308417,126.419881,20220621180901,20220621152140,20220621180239,20220621152140,,,50,,,Y,2,2
2651,제주도 광역폐기물 소각시설,JE040070,02,02,제주특별자치도 서귀포시 산록남로1241번길 163,33.308417,126.419881,20220624115701,20220624082606,20220624114953,20220624082606,,,50,,,Y,2,2
2652,상명EV충전소3,JE040071,01,05,제주특별자치도 제주시 서해안로 22-5,33.500011,126.457456,20220624133000,20220624130233,20220624132731,20220624130233,,,50,,,Y,2,2
2653,상명EV충전소3,JE040071,02,05,제주특별자치도 제주시 서해안로 22-5,33.500011,126.457456,20220624230000,20220624223550,20220624225839,20220624223550,,,50,,,Y,2,2
2654,상명EV충전소3,JE040071,03,05,제주특별자치도 제주시 서해안로 22-5,33.500011,126.457456,20220625085100,20220624131857,20220624134815,20220624131857,,,50,,,Y,2,2
2655,상명EV충전소3,JE040071,04,05,제주특별자치도 제주시 서해안로 22-5,33.500011,126.457456,20220625180600,20220625172123,20220625180220,20220625172123,,,50,,,Y,2,2
2656,상명EV충전소3,JE040071,05,05,제주특별자치도 제주시 서해안로 22-5,33.500011,126.457456,20220625103900,20220625101000,20220625103406,20220625101000,,,50,,,Y,2,2
2657,상명EV충전소3,JE040071,06,05,제주특별자치도 제주시 서해안로 22-5,33.500011,126.457456,20220625172400,20220625170915,20220625172215,20220625170915,,,50,,,Y,2,2
2658,상명EV충전소3,JE040071,07,05,제주특별자치도 제주시 서해안로 22-5,33.500011,126.457456,,,,,50,단독,50,,,Y,9,9
2659,상명EV충전소4,JE040072,01,05,제주특별자치도 제주시 도두이동 1021-1,33.501866,126.480612,20220624001201,,,,,,50,,,Y,2,2
2660,상명EV충전소4,JE040072,02,05,제주특별자치도 제주시 도두이동 1021-1,33.501866,126.480612,20220625205701,20220625191543,20220625204125,20220625191543,,,50,,,Y,2,2
2661,상명EV충전소4,JE040072,03,05,제주특별자치도 제주시 도두이동 1021-1,33.501866,126.480612,20220624094201,20220608163227,20220608165323,20220608163227,,,50,,,Y,2,2
2662,상명EV충전소4,JE040072,04,05,제주특별자치도 제주시 도두이동 1021-1,33.501866,126.480612,20220625141500,20220625133719,20220625141428,20220625133719,,,50,,,Y,2,2
2663,상명EV충전소4,JE040072,05,05,제주특별자치도 제주시 도두이동 1021-1,33.501866,126.480612,20220620034800,,,,,,50,,,Y,2,2
2664,상명EV충전소4,JE040072,06,05,제주특별자치도 제주시 도두이동 1021-1,33.501866,126.480612,20220621103905,20220609182615,20220609191650,20220609182615,,,50,,,Y,2,2
2665,상명EV충전소4,JE040072,07,05,제주특별자치도 제주시 도두이동 1021-1,33.501866,126.480612,20220623011802,,,,,,50,,,Y,2,2
2666,상명EV충전소4,JE040072,08,05,제주특별자치도 제주시 도두이동 1021-1,33.501866,126.480612,20220620021201,20220613144122,20220613144213,20220527140846,,,50,,,Y,2,2
2667,상명EV충전소4,JE040072,09,05,제주특별자치도 제주시 도두이동 1021-1,33.501866,126.480612,20220623011802,20220110190352,20220110191812,20220110190352,,,50,,,Y,2,2
2668,상명EV충전소4,JE040072,10,05,제주특별자치도 제주시 도두이동 1021-1,33.501866,126.480612,20220620044205,20220325173742,20220325175532,20220325173742,50,동시,50,,,Y,2,2
2669,롯데시네마 삼화지구,JE040073,01,05,제주특별자치도 제주시 삼양2동 1477-8,33.520365941,126.58812399,20220625200601,20220625181723,20220625200321,20220625181723,,,50,,,Y,2,2
2670,롯데시네마 삼화지구,JE040073,02,05,제주특별자치도 제주시 삼양2동 1477-8,33.520365941,126.58812399,20220625225701,20220625164549,20220625173648,20220625225539,,,50,,,Y,3,3
2671,롯데시네마 삼화지구,JE040073,03,05,제주특별자치도 제주시 삼양2동 1477-8,33.520365941,126.58812399,20220625184801,20220625181736,20220625184745,20220625181736,,,50,,,Y,2,2
2672,부영호텔리조트,JE040074,01,02,제주특별자치도 서귀포시 중문관광로 222,33.242551,126.423983,20220626000004,20220625204037,20220625234525,20220625204037,,,50,,,Y,2,2
2673,부영호텔리조트,JE040074,02,02,제주특별자치도 서귀포시 중문관광로 222,33.242551,126.423983,20220625203602,20220625154443,20220625171636,20220625154443,,,50,,,Y,3,3
2674,부영호텔리조트,JE040075,01,02,제주특별자치도 서귀포시 중문관광로 216,33.241755,126.422674,20220625220601,20220625170447,20220625174043,20220625170447,,,50,,,Y,3,3
2675,부영호텔리조트,JE040075,02,02,제주특별자치도 서귀포시 중문관광로 216,33.241755,126.422674,20220625202402,20220625154518,20220625194901,20220625154518,,,50,,,Y,3,3
2676,휘닉스아일랜드,JE040076,01,02,제주특별자치도 서귀포시 성산읍 섭지코지로 107,33.431567,126.929263,20220625155701,20220624171640,20220625141741,20220624171640,7,단독,50,,,Y,3,3
2677,휘닉스아일랜드,JE040076,02,02,제주특별자치도 서귀포시 성산읍 섭지코지로 107,33.431567,126.929263,20220625205701,20220625171657,20220625203908,20220625171657,7,단독,50,,,Y,3,3
2678,휘닉스아일랜드,JE040076,03,02,제주특별자치도 서귀포시 성산읍 섭지코지로 107,33.431567,126.929263,20220625230301,20220625200222,20220625223122,20220625200222,7,단독,50,,,Y,2,2
2679,국립종자원 제주지원,JE040077,01,02,제주특별자치도 제주시 구좌읍 송당6길 164,33.455687,126.779892,20220624173901,20220624102224,20220624173709,20220624102224,,,50,,,Y,2,2
2680,국립종자원 제주지원,JE040077,02,02,제주특별자치도 제주시 구좌읍 송당6길 164,33.455687,126.779892,20220625040601,20220603125932,20220603134421,20220603125932,,,50,,,Y,2,2
2681,테라팰리스,JE040078,01,06,제주특별자치도 서귀포시 서문로 52,33.2479036,126.5568807,20220625203000,20220328191039,20220328213048,20220328191039,50,단독,50,,,Y,2,2
2682,테라팰리스,JE040078,02,02,제주특별자치도 서귀포시 서문로 52,33.2479036,126.5568807,20220626000308,20220114130739,20220114140102,20220114130739,7,단독,50,,,Y,1,1
2683,테라팰리스,JE040078,03,02,제주특별자치도 서귀포시 서문로 52,33.2479036,126.5568807,20220626000308,,,,7,단독,50,,,Y,1,1
2684,테라팰리스,JE040078,04,02,제주특별자치도 서귀포시 서문로 52,33.2479036,126.5568807,20220626000308,20220622100754,20220622110542,20220622100754,7,단독,50,,,Y,1,1
2685,테라팰리스,JE040078,05,02,제주특별자치도 서귀포시 서문로 52,33.2479036,126.5568807,20220626000308,20220620115443,20220620115456,20220517201426,7,단독,50,,,Y,1,1
2686,브이엔지 빌딩,JE040079,01,02,제주특별자치도 제주시 일주동로 187,33.518976,126.565507,20220625033901,20220624204030,20220624210907,20220624204030,,,50,,,Y,2,2
2687,브이엔지 빌딩,JE040079,02,02,제주특별자치도 제주시 일주동로 187,33.518976,126.565507,,,,,,,50,,,Y,9,9
2688,연동백강스위트엠 아파트1차,JE040080,01,02,제주특별자치도 제주시 연동4길 12-12,33.485125,126.486532,20220625185401,20220624195710,20220625185349,20220624195710,,단독,50,,,Y,2,2
2689,연동백강스위트엠 아파트1차,JE040080,02,02,제주특별자치도 제주시 연동4길 12-12,33.485125,126.486532,20220623011805,20220621185702,20220621205230,20220621185702,,단독,50,,,Y,2,2
2690,연동백강스위트엠 아파트1차,JE040080,03,02,제주특별자치도 제주시 연동4길 12-12,33.485125,126.486532,20220623011805,20220621174259,20220621182717,20220621174259,,단독,50,,,Y,2,2
2691,연동백강스위트엠 아파트1차,JE040080,04,02,제주특별자치도 제주시 연동4길 12-12,33.485125,126.486532,20220623011804,20220618001152,20220618014240,20220618001152,,단독,50,,,Y,2,2
2692,연동백강스위트엠 아파트1차,JE040080,05,02,제주특별자치도 제주시 연동4길 12-12,33.485125,126.486532,20220623011804,20220617193745,20220618105524,20220617193745,,단독,50,,,Y,2,2
2693,연동백강스위트엠 아파트1차,JE040080,06,02,제주특별자치도 제주시 연동4길 12-12,33.485125,126.486532,20220623011804,20220520212458,20220521114650,20220520212458,,단독,50,,,Y,2,2
2694,연동백강스위트엠 아파트1차,JE040080,07,02,제주특별자치도 제주시 연동4길 12-12,33.485125,126.486532,20220625015402,20220624220344,20220625014547,20220624220344,,단독,50,,,Y,2,2
2695,제주지방해양경찰청,JE040081,01,06,제주특별자치도 제주시 구산로 65,33.486368,126.540977,20220623201500,20220623185419,20220623201355,20220623185419,50,단독,50,,,Y,2,2
2696,아라민형파인즈,JE040082,01,02,제주특별자치도 제주시 구산로6길 9,33.4825155,126.5394836,20220621121200,20220520083511,20220520083622,20220507130017,7,동시,50,,,Y,2,2
2697,아라민형파인즈,JE040082,02,02,제주특별자치도 제주시 구산로6길 9,33.4825155,126.5394836,20220621115700,20220614011122,20220614094201,20220614011122,7,동시,50,,,Y,2,2
2698,아라민형파인즈,JE040082,03,02,제주특별자치도 제주시 구산로6길 9,33.4825155,126.5394836,20220625041200,20220625015512,20220625034630,20220625015512,7,동시,50,,,Y,2,2
2699,아라민형파인즈,JE040082,04,02,제주특별자치도 제주시 구산로6길 9,33.4825155,126.5394836,20220623011805,20220619025433,20220619043021,20220619025433,7,동시,50,,,Y,2,2
2700,다움산업개발,JE040083,01,02,제주특별자치도 제주시 고다시길 17,33.462187,126.52652,20220625131201,20220625122103,20220625130929,20220625122103,7,단독,50,,,Y,2,2
2701,제주펜션오다,JE040084,01,06,제주특별자치도 제주시 서해안로 452,33.51799502,126.48772575,20220625193901,20220625184443,20220625193637,20220625184443,50,단독,50,,,Y,2,2
2702,제주스누피가든,JE040085,01,06,제주특별자치도 제주시 구좌읍 금백조로 930,33.444116,126.778,20220625200901,20220625190830,20220625200616,20220625190830,50,단독,50,,,Y,2,2
2703,제주스누피가든,JE040085,02,02,제주특별자치도 제주시 구좌읍 금백조로 930,33.444116,126.778,20220625190900,20220625174049,20220625190635,20220625174049,7,단독,50,,,Y,2,2
2704,한국생산기술연구원,JE040086,01,02,제주특별자치도 제주시 제주대학로 102,33.45180,126.56677,20220626000308,20220623142353,20220623180328,20220623142353,7,단독,50,,,Y,1,1
2705,한국생산기술연구원,JE040086,02,02,제주특별자치도 제주시 제주대학로 102,33.45180,126.56677,20220626000308,20220624145009,20220624174444,20220624145009,7,단독,50,,,Y,1,1
2706,한국생산기술연구원,JE040086,03,02,제주특별자치도 제주시 제주대학로 102,33.45180,126.56677,20220620043310,20220609083551,20220609180728,20220609083551,7,단독,50,,,Y,9,9
2707,한국생산기술연구원,JE040086,04,02,제주특별자치도 제주시 제주대학로 102,33.45180,126.56677,20220625212700,20220625140304,20220625184457,20220625140304,7,단독,50,,,Y,3,3
2708,농업회사법인 다락,JE040087,01,02,제주특별자치도 제주시 애월읍 애월해안로 284,33.469560122,126.34094786,20220621213004,20220621195632,20220621211339,20220621195632,7,단독,50,,,Y,2,2
2709,농업회사법인 다락,JE040087,02,02,제주특별자치도 제주시 애월읍 애월해안로 284,33.469560122,126.34094786,20220625211201,20220625193346,20220625205052,20220625193346,7,단독,50,,,Y,2,2
2710,로그인렌트카1,JE040088,01,04,제주특별자치도 제주시 다호북길 111,33.5026881,126.4865317,20220623113310,20220623103208,20220623103802,20220623103208,50,단독,50,,,Y,9,9
2711,로그인렌트카1,JE040088,02,04,제주특별자치도 제주시 다호북길 111,33.5026881,126.4865317,20220625204202,20220625194233,20220625203914,20220625194233,50,단독,50,,,Y,2,2
2712,로그인렌트카1,JE040088,03,04,제주특별자치도 제주시 다호북길 111,33.5026881,126.4865317,20220625183002,20220625175422,20220625182820,20220625175422,50,단독,50,,,Y,2,2
2713,로그인렌트카2,JE040089,01,04,제주특별자치도 제주시 다호북길 111,33.5026881,126.4865317,20220625205401,20220625195550,20220625205221,20220625195550,50,단독,50,,,Y,2,2
2714,로그인렌트카2,JE040089,02,04,제주특별자치도 제주시 다호북길 111,33.5026881,126.4865317,20220625193000,20220625183836,20220625192807,20220625183836,50,단독,50,,,Y,2,2
2715,정원파인즈18차,JE040090,01,02,제주특별자치도 제주시 구산로 32,33.483144837,126.53872590,20220625215702,20220624084343,20220624113607,20220624084343,7,단독,50,,,Y,3,3
2716,정원파인즈18차,JE040090,02,02,제주특별자치도 제주시 구산로 32,33.483144837,126.53872590,20220624160602,20220526084017,20220526113237,20220526084017,7,단독,50,,,Y,2,2
2717,정원파인즈18차,JE040090,03,02,제주특별자치도 제주시 구산로 32,33.483144837,126.53872590,20220623210602,20220401185927,20220402000958,20220401185927,7,단독,50,,,Y,2,2
2718,정원파인즈18차,JE040090,04,02,제주특별자치도 제주시 구산로 32,33.483144837,126.53872590,20220623212103,20220606174854,20220606224546,20220606174854,7,단독,50,,,Y,2,2
2719,정원파인즈18차,JE040090,05,02,제주특별자치도 제주시 구산로 32,33.483144837,126.53872590,20220625230902,20220623225342,20220624034709,20220623225342,7,단독,50,,,Y,2,2
2720,천마에버하임오션,JE040091,01,02,제주특별자치도 제주시 조천읍 함덕5길 14,33.544643377,126.65918644,20220625212700,20220620171651,20220621060313,20220620171651,7,단독,50,,,Y,3,2
2721,천마에버하임오션,JE040091,02,02,제주특별자치도 제주시 조천읍 함덕5길 14,33.544643377,126.65918644,20220623011805,20220221181619,20220222082208,20220221181619,7,단독,50,,,Y,2,2
2722,천마에버하임오션,JE040091,03,02,제주특별자치도 제주시 조천읍 함덕5길 14,33.544643377,126.65918644,20220625220900,20220606184936,20220607083852,20220606184936,7,단독,50,,,Y,2,2
2723,라온제나삼도오피스텔,JE040094,01,02,제주특별자치도 제주시 탑동로13길 39,33.51691,126.52084,20220624074501,20220623185419,20220624073939,20220623185419,7,단독,50,,,Y,2,2
2724,라온제나삼도오피스텔,JE040094,02,02,제주특별자치도 제주시 탑동로13길 39,33.51691,126.52084,20220624134802,20220624102151,20220624131350,20220624102151,7,단독,50,,,Y,2,2
2725,라온제나삼도오피스텔,JE040094,03,02,제주특별자치도 제주시 탑동로13길 39,33.51691,126.52084,20220622230302,20220622163324,20220622230225,20220622163324,7,단독,50,,,Y,2,2
2726,라온제나삼도오피스텔,JE040094,04,02,제주특별자치도 제주시 탑동로13길 39,33.51691,126.52084,20220624123602,20220622160603,20220624123109,20220622160603,7,단독,50,,,Y,2,2
2727,제주에듀루치올라,JE040095,01,02,제주특별자치도 제주시 한경면 대한로 791,33.297419831,126.24301154,20220623011804,20220601092806,20220601105338,20220601092806,7,단독,50,,,Y,2,2
2728,제주에듀루치올라,JE040095,02,02,제주특별자치도 제주시 한경면 대한로 791,33.297419831,126.24301154,20220621172102,20220311144045,20220311144105,,7,단독,50,,,Y,2,2
2729,제주에듀루치올라,JE040095,03,02,제주특별자치도 제주시 한경면 대한로 791,33.297419831,126.24301154,20220623011804,,,,7,단독,50,,,Y,2,2
2730,제주에듀루치올라,JE040095,04,02,제주특별자치도 제주시 한경면 대한로 791,33.297419831,126.24301154,20220621175102,,,,7,단독,50,,,Y,2,2
2731,제주에듀루치올라,JE040095,05,02,제주특별자치도 제주시 한경면 대한로 791,33.297419831,126.24301154,20220625105102,20220604165330,20220604194601,20220604165330,7,단독,50,,,Y,2,2
2732,제주에듀루치올라,JE040095,06,02,제주특별자치도 제주시 한경면 대한로 791,33.297419831,126.24301154,20220625110602,20220404130735,20220404133837,20220404130735,7,단독,50,,,Y,2,2
2733,제주에듀루치올라,JE040095,07,02,제주특별자치도 제주시 한경면 대한로 791,33.297419831,126.24301154,20220625105102,20220624204840,20220625092730,20220624204840,7,단독,50,,,Y,3,3
2734,제주에듀루치올라,JE040095,08,02,제주특별자치도 제주시 한경면 대한로 791,33.297419831,126.24301154,20220621172102,20220617182212,20220618094341,20220617182212,7,단독,50,,,Y,2,2
2735,제주에듀루치올라,JE040095,09,02,제주특별자치도 제주시 한경면 대한로 791,33.297419831,126.24301154,20220621164802,20220311151113,20220311151144,,7,단독,50,,,Y,2,2
2736,제주에듀루치올라,JE040095,10,02,제주특별자치도 제주시 한경면 대한로 791,33.297419831,126.24301154,20220621172102,20220311151522,20220311151548,,7,단독,50,,,Y,2,2
2737,제주에듀루치올라,JE040095,11,02,제주특별자치도 제주시 한경면 대한로 791,33.297419831,126.24301154,20220621172102,20220311152419,20220311152718,,7,단독,50,,,Y,2,2
2738,제주에듀루치올라,JE040095,12,02,제주특별자치도 제주시 한경면 대한로 791,33.297419831,126.24301154,20220621171802,20220311153731,20220311153759,,7,단독,50,,,Y,2,2
2739,제주유통,JE040097,01,02,제주특별자치도 제주시 연북로 700,33.493960190,126.55122455,20220623110602,20220623110448,20220623110524,20220623105906,7,단독,50,,,Y,2,2
2740,제주유통,JE040097,02,02,제주특별자치도 제주시 연북로 700,33.493960190,126.55122455,20220625101202,20220625085817,20220625101059,20220625085817,7,단독,50,,,Y,2,2
2741,영남맨션,JE040098,01,02,제주특별자치도 제주시 독짓골6길 18,33.491609257,126.53165336,20220624000003,20220623182101,20220623235452,20220623182101,7,단독,50,,,Y,2,2
2742,영남맨션,JE040098,02,02,제주특별자치도 제주시 독짓골6길 18,33.491609257,126.53165336,20220625223602,20220615084709,20220615105200,20220615084709,7,단독,50,,,Y,3,3
2743,건입동 행복주택,JE040099,01,02,제주특별자치도 제주시 임항로 77,33.51762,126.53311,20220623193602,20220623165206,20220623193535,20220623165206,7,단독,50,,,Y,2,2
2744,건입동 행복주택,JE040099,02,02,제주특별자치도 제주시 임항로 77,33.51762,126.53311,20220625113003,20220625111133,20220625112855,20220612203038,7,단독,50,,,Y,2,2
2745,화북신축체육센터,JE040100,01,02,제주특별자치도 제주시 청풍남8길 54,33.51494,126.57148,20220625162104,20220625141359,20220625161443,20220625141359,7,단독,50,,,Y,2,2
2746,화북신축체육센터,JE040100,02,02,제주특별자치도 제주시 청풍남8길 54,33.51494,126.57148,20220623011806,20220413114848,20220413115202,,7,단독,50,,,Y,2,2
2747,화북신축체육센터,JE040100,03,02,제주특별자치도 제주시 청풍남8길 54,33.51494,126.57148,20220625235702,20220625012657,20220625111309,20220625012657,7,단독,50,,,Y,2,2
2748,노형 휴안 2차,JE040103,01,02,제주특별자치도 제주시 월산북길 43-8,33.476300783,126.46166753,20220624152402,20220624123342,20220624150111,20220624123342,7,단독,50,,,Y,2,2
2749,노형 휴안 2차,JE040103,02,02,제주특별자치도 제주시 월산북길 43-8,33.476300783,126.46166753,20220625180302,20220625154710,20220625175956,20220625154710,7,단독,50,,,Y,2,2
2750,노형 휴안 3차,JE040104,01,02,제주특별자치도 제주시 도평동 53-1,33.47614,126.460949,20220625085402,20220624163244,20220624202648,20220624163244,7,단독,50,,,Y,2,2
2751,노형 휴안 3차,JE040104,02,02,제주특별자치도 제주시 도평동 53-1,33.47614,126.460949,20220625125103,20220621214148,20220621221609,20220621214148,7,단독,50,,,Y,2,2
2752,신화월드 메리어트관 전기차충전소,JE043001,01,02,제주특별자치도 서귀포시 안덕면 신화역사로304번길 38,33.3083,126.3193,20220621104500,20220117205013,20220117213856,20220117205013,,,50,,,Y,2,2
2753,신화월드 메리어트관 전기차충전소,JE043001,02,05,제주특별자치도 서귀포시 안덕면 신화역사로304번길 38,33.3083,126.3193,20220625233302,20220624212031,20220624215812,20220625233011,,,50,,,Y,3,3
2754,신화월드 메리어트관 전기차충전소,JE043001,03,02,제주특별자치도 서귀포시 안덕면 신화역사로304번길 38,33.3083,126.3193,20220625220300,20220625153456,20220625153609,20220625125230,,,50,,,Y,3,3
2755,신화월드 메리어트관 전기차충전소,JE043001,04,02,제주특별자치도 서귀포시 안덕면 신화역사로304번길 38,33.3083,126.3193,20220625184200,20220625150304,20220625184011,20220625150304,,,50,,,Y,2,2
2756,신화월드 메리어트관 전기차충전소,JE043001,05,02,제주특별자치도 서귀포시 안덕면 신화역사로304번길 38,33.3083,126.3193,20220610022400,20220505124207,20220505142732,20220505124207,,,50,,,Y,2,2
2757,신화월드 메리어트관 전기차충전소,JE043001,06,02,제주특별자치도 서귀포시 안덕면 신화역사로304번길 38,33.3083,126.3193,20220610022400,20220315110046,20220315213758,20220315110046,,,50,,,Y,2,2
2758,신화월드 메리어트관 전기차충전소,JE043001,07,02,제주특별자치도 서귀포시 안덕면 신화역사로304번길 38,33.3083,126.3193,20220625025700,20220624204317,20220625025551,20220624204317,,,50,,,Y,2,2
2759,신화월드 메리어트관 전기차충전소,JE043001,08,02,제주특별자치도 서귀포시 안덕면 신화역사로304번길 38,33.3083,126.3193,20220621105100,20220213203745,20220214094722,20220213203745,,,50,,,Y,2,2
2760,신화월드 메리어트관 전기차충전소,JE043001,09,02,제주특별자치도 서귀포시 안덕면 신화역사로304번길 38,33.3083,126.3193,20220625203000,20220123115241,20220123115252,,,,50,,,Y,3,3
2761,신화월드 메리어트관 전기차충전소,JE043001,10,02,제주특별자치도 서귀포시 안덕면 신화역사로304번길 38,33.3083,126.3193,20220621104500,,,,,,50,,,Y,2,2
2762,신화월드 메리어트관 전기차충전소,JE043001,11,02,제주특별자치도 서귀포시 안덕면 신화역사로304번길 38,33.3083,126.3193,20210615153810,,,,,,50,,,Y,9,9
2763,신화월드 메리어트관 전기차충전소,JE043001,12,05,제주특별자치도 서귀포시 안덕면 신화역사로304번길 38,33.3083,126.3193,20220625154801,20220625144857,20220625154541,20220625144857,,,50,,,Y,2,2
2764,신화월드 메리어트관 전기차충전소,JE043001,13,02,제주특별자치도 서귀포시 안덕면 신화역사로304번길 38,33.3083,126.3193,20220625210300,20220625195440,20220625205744,20220625195440,,,50,,,Y,3,3
2765,신화월드 메리어트관 전기차충전소,JE043001,14,02,제주특별자치도 서귀포시 안덕면 신화역사로304번길 38,33.3083,126.3193,20220625230001,20220625152116,20220625175510,20220625152116,,,50,,,Y,3,3
2766,신화월드 메리어트관 전기차충전소,JE043001,15,02,제주특별자치도 서귀포시 안덕면 신화역사로304번길 38,33.3083,126.3193,20220625195400,20220625170415,20220625170430,20220624194702,,,50,,,Y,3,3
2767,신화월드 메리어트관 전기차충전소,JE043001,16,02,제주특별자치도 서귀포시 안덕면 신화역사로304번길 38,33.3083,126.3193,20220625231800,20220623205556,20220623222625,20220623205556,,,50,,,Y,3,3
2768,신화월드 메리어트관 전기차충전소,JE043001,17,02,제주특별자치도 서귀포시 안덕면 신화역사로304번길 38,33.3083,126.3193,20220622194500,20220622171735,20220622194228,20220622171735,,,50,,,Y,2,2
2769,신화월드 메리어트관 전기차충전소,JE043001,18,02,제주특별자치도 서귀포시 안덕면 신화역사로304번길 38,33.3083,126.3193,20220610022401,20220227191652,20220227205834,20220227191652,,,50,,,Y,2,2
2770,신화월드 메리어트관 전기차충전소,JE043001,19,02,제주특별자치도 서귀포시 안덕면 신화역사로304번길 38,33.3083,126.3193,20220621105100,20220215090436,20220215131324,20220215090436,,,50,,,Y,2,2
2771,신화월드 랜딩관 전기차충전소,JE043002,01,02,제주특별자치도 서귀포시 안덕면 신화역사로304번길 38,33.3045,126.3180,20220621105100,20220426222455,20220427093500,20220426222455,,,50,,,Y,2,2
2772,신화월드 랜딩관 전기차충전소,JE043002,02,05,제주특별자치도 서귀포시 안덕면 신화역사로304번길 38,33.3045,126.3180,20220625193000,20220625180004,20220625192740,20220625180004,,,50,,,Y,2,2
2773,신화월드 랜딩관 전기차충전소,JE043002,03,02,제주특별자치도 서귀포시 안덕면 신화역사로304번길 38,33.3045,126.3180,20220626000309,20220625202557,20220625220530,20220625202557,,,50,,,Y,3,3
2774,신화월드 랜딩관 전기차충전소,JE043002,04,02,제주특별자치도 서귀포시 안덕면 신화역사로304번길 38,33.3045,126.3180,20220625220601,20220625193523,20220625220345,20220625193523,,,50,,,Y,2,2
2775,신화월드 랜딩관 전기차충전소,JE043002,05,02,제주특별자치도 서귀포시 안덕면 신화역사로304번길 38,33.3045,126.3180,20220624165701,20220624134133,20220624165546,20220624134133,,,50,,,Y,2,2
2776,신화월드 랜딩관 전기차충전소,JE043002,06,02,제주특별자치도 서귀포시 안덕면 신화역사로304번길 38,33.3045,126.3180,20220625124801,20220625120431,20220625124542,20220625120431,,,50,,,Y,2,2
2777,신화월드 랜딩관 전기차충전소,JE043002,11,02,제주특별자치도 서귀포시 안덕면 신화역사로304번길 38,33.3045,126.3180,20220621105100,20220313170741,20220314080146,20220313170741,,,50,,,Y,2,2
2778,신화월드 랜딩관 전기차충전소,JE043002,12,05,제주특별자치도 서귀포시 안덕면 신화역사로304번길 38,33.3045,126.3180,20220625193900,20220625185849,20220625193744,20220625185849,,,50,,,Y,2,2
2779,신화월드 랜딩관 전기차충전소,JE043002,13,02,제주특별자치도 서귀포시 안덕면 신화역사로304번길 38,33.3045,126.3180,20220625225700,20220625193938,20220625225438,20220625193938,,,50,,,Y,2,2
2780,신화월드 랜딩관 전기차충전소,JE043002,14,02,제주특별자치도 서귀포시 안덕면 신화역사로304번길 38,33.3045,126.3180,20220625233001,20220625214743,20220625232826,20220625214743,,,50,,,Y,2,2
2781,신화월드 랜딩관 전기차충전소,JE043002,15,02,제주특별자치도 서귀포시 안덕면 신화역사로304번길 38,33.3045,126.3180,20220625201200,20220625181953,20220625193910,20220625181953,,,50,,,Y,3,3
2782,신화월드 랜딩관 전기차충전소,JE043002,16,02,제주특별자치도 서귀포시 안덕면 신화역사로304번길 38,33.3045,126.3180,20220621105700,20220612184501,20220612193928,20220612184501,,,50,,,Y,2,2
2783,신화월드 랜딩관 전기차충전소,JE043002,21,02,제주특별자치도 서귀포시 안덕면 신화역사로304번길 38,33.3045,126.3180,20220622223900,20220622144731,20220622223818,20220622144731,,,50,,,Y,2,2
2784,신화월드 랜딩관 전기차충전소,JE043002,22,02,제주특별자치도 서귀포시 안덕면 신화역사로304번길 38,33.3045,126.3180,20220624153600,20220624103852,20220624153529,20220624103852,,,50,,,Y,2,2
2785,신화월드 랜딩관 전기차충전소,JE043002,23,02,제주특별자치도 서귀포시 안덕면 신화역사로304번길 38,33.3045,126.3180,20220613224500,20220613103552,20220613224317,20220613103552,,,50,,,Y,2,2
2786,신화월드 랜딩관 전기차충전소,JE043002,24,02,제주특별자치도 서귀포시 안덕면 신화역사로304번길 38,33.3045,126.3180,20220616224500,20220616103136,20220616224252,20220616103136,,,50,,,Y,2,2
2787,신화월드 랜딩관 전기차충전소,JE043002,25,02,제주특별자치도 서귀포시 안덕면 신화역사로304번길 38,33.3045,126.3180,20220621105100,20220526183327,20220526204948,20220526183327,,,50,,,Y,2,2
2788,신화월드 랜딩관 전기차충전소,JE043002,26,02,제주특별자치도 서귀포시 안덕면 신화역사로304번길 38,33.3045,126.3180,20220621105100,20220523095605,20220523220352,20220523095605,,,50,,,Y,2,2
2789,신화월드 랜딩관 전기차충전소,JE043002,27,02,제주특별자치도 서귀포시 안덕면 신화역사로304번길 38,33.3045,126.3180,20220621105100,20220409173045,20220409210217,20220409173045,,,50,,,Y,2,2
2790,신화월드 랜딩관 전기차충전소,JE043002,28,02,제주특별자치도 서귀포시 안덕면 신화역사로304번길 38,33.3045,126.3180,20220621105100,20220104113942,20220104123434,20220104113942,,,50,,,Y,2,2
2791,신화월드 테마파크 C-1구역 전기차충전소,JE043003,01,02,제주특별자치도 서귀포시 안덕면 신화역사로304번길 38,33.3035,126.3165,20220625204500,20220625193834,20220625204243,20220625193834,,,50,,,Y,2,2
2792,신화월드 테마파크 C-1구역 전기차충전소,JE043003,02,02,제주특별자치도 서귀포시 안덕면 신화역사로304번길 38,33.3035,126.3165,20220625200000,20220625191019,20220625195811,20220625191019,,,50,,,Y,2,2
2793,신화월드 테마파크 C-1구역 전기차충전소,JE043003,03,02,제주특별자치도 서귀포시 안덕면 신화역사로304번길 38,33.3035,126.3165,20220610022103,20220425123608,20220425181829,20220425123608,,,50,,,Y,2,2
2794,신화월드 테마파크 C-1구역 전기차충전소,JE043003,04,02,제주특별자치도 서귀포시 안덕면 신화역사로304번길 38,33.3035,126.3165,20220618174500,20220618134630,20220618174432,20220618134630,,,50,,,Y,2,2
2795,신화월드 테마파크 C-1구역 전기차충전소,JE043003,05,02,제주특별자치도 서귀포시 안덕면 신화역사로304번길 38,33.3035,126.3165,20220506141502,20220430150153,20220430221837,20220430150153,,,50,,,Y,2,2
2796,신화월드 테마파크 C-1구역 전기차충전소,JE043003,06,02,제주특별자치도 서귀포시 안덕면 신화역사로304번길 38,33.3035,126.3165,20220622050900,20220621204607,20220622050703,20220621204607,,,50,,,Y,2,2
2797,신화월드 테마파크 C-4구역 전기차충전소,JE043004,01,02,제주특별자치도 서귀포시 안덕면 신화역사로304번길 38,33.3029,126.3158,20220623182402,20220623084207,20220623182117,20220623084207,,,50,,,Y,2,2
2798,신화월드 테마파크 C-4구역 전기차충전소,JE043004,02,02,제주특별자치도 서귀포시 안덕면 신화역사로304번길 38,33.3029,126.3158,20220625161802,20220625074443,20220625161710,20220625074443,,,50,,,Y,2,2
2799,신화월드 테마파크 C-4구역 전기차충전소,JE043004,03,02,제주특별자치도 서귀포시 안덕면 신화역사로304번길 38,33.3029,126.3158,20220624182104,20220624085459,20220624181836,20220624085459,,,50,,,Y,2,2
2800,신화월드 테마파크 C-4구역 전기차충전소,JE043004,04,02,제주특별자치도 서귀포시 안덕면 신화역사로304번길 38,33.3029,126.3158,20220610094203,20220610093819,20220610094040,20220408152749,,,50,,,Y,2,2
2801,신화월드 테마파크 C-4구역 전기차충전소,JE043004,05,02,제주특별자치도 서귀포시 안덕면 신화역사로304번길 38,33.3029,126.3158,20220610021803,,,,,,50,,,Y,2,2
2802,신화월드 테마파크 C-4구역 전기차충전소,JE043004,06,02,제주특별자치도 서귀포시 안덕면 신화역사로304번길 38,33.3029,126.3158,20220610022106,,,,,,50,,,Y,2,2
2803,신화월드 테마파크 C-4구역 전기차충전소,JE043004,07,02,제주특별자치도 서귀포시 안덕면 신화역사로304번길 38,33.3029,126.3158,20220621105101,,,,,,50,,,Y,2,2
2804,신화월드 테마파크 C-4구역 전기차충전소,JE043004,08,02,제주특별자치도 서귀포시 안덕면 신화역사로304번길 38,33.3029,126.3158,20220621105101,,,,,,50,,,Y,2,2
2805,신화월드 테마파크 C-4구역 전기차충전소,JE043004,11,02,제주특별자치도 서귀포시 안덕면 신화역사로304번길 38,33.3029,126.3158,20220623173601,20220623124303,20220623173556,20220623124303,,,50,,,Y,2,2
2806,신화월드 테마파크 C-4구역 전기차충전소,JE043004,12,02,제주특별자치도 서귀포시 안덕면 신화역사로304번길 38,33.3029,126.3158,20220621104500,20220505100431,20220505124444,20220505100431,,,50,,,Y,2,2
2807,신화월드 테마파크 C-4구역 전기차충전소,JE043004,13,02,제주특별자치도 서귀포시 안덕면 신화역사로304번길 38,33.3029,126.3158,20220610165101,20220610083944,20220610164815,20220610083944,,,50,,,Y,2,2
2808,신화월드 테마파크 C-4구역 전기차충전소,JE043004,14,02,제주특별자치도 서귀포시 안덕면 신화역사로304번길 38,33.3029,126.3158,20220624180601,20220624160408,20220624180417,20220624160408,,,50,,,Y,2,2
2809,신화월드 테마파크 C-4구역 전기차충전소,JE043004,15,02,제주특별자치도 서귀포시 안덕면 신화역사로304번길 38,33.3029,126.3158,20220621172400,20220621085530,20220621160329,20220621085530,,,50,,,Y,2,2
2810,신화월드 테마파크 C-4구역 전기차충전소,JE043004,16,02,제주특별자치도 서귀포시 안덕면 신화역사로304번길 38,33.3029,126.3158,20220622181500,20220622084454,20220622181236,20220622084454,,,50,,,Y,2,2
2811,신화월드 테마파크 C-4구역 전기차충전소,JE043004,17,02,제주특별자치도 서귀포시 안덕면 신화역사로304번길 38,33.3029,126.3158,20220614182101,20220614103833,20220614181900,20220614103833,,,50,,,Y,2,2
2812,신화월드 테마파크 C-4구역 전기차충전소,JE043004,18,02,제주특별자치도 서귀포시 안덕면 신화역사로304번길 38,33.3029,126.3158,20220621234201,20220621122712,20220621234134,20220621122712,,,50,,,Y,2,2
2813,신화월드 서머셋 클럽하우스 전기차충전소,JE043005,01,02,제주특별자치도 서귀포시 안덕면 신화역사로304번길 38,33.3031,126.3176,20220625180300,20220623085300,20220623171841,20220625180031,,,50,,,Y,3,3
2814,신화월드 서머셋 클럽하우스 전기차충전소,JE043005,02,02,제주특별자치도 서귀포시 안덕면 신화역사로304번길 38,33.3031,126.3176,20220621192400,20220621084223,20220621183537,20220621084223,,,50,,,Y,2,2
2815,신화월드 서머셋 클럽하우스 전기차충전소,JE043005,03,05,제주특별자치도 서귀포시 안덕면 신화역사로304번길 38,33.3031,126.3176,20220624163601,20220624162037,20220624163416,20220624162037,,,50,,,Y,2,2
2816,신화월드 서머셋 클럽하우스 전기차충전소,JE043005,04,02,제주특별자치도 서귀포시 안덕면 신화역사로304번길 38,33.3031,126.3176,20220621105100,20220620004455,20220620041942,20220620004455,,,50,,,Y,2,2
2817,신화월드 서머셋 클럽하우스 전기차충전소,JE043005,05,05,제주특별자치도 서귀포시 안덕면 신화역사로304번길 38,33.3031,126.3176,20220625090900,20220625083423,20220625090719,20220625083423,,,50,,,Y,2,2
2818,신화월드 서머셋 클럽하우스 전기차충전소,JE043005,06,02,제주특별자치도 서귀포시 안덕면 신화역사로304번길 38,33.3031,126.3176,20220625230600,20220625230257,20220625230444,20220625013957,,,50,,,Y,2,2
2819,신화월드 또똣하우스 전기차충전소,JE043006,01,02,제주특별자치도 서귀포시 안덕면 신화역사로304번길 38,33.3002,126.3194,20220621105100,20220522214403,20220523074813,20220522214403,,,50,,,Y,2,2
2820,신화월드 또똣하우스 전기차충전소,JE043006,02,02,제주특별자치도 서귀포시 안덕면 신화역사로304번길 38,33.3002,126.3194,20220621105100,20220425133118,20220425213958,20220425133118,,,50,,,Y,2,2
2821,신화월드 또똣하우스 전기차충전소,JE043006,03,02,제주특별자치도 서귀포시 안덕면 신화역사로304번길 38,33.3002,126.3194,20220621105100,20220525100443,20220525194701,20220525100443,,,50,,,Y,2,2
2822,신화월드 또똣하우스 전기차충전소,JE043006,04,02,제주특별자치도 서귀포시 안덕면 신화역사로304번길 38,33.3002,126.3194,20220624081501,20220623182419,20220624081239,20220623182419,,,50,,,Y,2,2
2823,신화월드 아띠하우스 전기차충전소,JE043007,01,02,제주특별자치도 서귀포시 안덕면 신화역사로304번길 38,33.2960,126.3075,20220610022103,20220406234401,20220407043525,20220406234401,,,50,,,Y,2,2
2824,신화월드 아띠하우스 전기차충전소,JE043007,02,02,제주특별자치도 서귀포시 안덕면 신화역사로304번길 38,33.2960,126.3075,20220610020600,20220517225924,20220518043554,20220517225924,,,50,,,Y,2,2
2825,신화월드 아띠하우스 전기차충전소,JE043007,03,02,제주특별자치도 서귀포시 안덕면 신화역사로304번길 38,33.2960,126.3075,20220625230000,20220624231652,20220625043038,20220624231652,,,50,,,Y,3,3
2826,신화월드 아띠하우스 전기차충전소,JE043007,04,02,제주특별자치도 서귀포시 안덕면 신화역사로304번길 38,33.2960,126.3075,20220610022103,20220522151928,20220522153648,20220522151928,,,50,,,Y,2,2
2827,신화월드 아띠하우스 전기차충전소,JE043007,05,02,제주특별자치도 서귀포시 안덕면 신화역사로304번길 38,33.2960,126.3075,20220622043600,20220621231702,20220622043426,20220621231702,,,50,,,Y,2,2
2828,신화월드 아띠하우스 전기차충전소,JE043007,06,02,제주특별자치도 서귀포시 안덕면 신화역사로304번길 38,33.2960,126.3075,20220620015100,20220606225736,20220607043014,20220606225736,,,50,,,Y,2,2
2829,신화월드 아띠하우스 전기차충전소,JE043007,07,02,제주특별자치도 서귀포시 안덕면 신화역사로304번길 38,33.2960,126.3075,20220621054500,20220618203537,20220619052619,20220618203537,,,50,,,Y,2,2
2830,신화월드 아띠하우스 전기차충전소,JE043007,08,02,제주특별자치도 서귀포시 안덕면 신화역사로304번길 38,33.2960,126.3075,20220621010000,,,,,,50,,,Y,2,2
2831,신화월드 한국스퀘어 전기차충전소,JE043008,01,02,제주특별자치도 서귀포시 안덕면 신화역사로304번길 38,33.3041,126.3207,20220625174201,20220624193233,20220625004633,20220624193233,,,50,,,Y,3,3
2832,신화월드 한국스퀘어 전기차충전소,JE043008,02,02,제주특별자치도 서귀포시 안덕면 신화역사로304번길 38,33.3041,126.3207,20220619093303,20220618223931,20220619093112,20220618223931,,,50,,,Y,2,2
2833,신화월드 한국스퀘어 전기차충전소,JE043008,03,02,제주특별자치도 서귀포시 안덕면 신화역사로304번길 38,33.3041,126.3207,20220621105101,20220610172811,20220610192144,20220610172811,,,50,,,Y,2,2
2834,신화월드 신화빌라스 2단지 전기차충전소,JE043009,01,02,제주특별자치도 서귀포시 안덕면 신화역사로304번길 38,33.3024,126.3201,20220625200300,20220625100135,20220625105547,20220625100135,,,50,,,Y,3,3
2835,신화월드 신화빌라스 2단지 전기차충전소,JE043009,02,02,제주특별자치도 서귀포시 안덕면 신화역사로304번길 38,33.3024,126.3201,20220621205402,20220621193304,20220621205104,20220621193304,,,50,,,Y,2,2
2836,신화월드 신화빌라스 2단지 전기차충전소,JE043009,03,02,제주특별자치도 서귀포시 안덕면 신화역사로304번길 38,33.3024,126.3201,20220621214500,20220621213543,20220621214203,20220621181713,,,50,,,Y,2,2
2837,신화월드 신화빌라스 2단지 전기차충전소,JE043009,04,02,제주특별자치도 서귀포시 안덕면 신화역사로304번길 38,33.3024,126.3201,20220621105700,20220619164651,20220619172704,20220619164651,,,50,,,Y,2,2
2838,신화월드 신화빌라스 2단지 전기차충전소,JE043009,05,02,제주특별자치도 서귀포시 안덕면 신화역사로304번길 38,33.3024,126.3201,20220624025400,20220623162747,20220624025346,20220623162747,,,50,,,Y,2,2
2839,신화월드 일본테라스 전기차충전소,JE043010,01,02,제주특별자치도 서귀포시 안덕면 신화역사로304번길 38,33.3009,126.3199,20220625112402,20220625084213,20220625112111,20220625084213,,,50,,,Y,2,2
2840,신화월드 신화빌라스 3단지 전기차충전소,JE043011,01,02,제주특별자치도 서귀포시 안덕면 신화역사로304번길 38,33.3014,126.3187,20220623011804,20220616212915,20220617024557,20220616212915,,,50,,,Y,2,2
2841,신화월드 신화빌라스 3단지 전기차충전소,JE043011,02,02,제주특별자치도 서귀포시 안덕면 신화역사로304번길 38,33.3014,126.3187,20220622002401,20220621211207,20220622002159,20220621211207,,,50,,,Y,2,2
2842,신화월드 신화빌라스 3단지 전기차충전소,JE043011,03,02,제주특별자치도 서귀포시 안덕면 신화역사로304번길 38,33.3014,126.3187,20220623205703,20220623195916,20220623205625,20220623195916,,,50,,,Y,2,2
2843,하나은행 제주금융센터,JE044001,01,06,제주특별자치도 제주시 중앙로 58,33.5128886,126.524374,20220625203002,20220625192923,20220625201454,20220625192923,,,50,,,Y,2,2
2844,드림타워 전기차충전소 지하3층 A/B구역,JE045001,01,06,제주특별자치도 제주시 노연로 12,33.4853,126.4815,20220625192101,20220625185817,20220625191848,20220625185817,,,50,,,N,2,2
2845,드림타워 전기차충전소 지하3층 A/B구역,JE045001,02,02,제주특별자치도 제주시 노연로 12,33.4853,126.4815,20220624000002,20220617175727,20220617183939,20220617175727,,,50,,,N,2,2
2846,드림타워 전기차충전소 지하3층 A/B구역,JE045001,03,02,제주특별자치도 제주시 노연로 12,33.4853,126.4815,20220625170301,20220625163621,20220625170053,20220625163621,,,50,,,N,2,2
2847,드림타워 전기차충전소 지하3층 A/B구역,JE045001,04,02,제주특별자치도 제주시 노연로 12,33.4853,126.4815,20220624083601,20220620210001,20220621012912,20220620210001,,,50,,,N,2,2
2848,드림타워 전기차충전소 지하3층 A/B구역,JE045001,05,02,제주특별자치도 제주시 노연로 12,33.4853,126.4815,20220624150301,20220624140343,20220624150219,20220624140343,,,50,,,N,2,2
2849,드림타워 전기차충전소 지하3층 A/B구역,JE045001,06,02,제주특별자치도 제주시 노연로 12,33.4853,126.4815,20220624083601,20220622190823,20220622211427,20220622190823,,,50,,,N,2,2
2850,드림타워 전기차충전소 지하3층 A/B구역,JE045001,07,02,제주특별자치도 제주시 노연로 12,33.4853,126.4815,20220624002701,20220623211822,20220624002424,20220623211822,,,50,,,N,2,2
2851,드림타워 전기차충전소 지하3층 A/B구역,JE045001,08,02,제주특별자치도 제주시 노연로 12,33.4853,126.4815,20220624203601,20220624190347,20220624203357,20220624190347,,,50,,,N,2,2
2852,드림타워 전기차충전소 지하3층 A/B구역,JE045001,09,02,제주특별자치도 제주시 노연로 12,33.4853,126.4815,20220624083601,20220614194700,20220614220319,20220614194700,,,50,,,N,2,2
2853,드림타워 전기차충전소 지하3층 A/B구역,JE045001,10,02,제주특별자치도 제주시 노연로 12,33.4853,126.4815,20220624083601,20220620231207,20220620231349,20220620163337,,,50,,,N,2,2
2854,드림타워 전기차충전소 지하3층 A/B구역,JE045001,11,02,제주특별자치도 제주시 노연로 12,33.4853,126.4815,20220625154502,20220625144721,20220625154352,20220625144721,,,50,,,N,2,2
2855,드림타워 전기차충전소 지하3층 A/B구역,JE045001,12,02,제주특별자치도 제주시 노연로 12,33.4853,126.4815,20220624083603,20220606204339,20220607000038,20220606204339,,,50,,,N,2,2
2856,드림타워 전기차충전소 지하3층 A/B구역,JE045001,13,02,제주특별자치도 제주시 노연로 12,33.4853,126.4815,20220624083603,20220513230749,20220513230921,20220502211639,,,50,,,N,2,2
2857,드림타워 전기차충전소 지하3층 A/B구역,JE045001,14,02,제주특별자치도 제주시 노연로 12,33.4853,126.4815,20220624171803,20220624163703,20220624171652,20220624163703,,,50,,,N,2,2
2858,드림타워 전기차충전소 지하3층 A/B구역,JE045001,15,02,제주특별자치도 제주시 노연로 12,33.4853,126.4815,20220623193602,20220623185923,20220623193525,20220623185923,,,50,,,N,2,2
2859,드림타워 전기차충전소 지하3층 A/B구역,JE045001,16,02,제주특별자치도 제주시 노연로 12,33.4853,126.4815,20220624083603,20220506153713,20220506162608,20220506153713,,,50,,,N,2,2
2860,드림타워 전기차충전소 지하3층 A/B구역,JE045001,17,02,제주특별자치도 제주시 노연로 12,33.4853,126.4815,20220624165702,,,,,,50,,,N,2,2
2861,드림타워 전기차충전소 지하3층 A/B구역,JE045001,18,02,제주특별자치도 제주시 노연로 12,33.4853,126.4815,20220624083603,,,,,,50,,,N,2,2
2862,드림타워 전기차충전소 지하3층 C/D구역,JE045002,19,02,제주특별자치도 제주시 노연로 12,33.4853,126.4815,20220625224801,20220625210921,20220625224721,20220625210921,,,50,,,N,2,2
2863,드림타워 전기차충전소 지하3층 C/D구역,JE045002,20,02,제주특별자치도 제주시 노연로 12,33.4853,126.4815,20220625193901,20220624192520,20220624223913,20220624192520,,,50,,,N,3,3
2864,드림타워 전기차충전소 지하3층 C/D구역,JE045002,21,02,제주특별자치도 제주시 노연로 12,33.4853,126.4815,20220625131801,,,,,,50,,,N,2,2
2865,드림타워 전기차충전소 지하3층 C/D구역,JE045002,22,02,제주특별자치도 제주시 노연로 12,33.4853,126.4815,20220623013900,20220317193644,20220317213837,20220317193644,,,50,,,N,2,2
2866,드림타워 전기차충전소 지하3층 C/D구역,JE045002,23,02,제주특별자치도 제주시 노연로 12,33.4853,126.4815,20220621112401,20220219180359,20220220002104,20220219180359,,,50,,,N,2,2
2867,드림타워 전기차충전소 지하3층 C/D구역,JE045002,24,02,제주특별자치도 제주시 노연로 12,33.4853,126.4815,20220621112401,20220512144906,20220512152256,20220512144906,,,50,,,N,2,2
2868,드림타워 전기차충전소 지하3층 C/D구역,JE045002,25,02,제주특별자치도 제주시 노연로 12,33.4853,126.4815,20220624161801,,,,,,50,,,N,2,2
2869,드림타워 전기차충전소 지하3층 C/D구역,JE045002,26,02,제주특별자치도 제주시 노연로 12,33.4853,126.4815,20220623142401,20220122063632,20220122082326,20220122063632,,,50,,,N,2,2
2870,드림타워 전기차충전소 지하3층 C/D구역,JE045002,27,02,제주특별자치도 제주시 노연로 12,33.4853,126.4815,20220625131801,20220219181638,20220220003907,20220219181638,,,50,,,N,2,2
2871,드림타워 전기차충전소 지하3층 C/D구역,JE045002,28,02,제주특별자치도 제주시 노연로 12,33.4853,126.4815,20220624220601,20220624202727,20220624220401,20220624202727,,,50,,,N,2,2
2872,드림타워 전기차충전소 지하3층 C/D구역,JE045002,29,02,제주특별자치도 제주시 노연로 12,33.4853,126.4815,20220621120001,20220618215623,20220619022732,20220618215623,,,50,,,N,2,2
2873,드림타워 전기차충전소 지하3층 C/D구역,JE045002,30,02,제주특별자치도 제주시 노연로 12,33.4853,126.4815,20220621112401,20211130153622,20211130161718,20211130153622,,,50,,,N,2,2
2874,드림타워 전기차충전소 지하3층 C/D구역,JE045002,31,02,제주특별자치도 제주시 노연로 12,33.4853,126.4815,20220625223300,20220625175852,20220625223035,20220625175852,,,50,,,N,2,2
2875,드림타워 전기차충전소 지하3층 C/D구역,JE045002,32,02,제주특별자치도 제주시 노연로 12,33.4853,126.4815,20220625203003,20220625184820,20220625202958,20220625184820,,,50,,,N,2,2
2876,드림타워 전기차충전소 지하3층 C/D구역,JE045002,33,02,제주특별자치도 제주시 노연로 12,33.4853,126.4815,20220625221502,20220625170304,20220625221416,20220625170304,,,50,,,N,2,2
2877,드림타워 전기차충전소 지하3층 C/D구역,JE045002,34,02,제주특별자치도 제주시 노연로 12,33.4853,126.4815,20220625194502,20220625193822,20220625194349,20220513203554,,,50,,,N,2,2
2878,드림타워 전기차충전소 지하3층 C/D구역,JE045002,35,02,제주특별자치도 제주시 노연로 12,33.4853,126.4815,20220624164802,20220624150820,20220624164736,20220624150820,,,50,,,N,2,2
2879,드림타워 전기차충전소 지하3층 C/D구역,JE045002,36,02,제주특별자치도 제주시 노연로 12,33.4853,126.4815,20220625122102,20220625120630,20220625121840,20220625120630,,,50,,,N,2,2
2880,드림타워 전기차충전소 지하3층 C/D구역,JE045002,37,02,제주특별자치도 제주시 노연로 12,33.4853,126.4815,20220624114803,20220624091809,20220624114659,20220624091809,,,50,,,N,2,2
2881,드림타워 전기차충전소 지하3층 C/D구역,JE045002,38,02,제주특별자치도 제주시 노연로 12,33.4853,126.4815,20220625225402,20220625190113,20220625225224,20220625190113,,,50,,,N,2,2
2882,드림타워 전기차충전소 지하3층 C/D구역,JE045002,39,02,제주특별자치도 제주시 노연로 12,33.4853,126.4815,20220623230602,20220623202129,20220623230325,20220623202129,,,50,,,N,2,2
2883,드림타워 전기차충전소 지하3층 C/D구역,JE045002,40,02,제주특별자치도 제주시 노연로 12,33.4853,126.4815,20220625011202,20220624180336,20220625011101,20220624180336,,,50,,,N,2,2
2884,드림타워 전기차충전소 지하3층 C/D구역,JE045002,41,02,제주특별자치도 제주시 노연로 12,33.4853,126.4815,20220624133902,20220623200536,20220624033543,20220623200536,,,50,,,N,2,2
2885,드림타워 전기차충전소 지하3층 E구역,JE045003,42,06,제주특별자치도 제주시 노연로 12,33.4853,126.4815,20220625194800,20220625192020,20220625194705,20220625192020,,,50,,,N,2,2
2886,드림타워 전기차충전소 지하3층 E구역,JE045003,43,02,제주특별자치도 제주시 노연로 12,33.4853,126.4815,20220625183300,20220625160259,20220625180002,20220625160259,,,50,,,N,3,3
2887,드림타워 전기차충전소 지하3층 E구역,JE045003,44,02,제주특별자치도 제주시 노연로 12,33.4853,126.4815,20220625181500,20220625150414,20220625181413,20220625150414,,,50,,,N,2,2
2888,드림타워 전기차충전소 지하3층 E구역,JE045003,45,02,제주특별자치도 제주시 노연로 12,33.4853,126.4815,20220625172101,20220625141747,20220625171918,20220625141747,,,50,,,N,2,2
2889,드림타워 전기차충전소 지하3층 E구역,JE045003,46,02,제주특별자치도 제주시 노연로 12,33.4853,126.4815,20220625232400,20220625183228,20220625232222,20220625183228,,,50,,,N,2,2
2890,드림타워 전기차충전소 지하3층 E구역,JE045003,47,02,제주특별자치도 제주시 노연로 12,33.4853,126.4815,20220625161500,20220625151844,20220625161403,20220625151844,,,50,,,N,2,2
2891,드림타워 전기차충전소 지하3층 E구역,JE045003,48,02,제주특별자치도 제주시 노연로 12,33.4853,126.4815,20220625192700,20220625164128,20220625192446,20220625164128,,,50,,,N,2,2
2892,드림타워 전기차충전소 지하4층 A/B구역,JE045004,01,06,제주특별자치도 제주시 노연로 12,33.4853,126.4815,20220623192700,20220623185227,20220623192415,20220623185227,,,50,,,N,2,2
2893,드림타워 전기차충전소 지하4층 A/B구역,JE045004,02,02,제주특별자치도 제주시 노연로 12,33.4853,126.4815,20220623233001,20220623200724,20220623232911,20220623200724,,,50,,,N,2,2
2894,드림타워 전기차충전소 지하4층 A/B구역,JE045004,03,02,제주특별자치도 제주시 노연로 12,33.4853,126.4815,20220623193601,20220623170246,20220623193459,20220623170246,,,50,,,N,2,2
2895,드림타워 전기차충전소 지하4층 A/B구역,JE045004,04,02,제주특별자치도 제주시 노연로 12,33.4853,126.4815,20220624000001,20220615200353,20220615232001,20220615200353,,,50,,,N,2,2
2896,드림타워 전기차충전소 지하4층 A/B구역,JE045004,05,02,제주특별자치도 제주시 노연로 12,33.4853,126.4815,20220624083601,20220622212904,20220623005552,20220622212904,,,50,,,N,2,2
2897,드림타워 전기차충전소 지하4층 A/B구역,JE045004,06,02,제주특별자치도 제주시 노연로 12,33.4853,126.4815,20220624175701,20220624162130,20220624175654,20220624162130,,,50,,,N,2,2
2898,드림타워 전기차충전소 지하4층 A/B구역,JE045004,07,02,제주특별자치도 제주시 노연로 12,33.4853,126.4815,20220624083601,20220430123432,20220430132830,20220430123432,,,50,,,N,2,2
2899,드림타워 전기차충전소 지하4층 A/B구역,JE045004,08,02,제주특별자치도 제주시 노연로 12,33.4853,126.4815,20220623014801,20220530093509,20220530174719,20220530093509,,,50,,,N,2,2
2900,드림타워 전기차충전소 지하4층 A/B구역,JE045004,09,02,제주특별자치도 제주시 노연로 12,33.4853,126.4815,20220621112401,20220414083309,20220414095310,20220414083309,,,50,,,N,2,2
2901,드림타워 전기차충전소 지하4층 A/B구역,JE045004,10,02,제주특별자치도 제주시 노연로 12,33.4853,126.4815,20220624115101,20220624075616,20220624114817,20220624075616,,,50,,,N,2,2
2902,드림타워 전기차충전소 지하4층 A/B구역,JE045004,11,02,제주특별자치도 제주시 노연로 12,33.4853,126.4815,20220625131801,20220320153113,20220320171553,20220320153113,,,50,,,N,2,2
2903,드림타워 전기차충전소 지하4층 A/B구역,JE045004,12,02,제주특별자치도 제주시 노연로 12,33.4853,126.4815,20220625131801,20220127130615,20220127174348,20220127130615,,,50,,,N,2,2
2904,드림타워 전기차충전소 지하4층 A/B구역,JE045004,13,02,제주특별자치도 제주시 노연로 12,33.4853,126.4815,20220605192810,,,20220605184313,,,50,,,N,9,9
2905,드림타워 전기차충전소 지하4층 A/B구역,JE045004,14,02,제주특별자치도 제주시 노연로 12,33.4853,126.4815,20220623015400,20220117201314,20220117232405,20220117201314,,,50,,,N,2,2
2906,드림타워 전기차충전소 지하4층 A/B구역,JE045004,15,02,제주특별자치도 제주시 노연로 12,33.4853,126.4815,20220621120001,20220530191631,20220530212732,20220530191631,,,50,,,N,2,2
2907,드림타워 전기차충전소 지하4층 A/B구역,JE045004,16,02,제주특별자치도 제주시 노연로 12,33.4853,126.4815,20220625212401,20220625211944,20220625212108,20220621204144,,,50,,,N,2,2
2908,드림타워 전기차충전소 지하4층 A/B구역,JE045004,17,02,제주특별자치도 제주시 노연로 12,33.4853,126.4815,20220623103601,20220531210639,20220601023143,20220531210639,,,50,,,N,2,2
2909,드림타워 전기차충전소 지하4층 A/B구역,JE045004,18,02,제주특별자치도 제주시 노연로 12,33.4853,126.4815,20220624083601,,,,,,50,,,N,2,2
2910,드림타워 전기차충전소 지하4층 A/B구역,JE045004,19,02,제주특별자치도 제주시 노연로 12,33.4853,126.4815,20220523230001,20220523194821,20220523225822,20220523194821,,,50,,,N,2,2
2911,드림타워 전기차충전소 지하4층 A/B구역,JE045004,20,02,제주특별자치도 제주시 노연로 12,33.4853,126.4815,20220624083601,20220222205934,20220223002153,20220222205934,,,50,,,N,2,2
2912,드림타워 전기차충전소 지하4층 A/B구역,JE045004,21,02,제주특별자치도 제주시 노연로 12,33.4853,126.4815,20220624083601,20220401084645,20220401085439,20220401084645,,,50,,,N,2,2
2913,드림타워 전기차충전소 지하4층 A/B구역,JE045004,22,02,제주특별자치도 제주시 노연로 12,33.4853,126.4815,20220625114200,20220625113100,20220625113942,20220625113100,,,50,,,N,2,2
2914,드림타워 전기차충전소 지하4층 A/B구역,JE045004,23,02,제주특별자치도 제주시 노연로 12,33.4853,126.4815,20220624083601,20220313193951,20220313212725,20220313193951,,,50,,,N,2,2
2915,드림타워 전기차충전소 지하4층 A/B구역,JE045004,24,02,제주특별자치도 제주시 노연로 12,33.4853,126.4815,20220624083601,20220116165549,20220116175802,20220116165549,,,50,,,N,2,2
2916,드림타워 전기차충전소 지하4층 A/B구역,JE045004,25,02,제주특별자치도 제주시 노연로 12,33.4853,126.4815,20220624083601,20220426121420,20220426122827,20220426121420,,,50,,,N,2,2
2917,드림타워 전기차충전소 지하4층 A/B구역,JE045004,26,02,제주특별자치도 제주시 노연로 12,33.4853,126.4815,20220624083601,20220221214745,20220222030713,20220221214745,,,50,,,N,2,2
2918,드림타워 전기차충전소 지하4층 C/D구역,JE045005,27,02,제주특별자치도 제주시 노연로 12,33.4853,126.4815,20220621110002,20220530205542,20220530235830,20220530205542,,,50,,,N,2,2
2919,드림타워 전기차충전소 지하4층 C/D구역,JE045005,28,02,제주특별자치도 제주시 노연로 12,33.4853,126.4815,20220624083602,20220530204204,20220531030252,20220530204204,,,50,,,N,2,2
2920,드림타워 전기차충전소 지하4층 C/D구역,JE045005,29,02,제주특별자치도 제주시 노연로 12,33.4853,126.4815,20220624083602,20220613193329,20220613214215,20220613193329,,,50,,,N,2,2
2921,드림타워 전기차충전소 지하4층 C/D구역,JE045005,30,02,제주특별자치도 제주시 노연로 12,33.4853,126.4815,20220623013601,,,,,,50,,,N,2,2
2922,드림타워 전기차충전소 지하4층 C/D구역,JE045005,31,02,제주특별자치도 제주시 노연로 12,33.4853,126.4815,20220625131801,,,,,,50,,,N,2,2
2923,드림타워 전기차충전소 지하4층 C/D구역,JE045005,32,02,제주특별자치도 제주시 노연로 12,33.4853,126.4815,20220625131801,,,,,,50,,,N,2,2
2924,드림타워 전기차충전소 지하4층 C/D구역,JE045005,33,02,제주특별자치도 제주시 노연로 12,33.4853,126.4815,20220625131801,,,,,,50,,,N,2,2
2925,드림타워 전기차충전소 지하4층 C/D구역,JE045005,34,02,제주특별자치도 제주시 노연로 12,33.4853,126.4815,20220623014501,,,,,,50,,,N,2,2
2926,드림타워 전기차충전소 지하4층 C/D구역,JE045005,35,02,제주특별자치도 제주시 노연로 12,33.4853,126.4815,20220624134801,,,,,,50,,,N,2,2
2927,드림타워 전기차충전소 지하4층 C/D구역,JE045005,36,02,제주특별자치도 제주시 노연로 12,33.4853,126.4815,20220626000313,,,,,,50,,,N,2,2
2928,드림타워 전기차충전소 지하4층 C/D구역,JE045005,37,02,제주특별자치도 제주시 노연로 12,33.4853,126.4815,20220624083602,,,,,,50,,,N,2,2
2929,드림타워 전기차충전소 지하4층 C/D구역,JE045005,38,02,제주특별자치도 제주시 노연로 12,33.4853,126.4815,20220624083602,,,,,,50,,,N,2,2
2930,드림타워 전기차충전소 지하4층 C/D구역,JE045005,39,02,제주특별자치도 제주시 노연로 12,33.4853,126.4815,20220624083602,,,,,,50,,,N,2,2
2931,드림타워 전기차충전소 지하4층 C/D구역,JE045005,40,02,제주특별자치도 제주시 노연로 12,33.4853,126.4815,20220624083602,,,,,,50,,,N,2,2
2932,드림타워 전기차충전소 지하4층 C/D구역,JE045005,41,02,제주특별자치도 제주시 노연로 12,33.4853,126.4815,20220625231201,20220625205019,20220625230958,20220625205019,,,50,,,N,2,2
2933,드림타워 전기차충전소 지하4층 C/D구역,JE045005,42,02,제주특별자치도 제주시 노연로 12,33.4853,126.4815,20220625234801,20220625202247,20220625234539,20220625202247,,,50,,,N,2,2
2934,드림타워 전기차충전소 지하4층 C/D구역,JE045005,43,02,제주특별자치도 제주시 노연로 12,33.4853,126.4815,20220624221501,20220624211456,20220624221414,20220624211456,,,50,,,N,2,2
2935,드림타워 전기차충전소 지하4층 C/D구역,JE045005,44,02,제주특별자치도 제주시 노연로 12,33.4853,126.4815,20220624223301,20220619201611,20220619214632,20220619201611,,,50,,,N,2,2
2936,드림타워 전기차충전소 지하4층 C/D구역,JE045005,45,02,제주특별자치도 제주시 노연로 12,33.4853,126.4815,20220531222810,20220204080351,20220204090859,20220531203851,,,50,,,N,9,9
2937,드림타워 전기차충전소 지하4층 C/D구역,JE045005,46,02,제주특별자치도 제주시 노연로 12,33.4853,126.4815,20220625191201,20220625000055,20220625011513,20220625000055,,,50,,,N,3,3
2938,드림타워 전기차충전소 지하4층 C/D구역,JE045005,47,02,제주특별자치도 제주시 노연로 12,33.4853,126.4815,20220625131801,20220607192248,20220607230835,20220607192248,,,50,,,N,2,2
2939,드림타워 전기차충전소 지하4층 E구역,JE045006,48,06,제주특별자치도 제주시 노연로 12,33.4853,126.4815,20220625131801,20220620203944,20220620233944,20220620203944,,,50,,,N,2,2
2940,드림타워 전기차충전소 지하4층 E구역,JE045006,49,02,제주특별자치도 제주시 노연로 12,33.4853,126.4815,20220625131801,20220408204335,20220409013205,20220408204335,,,50,,,N,2,2
2941,드림타워 전기차충전소 지하4층 E구역,JE045006,50,02,제주특별자치도 제주시 노연로 12,33.4853,126.4815,20220621111801,20220606001020,20220606014629,20220606001020,,,50,,,N,2,2
2942,드림타워 전기차충전소 지하4층 E구역,JE045006,51,02,제주특별자치도 제주시 노연로 12,33.4853,126.4815,20220621112402,20220616211223,20220617002228,20220616211223,,,50,,,N,2,2
2943,드림타워 전기차충전소 지하4층 E구역,JE045006,52,02,제주특별자치도 제주시 노연로 12,33.4853,126.4815,20220625131801,20220419202258,20220420071257,20220419202258,,,50,,,N,2,2
2944,드림타워 전기차충전소 지하4층 E구역,JE045006,53,02,제주특별자치도 제주시 노연로 12,33.4853,126.4815,20220625131801,20220521183314,20220521211010,20220521183314,,,50,,,N,2,2
2945,드림타워 전기차충전소 지하4층 E구역,JE045006,54,02,제주특별자치도 제주시 노연로 12,33.4853,126.4815,20220621112101,20220604213008,20220604234956,20220604213008,,,50,,,N,2,2
2946,드림타워 전기차충전소 지하4층 E구역,JE045006,55,02,제주특별자치도 제주시 노연로 12,33.4853,126.4815,20220621120002,,,,,,50,,,N,2,2
2947,드림타워 전기차충전소 지하4층 E구역,JE045006,56,02,제주특별자치도 제주시 노연로 12,33.4853,126.4815,20220621110002,,,,,,50,,,N,2,2
2948,드림타워 전기차충전소 지하4층 E구역,JE045006,57,02,제주특별자치도 제주시 노연로 12,33.4853,126.4815,20220625195101,20220617190720,20220617204422,20220617190720,,,50,,,N,3,3
2949,드림타워 전기차충전소 지하5층 AB구역,JE045007,01,02,제주특별자치도 제주시 노연로 12,33.4853,126.4815,20220426125701,,,,7,단독,50,,,Y,2,2
2950,드림타워 전기차충전소 지하5층 AB구역,JE045007,02,02,제주특별자치도 제주시 노연로 12,33.4853,126.4815,20220624133901,,,,7,단독,50,,,Y,2,2
2951,드림타워 전기차충전소 지하5층 AB구역,JE045007,03,02,제주특별자치도 제주시 노연로 12,33.4853,126.4815,20220624083601,,,,7,단독,50,,,Y,2,2
2952,드림타워 전기차충전소 지하5층 AB구역,JE045007,04,02,제주특별자치도 제주시 노연로 12,33.4853,126.4815,20220624083601,,,,7,단독,50,,,Y,2,2
2953,드림타워 전기차충전소 지하5층 AB구역,JE045007,05,02,제주특별자치도 제주시 노연로 12,33.4853,126.4815,20220624083601,,,,7,단독,50,,,Y,2,2
2954,드림타워 전기차충전소 지하5층 AB구역,JE045007,06,02,제주특별자치도 제주시 노연로 12,33.4853,126.4815,20220623035701,,,,7,단독,50,,,Y,2,2
2955,드림타워 전기차충전소 지하5층 AB구역,JE045007,07,02,제주특별자치도 제주시 노연로 12,33.4853,126.4815,20220624083601,,,,7,단독,50,,,Y,2,2
2956,드림타워 전기차충전소 지하5층 AB구역,JE045007,08,02,제주특별자치도 제주시 노연로 12,33.4853,126.4815,20220625181801,,,,7,단독,50,,,Y,2,2
2957,드림타워 전기차충전소 지하5층 AB구역,JE045007,09,02,제주특별자치도 제주시 노연로 12,33.4853,126.4815,20220624133901,,,,7,단독,50,,,Y,2,2
2958,드림타워 전기차충전소 지하5층 AB구역,JE045007,10,02,제주특별자치도 제주시 노연로 12,33.4853,126.4815,20220624000000,,,,7,단독,50,,,Y,2,2
2959,드림타워 전기차충전소 지하5층 AB구역,JE045007,11,02,제주특별자치도 제주시 노연로 12,33.4853,126.4815,20220625131800,,,,7,단독,50,,,Y,2,2
2960,드림타워 전기차충전소 지하5층 AB구역,JE045007,12,02,제주특별자치도 제주시 노연로 12,33.4853,126.4815,20220624083600,,,,7,단독,50,,,Y,2,2
2961,드림타워 전기차충전소 지하5층 CD구역,JE045008,13,02,제주특별자치도 제주시 노연로 12,33.4853,126.4815,20220624083601,,,,,단독,50,,,Y,2,2
2962,드림타워 전기차충전소 지하5층 CD구역,JE045008,14,02,제주특별자치도 제주시 노연로 12,33.4853,126.4815,20220624083601,,,,,단독,50,,,Y,2,2
2963,드림타워 전기차충전소 지하5층 CD구역,JE045008,15,02,제주특별자치도 제주시 노연로 12,33.4853,126.4815,20220624083601,,,,,단독,50,,,Y,2,2
2964,드림타워 전기차충전소 지하5층 CD구역,JE045008,16,02,제주특별자치도 제주시 노연로 12,33.4853,126.4815,20220623035703,,,,,단독,50,,,Y,2,2
2965,드림타워 전기차충전소 지하5층 CD구역,JE045008,17,02,제주특별자치도 제주시 노연로 12,33.4853,126.4815,20220624083601,,,,,단독,50,,,Y,2,2
2966,드림타워 전기차충전소 지하5층 CD구역,JE045008,18,02,제주특별자치도 제주시 노연로 12,33.4853,126.4815,20220624083601,,,,,단독,50,,,Y,2,2
2967,드림타워 전기차충전소 지하5층 CD구역,JE045008,19,02,제주특별자치도 제주시 노연로 12,33.4853,126.4815,20220624083601,,,,,단독,50,,,Y,2,2
2968,드림타워 전기차충전소 지하5층 CD구역,JE045008,20,02,제주특별자치도 제주시 노연로 12,33.4853,126.4815,20220623015700,20211221110046,20211221110814,20211221110046,,단독,50,,,Y,2,2
2969,드림타워 전기차충전소 지하5층 CD구역,JE045008,21,02,제주특별자치도 제주시 노연로 12,33.4853,126.4815,20220624083601,,,,,단독,50,,,Y,2,2
2970,드림타워 전기차충전소 지하5층 CD구역,JE045008,22,02,제주특별자치도 제주시 노연로 12,33.4853,126.4815,20220624083601,,,,,단독,50,,,Y,2,2
2971,드림타워 전기차충전소 지하5층 CD구역,JE045008,23,02,제주특별자치도 제주시 노연로 12,33.4853,126.4815,20220623073601,,,,,단독,50,,,Y,2,2
2972,드림타워 전기차충전소 지하5층 CD구역,JE045008,24,02,제주특별자치도 제주시 노연로 12,33.4853,126.4815,20220623015700,,,,,단독,50,,,Y,2,2
2973,드림타워 전기차충전소 지하5층 CD구역,JE045008,25,02,제주특별자치도 제주시 노연로 12,33.4853,126.4815,20220624083601,,,,,단독,50,,,Y,2,2
2974,드림타워 전기차충전소 지하5층 CD구역,JE045008,26,02,제주특별자치도 제주시 노연로 12,33.4853,126.4815,20220624083601,,,,,단독,50,,,Y,2,2
2975,드림타워 전기차충전소 지하5층 CD구역,JE045008,27,02,제주특별자치도 제주시 노연로 12,33.4853,126.4815,20220624083601,,,,,단독,50,,,Y,2,2
2976,드림타워 전기차충전소 지하5층 CD구역,JE045008,28,02,제주특별자치도 제주시 노연로 12,33.4853,126.4815,20220624000001,,,,,단독,50,,,Y,2,2
2977,드림타워 전기차충전소 지하5층 CD구역,JE045008,29,02,제주특별자치도 제주시 노연로 12,33.4853,126.4815,20220516111801,,,,,단독,50,,,Y,2,2
2978,드림타워 전기차충전소 지하5층 CD구역,JE045008,30,02,제주특별자치도 제주시 노연로 12,33.4853,126.4815,20220624133900,,,,,단독,50,,,Y,2,2
2979,드림타워 전기차충전소 지하5층 CD구역,JE045008,31,02,제주특별자치도 제주시 노연로 12,33.4853,126.4815,20220408203900,,,,,단독,50,,,Y,2,2
2980,드림타워 전기차충전소 지하5층 CD구역,JE045008,32,02,제주특별자치도 제주시 노연로 12,33.4853,126.4815,20220624083601,,,,,단독,50,,,Y,2,2
2981,드림타워 전기차충전소 지하5층 CD구역,JE045008,33,02,제주특별자치도 제주시 노연로 12,33.4853,126.4815,20220624083601,,,,,단독,50,,,Y,2,2
2982,드림타워 전기차충전소 지하5층 CD구역,JE045008,34,02,제주특별자치도 제주시 노연로 12,33.4853,126.4815,20220516111800,,,,,단독,50,,,Y,2,2
2983,드림타워 전기차충전소 지하5층 CD구역,JE045008,35,02,제주특별자치도 제주시 노연로 12,33.4853,126.4815,20220408203900,20211221102647,20211221105918,20211221102647,,단독,50,,,Y,2,2
2984,드림타워 전기차충전소 지하5층 CD구역,JE045008,36,02,제주특별자치도 제주시 노연로 12,33.4853,126.4815,20220623015700,20211222101207,20211222112407,20211222101207,,동시,50,,,Y,2,2
2985,드림타워 전기차충전소 지하5층 CD구역,JE045008,37,02,제주특별자치도 제주시 노연로 12,33.4853,126.4815,20220624083600,20211210084428,20211210130510,20211210084428,,단독,50,,,Y,2,2
2986,드림타워 전기차충전소 지하5층 CD구역,JE045008,38,02,제주특별자치도 제주시 노연로 12,33.4853,126.4815,20220624083900,,,,,단독,50,,,Y,2,2
2987,드림타워 전기차충전소 지하5층 E구역,JE045009,39,02,제주특별자치도 제주시 노연로 12,33.4853,126.4815,20220516111802,,,,,단독,50,,,Y,2,2
2988,드림타워 전기차충전소 지하5층 E구역,JE045009,40,02,제주특별자치도 제주시 노연로 12,33.4853,126.4815,20220624000302,,,,,단독,50,,,Y,2,2
2989,드림타워 전기차충전소 지하5층 E구역,JE045009,41,02,제주특별자치도 제주시 노연로 12,33.4853,126.4815,20220624083602,,,,,단독,50,,,Y,2,2
2990,드림타워 전기차충전소 지하5층 E구역,JE045009,42,02,제주특별자치도 제주시 노연로 12,33.4853,126.4815,20220623015701,,,,,단독,50,,,Y,2,2
2991,드림타워 전기차충전소 지하5층 E구역,JE045009,43,02,제주특별자치도 제주시 노연로 12,33.4853,126.4815,20220624083602,20211213085742,20211213161546,20211213085742,,단독,50,,,Y,2,2
2992,드림타워 전기차충전소 지하5층 E구역,JE045009,44,02,제주특별자치도 제주시 노연로 12,33.4853,126.4815,20220624083602,,,,,단독,50,,,Y,2,2
2993,드림타워 전기차충전소 지하5층 E구역,JE045009,45,02,제주특별자치도 제주시 노연로 12,33.4853,126.4815,20220624083602,,,,,단독,50,,,Y,2,2
2994,드림타워 전기차충전소 지하5층 E구역,JE045009,46,02,제주특별자치도 제주시 노연로 12,33.4853,126.4815,20220624083602,,,,,단독,50,,,Y,2,2
2995,드림타워 전기차충전소 지하5층 E구역,JE045009,47,02,제주특별자치도 제주시 노연로 12,33.4853,126.4815,20220622195701,,,,,단독,50,,,Y,2,2
2996,드림타워 전기차충전소 지하5층 E구역,JE045009,48,02,제주특별자치도 제주시 노연로 12,33.4853,126.4815,20220623083603,20220225160138,20220225172431,20220225160138,,단독,50,,,Y,2,2
2997,드림타워 전기차충전소 지하5층 E구역,JE045009,49,02,제주특별자치도 제주시 노연로 12,33.4853,126.4815,20220624083602,,,,,단독,50,,,Y,2,2
2998,드림타워 전기차충전소 지하5층 E구역,JE045009,50,02,제주특별자치도 제주시 노연로 12,33.4853,126.4815,20220624083603,,,,,단독,50,,,Y,2,2
2999,드림타워 전기차충전소 지하5층 E구역,JE045009,51,02,제주특별자치도 제주시 노연로 12,33.4853,126.4815,20220624083603,,,,,단독,50,,,Y,2,2
3000,생물종다양성연구소,JT000001,01,06,제주특별자치도 서귀포시 남원읍 신례동로 338,33.315498,126.634256,20191209110810,,,,,,50,,,Y,9,9
3001,생물종다양성연구소,JT000001,02,01,제주특별자치도 서귀포시 남원읍 신례동로 338,33.315498,126.634256,20191209110810,,,,,,50,,,Y,9,9
3002,생물종다양성연구소,JT000001,03,04,제주특별자치도 서귀포시 남원읍 신례동로 338,33.315498,126.634256,20191209110810,,,,,,50,,,Y,9,9
3003,생물종다양성연구소,JT000001,04,01,제주특별자치도 서귀포시 남원읍 신례동로 338,33.315498,126.634256,20191209110810,,,,,,50,,,Y,9,9
3004,생물종다양성연구소,JT000001,05,04,제주특별자치도 서귀포시 남원읍 신례동로 338,33.315498,126.634256,20191209110810,,,,,,50,,,Y,9,9
3005,생물종다양성연구소,JT000001,06,01,제주특별자치도 서귀포시 남원읍 신례동로 338,33.315498,126.634256,20191209110810,,,,,,50,,,Y,9,9
3006,생물종다양성연구소,JT000001,07,04,제주특별자치도 서귀포시 남원읍 신례동로 338,33.315498,126.634256,20191209110810,,,,,,50,,,Y,9,9
3007,씨유 표선남촌점,KL000006,01,06,제주특별자치도 서귀포시 표선면 표선동서로 138,33.3167374,126.8287683,20220620153019,20210324172253,20210324174450,20210324172253,,,50,,,Y,1,1
3008,씨유 서귀태흥점,KL000008,01,06,제주특별자치도 서귀포시 남원읍 일주동로 6745,33.2929187,126.7575020,20220620153013,20220220141054,20220220144022,20220220141054,,,50,,,N,1,1
3009,씨유 교래점,KL000009,01,06,제주특별자치도 제주시 조천읍 비자림로 684,33.4362609,126.6791129,20220620153002,20220228081041,20220228082803,20220228081041,,,50,,,N,1,1
3010,뜰애오피스텔,KL001488,01,02,제주특별자치도 제주시 중앙로 164,33.5041598,126.5260978,20220611233603,20220611185500,20220611233022,20220611185500,7,단독,50,,,Y,2,2
3011,뜰애오피스텔,KL001488,02,04,제주특별자치도 제주시 중앙로 164,33.5041598,126.5260978,20220617085205,20200519091424,20200519091549,,50,단독,50,,,Y,2,2
3012,주식회사제이피엠,KL001724,01,02,제주특별자치도 제주시 삼무로 35,33.4900836,126.4905681,20220623144006,20220623143607,20220623143827,20220623143607,,,50,,,Y,2,2
3013,주식회사제이피엠,KL001724,02,02,제주특별자치도 제주시 삼무로 35,33.4900836,126.4905681,20220623144204,20220623143842,20220623144007,20220623143842,,,50,,,Y,2,2
3014,대한예수교장로회남원교회,KL001725,01,02,제주특별자치도 서귀포시 남원읍 남한로 27,33.2814216,126.7169886,20220625181203,20220625180941,19700101090000,20220625180941,,,50,,,Y,3,3
3015,대한예수교장로회남원교회,KL001725,02,02,제주특별자치도 서귀포시 남원읍 남한로 27,33.2814216,126.7169886,20220622163404,20220622160822,19700101090000,20220622160409,,,50,,,Y,2,2
3016,제주 첨단_꿈에그린 2단지 아파트,KL001831,01,02,제주특별자치도 제주시 첨단로동길 74,33.4534941,126.5754199,20220625204803,20220625130139,20220625143655,20220625204723,,,50,,,Y,3,3
3017,제주 첨단_꿈에그린 2단지 아파트,KL001831,02,02,제주특별자치도 제주시 첨단로동길 74,33.4534941,126.5754199,20220625221402,20220625182824,20220625221337,20220625182824,,,50,,,Y,2,2
3018,제주 첨단_꿈에그린 2단지 아파트,KL001831,03,02,제주특별자치도 제주시 첨단로동길 74,33.4534941,126.5754199,20220625214003,20220624233540,20220625022546,20220625213924,,,50,,,Y,3,3
3019,제주 첨단_꿈에그린 2단지 아파트,KL001831,04,02,제주특별자치도 제주시 첨단로동길 74,33.4534941,126.5754199,20220625044803,20220624233627,20220625044153,20220624233627,,,50,,,Y,2,2
3020,제주 첨단_꿈에그린 2단지 아파트,KL001831,05,02,제주특별자치도 제주시 첨단로동길 74,33.4534941,126.5754199,20220625083602,20220625000019,20220625083044,20220625000019,,,50,,,Y,2,2
3021,제주 첨단_꿈에그린 2단지 아파트,KL001831,06,02,제주특별자치도 제주시 첨단로동길 74,33.4534941,126.5754199,20220625170402,20220625113326,20220625170224,20220625113326,,,50,,,Y,2,2
3022,제주 첨단_꿈에그린 2단지 아파트,KL001831,07,02,제주특별자치도 제주시 첨단로동길 74,33.4534941,126.5754199,20220622215402,20210330204206,20210330221224,20210330204206,,,50,,,Y,2,2
3023,제주 첨단_꿈에그린 2단지 아파트,KL001831,08,02,제주특별자치도 제주시 첨단로동길 74,33.4534941,126.5754199,20220625224004,20210329190303,20210330052317,20210329190303,,,50,,,Y,3,3
3024,제주 첨단_꿈에그린 2단지 아파트,KL001831,09,02,제주특별자치도 제주시 첨단로동길 74,33.4534941,126.5754199,20220625210012,20210328115355,20210328125910,20210328115355,,,50,,,Y,2,2
3025,제주 첨단_꿈에그린 2단지 아파트,KL001831,10,02,제주특별자치도 제주시 첨단로동길 74,33.4534941,126.5754199,20220624170204,20210330141608,20210330191511,20210330141608,,,50,,,Y,2,2
3026,제주 첨단_꿈에그린 2단지 아파트,KL001831,11,02,제주특별자치도 제주시 첨단로동길 74,33.4534941,126.5754199,20220625163402,20210329182723,20210329223736,20210329182723,,,50,,,Y,2,2
3027,제주 첨단_꿈에그린 2단지 아파트,KL001831,12,02,제주특별자치도 제주시 첨단로동길 74,33.4534941,126.5754199,20220625161402,20210330090801,20210330112827,20210330090801,,,50,,,Y,4,4
3028,제주 첨단_꿈에그린 2단지 아파트,KL001831,13,02,제주특별자치도 제주시 첨단로동길 74,33.4534941,126.5754199,20220624230402,20210330182353,20210330201927,20210330182353,,,50,,,Y,2,2
3029,제주 첨단_꿈에그린 2단지 아파트,KL001831,14,02,제주특별자치도 제주시 첨단로동길 74,33.4534941,126.5754199,20220625225402,20210330180222,20210330213305,20210330180222,,,50,,,Y,2,2
3030,제주 첨단_꿈에그린 2단지 아파트,KL001831,15,02,제주특별자치도 제주시 첨단로동길 74,33.4534941,126.5754199,20220625002202,20210329172712,20210329204433,20210329172712,,,50,,,Y,2,2
3031,제주 첨단_꿈에그린 2단지 아파트,KL001831,16,02,제주특별자치도 제주시 첨단로동길 74,33.4534941,126.5754199,20220624094603,20210331115610,20210331141446,20210331115610,,,50,,,Y,2,2
3032,제주 첨단_꿈에그린 2단지 아파트_01,KL001852,01,02,제주특별자치도 제주시 첨단로동길 74,33.4534941,126.5754199,20220625230202,20210330175638,20210330192304,20210330175638,,,50,,,Y,2,2
3033,제주 첨단_꿈에그린 2단지 아파트_01,KL001852,02,02,제주특별자치도 제주시 첨단로동길 74,33.4534941,126.5754199,20220625194005,20210330165857,20210330191740,20210330165857,,,50,,,Y,3,3
3034,제주 첨단_꿈에그린 2단지 아파트_01,KL001852,03,02,제주특별자치도 제주시 첨단로동길 74,33.4534941,126.5754199,20220625234402,20210330174702,20210330185238,20210330174702,,,50,,,Y,2,2
3035,제주 첨단_꿈에그린 2단지 아파트_01,KL001852,04,02,제주특별자치도 제주시 첨단로동길 74,33.4534941,126.5754199,20220625223801,20210329160018,20210329175731,20210329160018,,,50,,,Y,2,2
3036,제주 첨단_꿈에그린 2단지 아파트_01,KL001852,05,02,제주특별자치도 제주시 첨단로동길 74,33.4534941,126.5754199,20220625223801,20210329174847,20210329233100,20210329174847,,,50,,,Y,2,2
3037,제주 첨단_꿈에그린 2단지 아파트_01,KL001852,06,02,제주특별자치도 제주시 첨단로동길 74,33.4534941,126.5754199,20220625184602,20210330172241,20210330213850,20210330172241,,,50,,,Y,2,2
3038,제주 첨단_꿈에그린 2단지 아파트_01,KL001852,07,02,제주특별자치도 제주시 첨단로동길 74,33.4534941,126.5754199,20220625215003,20210330171311,20210330212329,20210330171311,,,50,,,Y,3,3
3039,제주 첨단_꿈에그린 2단지 아파트_01,KL001852,08,02,제주특별자치도 제주시 첨단로동길 74,33.4534941,126.5754199,20220625215202,20210330144800,20210330232324,20210330144800,,,50,,,Y,2,2
3040,제주 첨단_꿈에그린 2단지 아파트_01,KL001852,09,02,제주특별자치도 제주시 첨단로동길 74,33.4534941,126.5754199,20220625224601,20210326174214,20210326215730,20210326174214,,,50,,,Y,3,3
3041,제주 첨단_꿈에그린 2단지 아파트_01,KL001852,10,02,제주특별자치도 제주시 첨단로동길 74,33.4534941,126.5754199,20220625042803,20210330210932,20210331002300,20210330210932,,,50,,,Y,2,2
3042,제주 첨단 꿈에그린 2단지,KL001853,01,02,제주특별자치도 제주시 첨단로동길 74,33.4534941,126.5754199,20220625233803,20220625223002,20220625225110,20220625223002,,,50,,,Y,2,2
3043,제주 첨단 꿈에그린 2단지,KL001853,02,02,제주특별자치도 제주시 첨단로동길 74,33.4534941,126.5754199,20220625222803,20220625171033,20220625180306,20220625222517,,,50,,,Y,3,3
3044,제주 첨단 꿈에그린 2단지,KL001853,03,02,제주특별자치도 제주시 첨단로동길 74,33.4534941,126.5754199,20220625213202,20211024180535,20211025022553,20211024180535,,,50,,,Y,3,3
3045,제주 첨단 꿈에그린 2단지,KL001853,04,02,제주특별자치도 제주시 첨단로동길 74,33.4534941,126.5754199,20220625225603,20211024175646,20211024212718,20211024175646,,,50,,,Y,2,2
3046,제주 첨단 꿈에그린 2단지,KL001853,05,02,제주특별자치도 제주시 첨단로동길 74,33.4534941,126.5754199,20220604232803,20220604174640,20220604232642,20220604174640,,,50,,,Y,2,2
3047,제주 첨단 꿈에그린 2단지,KL001853,06,02,제주특별자치도 제주시 첨단로동길 74,33.4534941,126.5754199,20220624063010,20220623235806,20220624062420,20220623235806,,,50,,,Y,2,2
3048,제주 첨단 꿈에그린 2단지,KL001853,07,02,제주특별자치도 제주시 첨단로동길 74,33.4534941,126.5754199,20220625192603,20220625170512,20220625192021,20220625170512,,,50,,,Y,2,2
3049,제주 첨단 꿈에그린 2단지,KL001853,08,02,제주특별자치도 제주시 첨단로동길 74,33.4534941,126.5754199,20220625113602,20220625103109,20220625113434,20220625103109,,,50,,,Y,4,4
3050,법환동마을회관,KL001890,01,02,제주특별자치도 서귀포시 이어도로 968,33.2404823,126.5165954,20220623142402,20220623133108,20220623142355,20220623133108,7,단독,50,,,Y,2,2
3051,제주테크윈,KL002054,01,02,제주특별자치도 서귀포시 호근서호로 190,33.25764,126.52064,20220625001204,20220402075139,20220402075339,,7,단독,50,,,Y,2,2
3052,제주테크윈,KL002054,02,02,제주특별자치도 서귀포시 호근서호로 190,33.25764,126.52064,20220624223604,20211214143022,20211214143113,,7,단독,50,,,Y,2,2
3053,제주테크윈,KL002054,03,02,제주특별자치도 서귀포시 호근서호로 190,33.25764,126.52064,20220625210403,20211214160554,20211214160640,,7,단독,50,,,Y,2,2
3054,제주테크윈,KL002054,04,02,제주특별자치도 서귀포시 호근서호로 190,33.25764,126.52064,20220625210603,20220513114403,20220513132146,20220513114403,7,단독,50,,,Y,2,2
3055,제주테크윈,KL002054,05,02,제주특별자치도 서귀포시 호근서호로 190,33.25764,126.52064,20220621132804,20220429203714,20220429231517,,7,단독,50,,,Y,2,2
3056,제주테크윈,KL002054,06,02,제주특별자치도 서귀포시 호근서호로 190,33.25764,126.52064,20220623081603,20211214152016,20211214152100,,7,단독,50,,,Y,2,2
3057,제주테크윈,KL002054,07,02,제주특별자치도 서귀포시 호근서호로 190,33.25764,126.52064,20220623134603,20211214154059,20211214154149,,7,단독,50,,,Y,2,2
3058,제주테크윈,KL002054,08,02,제주특별자치도 서귀포시 호근서호로 190,33.25764,126.52064,20220610015004,20211214154230,20211214154314,,7,단독,50,,,Y,2,2
3059,훈데르트바서파크,KL002147,01,04,제주특별자치도 제주시 우도면 연평리 1732,33.49241,126.95483,20220623190402,20220622194524,20220622194727,20220622194524,50,단독,50,,,Y,2,2
3060,서귀포지사,KP000133,01,06,제주특별자치도 서귀포시 신중로 56,33.254374,126.510819,20220625191803,20220625183011,20220625191752,20220625183011,,,50,,,Y,2,2
3061,서귀포지사,KP000133,02,02,제주특별자치도 서귀포시 신중로 56,33.254374,126.510819,20220616133802,20220615161806,20220615180530,20220615161806,,,50,,,Y,2,2
3062,서귀포지사,KP000133,03,02,제주특별자치도 서귀포시 신중로 56,33.254374,126.510819,20220625224310,,,,,,50,,,Y,9,9
3063,서귀포지사,KP000133,04,02,제주특별자치도 서귀포시 신중로 56,33.254374,126.510819,20220625224310,,,,,,50,,,Y,9,9
3064,서귀포지사,KP000133,05,02,제주특별자치도 서귀포시 신중로 56,33.254374,126.510819,20220625224310,,,,,,50,,,Y,9,9
3065,서귀포지사,KP000133,06,02,제주특별자치도 서귀포시 신중로 56,33.254374,126.510819,20220624152609,20220622152048,20220622174001,20220624152308,,,50,,,Y,3,3
3066,서귀포지사,KP000133,07,02,제주특별자치도 서귀포시 신중로 56,33.254374,126.510819,20220622195804,20220622160836,20220622195703,20220622160836,,,50,,,Y,2,2
3067,서귀포지사,KP000133,08,02,제주특별자치도 서귀포시 신중로 56,33.254374,126.510819,20220625070502,20220623165726,20220623193001,20220623165726,,,50,,,Y,2,2
3068,서귀포지사,KP000133,09,06,제주특별자치도 서귀포시 신중로 56,33.254374,126.510819,20220625235608,20220625182701,20220625193251,20220625235521,,,50,,,Y,3,2
3069,서귀포지사,KP000133,10,06,제주특별자치도 서귀포시 신중로 56,33.254374,126.510819,20220625201402,20220625193047,20220625201237,20220625193047,,,50,,,Y,2,2
3070,서제주변환소,KP000134,01,02,제주특별자치도 제주시 월산남길 243,33.455139701,126.4736679228,20220625224310,20211230141124,20211230141350,20211123101904,,,50,,,Y,9,9
3071,서제주변환소,KP000134,02,02,제주특별자치도 제주시 월산남길 243,33.455139701,126.4736679228,20220625224310,20211230141447,20211230142532,20211230141447,,,50,,,Y,9,9
3072,제주전력지사,KP000136,01,06,제주특별자치도 제주시 가령로 68,33.498596,126.536653,20220625141103,20220625135345,20220625141010,20220625135345,,,50,,,Y,2,2
3073,제주전력지사,KP000136,02,02,제주특별자치도 제주시 가령로 68,33.498596,126.536653,20220624164602,20220623174504,20220623203500,20220624164144,,,50,,,Y,3,3
3074,제주전력지사,KP000136,03,02,제주특별자치도 제주시 가령로 68,33.498596,126.536653,20220609150004,20220608172552,20220608222001,20220608172552,,,50,,,Y,2,2
3075,제주전력지사,KP000136,04,02,제주특별자치도 제주시 가령로 68,33.498596,126.536653,20220621093303,20220620154738,20220620182001,20220620154738,,,50,,,Y,2,2
3076,제주전력지사,KP000136,05,02,제주특별자치도 제주시 가령로 68,33.498596,126.536653,20220624130303,20220623172616,20220623193001,20220623172616,,,50,,,Y,2,2
3077,제주직할,KP000137,01,06,제주특별자치도 제주시 문연로 36,33.48929,126.501216,20220625194904,20220625185237,20220625194854,20220625185237,,,50,,,Y,2,2
3078,제주직할,KP000137,02,06,제주특별자치도 제주시 문연로 36,33.48929,126.501216,20220625175004,20220625170949,20220625174850,20220625170949,,,50,,,Y,2,2
3079,제주직할,KP000137,03,02,제주특별자치도 제주시 문연로 36,33.48929,126.501216,20220624160106,20220623154825,20220623171001,20220624155531,,,50,,,Y,3,3
3080,제주직할,KP000137,04,02,제주특별자치도 제주시 문연로 36,33.48929,126.501216,20220624200006,20220624153741,20220624195923,20220624153741,,,50,,,Y,2,2
3081,제주직할,KP000137,05,02,제주특별자치도 제주시 문연로 36,33.48929,126.501216,20220624194503,20220624144716,20220624194420,20220624144716,,,50,,,Y,2,2
3082,제주직할,KP000137,06,02,제주특별자치도 제주시 문연로 36,33.48929,126.501216,20220624140905,20220624133647,20220624140848,20220624133647,,,50,,,Y,2,2
3083,제주직할,KP000137,07,02,제주특별자치도 제주시 문연로 36,33.48929,126.501216,20220624163603,20220617162309,20220617194501,20220624163151,,,50,,,Y,3,3
3084,제주직할,KP000137,08,02,제주특별자치도 제주시 문연로 36,33.48929,126.501216,20220624174805,20220624160732,20220624174720,20220624160732,,,50,,,Y,2,2
3085,제주직할,KP000137,09,02,제주특별자치도 제주시 문연로 36,33.48929,126.501216,20220609191604,20220609160541,20220609191546,20220609160541,,,50,,,Y,2,2
3086,제주직할,KP000137,10,02,제주특별자치도 제주시 문연로 36,33.48929,126.501216,20220617203005,20220617161601,20220617202902,20220617161601,,,50,,,Y,2,2
3087,제주직할,KP000137,11,02,제주특별자치도 제주시 문연로 36,33.48929,126.501216,20220624130406,20220623183256,20220623211001,20220623183256,,,50,,,Y,2,2
3088,제주직할,KP000137,12,02,제주특별자치도 제주시 문연로 36,33.48929,126.501216,20220624161604,20220623180935,20220623205501,20220624161416,,,50,,,Y,3,3
3089,제주직할,KP000137,13,02,제주특별자치도 제주시 문연로 36,33.48929,126.501216,20220624102109,20220623172227,20220623225001,20220623172227,,,50,,,Y,2,2
3090,제주직할,KP000137,14,02,제주특별자치도 제주시 문연로 36,33.48929,126.501216,20220624164104,20220623183511,20220623203001,20220624163700,,,50,,,Y,3,3
3091,제주직할,KP000137,15,02,제주특별자치도 제주시 문연로 36,33.48929,126.501216,20220624153104,20220621162144,20220621180501,20220624152703,,,50,,,Y,3,3
3092,제주직할,KP000137,16,02,제주특별자치도 제주시 문연로 36,33.48929,126.501216,20220625224310,,,,,,50,,,Y,9,9
3093,스마트그리드 홍보관,KP000138,01,06,제주특별자치도 제주시 구좌읍 행원로 13길 122,33.55709901,126.8131196,20220624221902,20220624215630,20220624221802,20220624215630,,,50,,,Y,2,2
3094,스마트그리드 홍보관,KP000138,02,06,제주특별자치도 제주시 구좌읍 행원로 13길 122,33.55709901,126.8131196,20220625224310,20220607124828,20220607133339,20220607124828,,,50,,,Y,9,9
3095,스마트그리드 홍보관,KP000138,03,02,제주특별자치도 제주시 구좌읍 행원로 13길 122,33.55709901,126.8131196,20220625200702,20220625194615,20220625200537,20220625194615,,,50,,,Y,2,2
3096,스마트그리드 홍보관,KP000138,04,02,제주특별자치도 제주시 구좌읍 행원로 13길 122,33.55709901,126.8131196,20220625155804,20220625155250,20220625155655,20220625155250,,,50,,,Y,2,2
3097,스마트그리드 홍보관,KP000138,05,06,제주특별자치도 제주시 구좌읍 행원로 13길 122,33.55709901,126.8131196,20190524172710,,,,,,50,,,Y,9,9
3098,스마트그리드 홍보관,KP000138,06,06,제주특별자치도 제주시 구좌읍 행원로 13길 122,33.55709901,126.8131196,20190524172710,,,,,,50,,,Y,9,9
3099,한전APT,KP000139,01,02,제주특별자치도 제주시 선사로6길 63,33.5278871645,126.5911383972,20220625224310,20211007100507,20211007100636,,,,50,,,Y,9,9
3100,한전APT,KP000139,02,02,제주특별자치도 제주시 선사로6길 63,33.5278871645,126.5911383972,20220625224310,20211007100123,20211007100413,,,,50,,,Y,9,9
3101,종합경기장,KP000199,01,06,제주특별자치도 제주시 오라1동 1163-4,33.4955320993,126.5173239443,20220625232215,20220625230719,20220625231135,20220625232153,,,50,,,Y,3,3
3102,종합경기장,KP000199,02,06,제주특별자치도 제주시 오라1동 1163-4,33.4955320993,126.5173239443,20220625193505,20220625185239,20220625193411,20220625185239,,,50,,,Y,2,2
3103,종합경기장,KP000199,03,06,제주특별자치도 제주시 오라1동 1163-4,33.4955320993,126.5173239443,20220625215008,20220625212149,20220625214916,20220625212149,,,50,,,Y,2,2
3104,종합경기장,KP000199,04,06,제주특별자치도 제주시 오라1동 1163-4,33.4955320993,126.5173239443,20220625215606,20220625211851,20220625215456,20220625211851,,,50,,,Y,2,2
3105,종합경기장,KP000199,05,06,제주특별자치도 제주시 오라1동 1163-4,33.4955320993,126.5173239443,20220625221702,20220625213630,20220625221541,20220625213630,,,50,,,Y,2,2
3106,서부소방서,KP000256,01,06,제주특별자치도 제주시 한림읍 한림중앙로 150,33.402687,126.270434,20220624170503,20220624164513,20220624170432,20220624164513,,,50,,,Y,2,2
3107,서부소방서,KP000256,02,06,제주특별자치도 제주시 한림읍 한림중앙로 150,33.402687,126.270434,20220624183804,20220624173655,20220624183701,20220624173655,,,50,,,Y,2,2
3108,제주 삼양 유적지,KP000257,01,06,제주특별자치도 제주시 삼양1동 1660-5,33.523906,126.588170,20220625170902,20220625165422,20220625170844,20220625165422,,,50,,,Y,2,2
3109,제주 삼양 유적지,KP000257,02,06,제주특별자치도 제주시 삼양1동 1660-5,33.523906,126.588170,20220625202111,20220625200432,20220625202036,20220625200432,,,50,,,Y,2,2
3110,제주의료원,KP000258,01,06,제주특별자치도 제주시 아라1동 4-17,33.445522,126.560081,20220625123113,20220625120325,20220625123031,20220625120325,,,50,,,Y,2,2
3111,제주의료원,KP000258,02,06,제주특별자치도 제주시 아라1동 4-17,33.445522,126.560081,20220624131115,20220624124310,20220624131048,20220624124310,,,50,,,Y,2,2
3112,한림체육관,KP000259,01,06,제주특별자치도 제주시 한림읍 한림리 887-2,33.409203,126.268436,20220625145205,20220625141106,20220625145149,20220625141106,,,50,,,Y,2,2
3113,한림체육관,KP000259,02,06,제주특별자치도 제주시 한림읍 한림리 887-2,33.409203,126.268436,20220625144007,20220625142234,20220625143949,20220625142234,,,50,,,Y,2,2
3114,한경119센터,KP000260,01,06,제주특별자치도 제주시 일주서로 4218,33.342896,126.182928,20220625224310,20220412141505,20220412145452,20220412141505,,,50,,,Y,9,9
3115,남원생활체육관,KP000381,01,06,제주특별자치도 서귀포시 남원읍 태위로 551-28,33.278181,126.704406,20220625224310,20220207181837,20220207183659,20220207181837,,,50,,,Y,9,9
3116,남원생활체육관,KP000381,02,06,제주특별자치도 서귀포시 남원읍 태위로 551-28,33.278181,126.704406,20220625224310,20220207122022,20220207125837,20220207122022,,,50,,,Y,9,9
3117,난산리 다목적회관,KP000382,01,06,제주특별자치도 서귀포시 성산읍 난산리 1074,33.401291,126.870952,20220623130704,20220623122735,20220623130638,20220623122735,,,50,,,Y,2,2
3118,난산리 다목적회관,KP000382,02,02,제주특별자치도 서귀포시 성산읍 난산리 1074,33.401291,126.870952,20220624132703,20220624092028,20220624132618,20220624092028,,,50,,,Y,2,2
3119,서귀포의료원,KP000383,01,06,제주특별자치도 서귀포시 동홍동 1530-2,33.25623,126.564014,20220625190502,20220625180417,20220625190419,20220625180417,,,50,,,Y,2,2
3120,수산1리 복지회관,KP000384,01,06,제주특별자치도 서귀포시 성산읍 수산리 703-1,33.446088,126.883146,20220625212007,20220625211718,20220625211952,20220625211718,,,50,,,Y,2,2
3121,수산1리 복지회관,KP000384,02,02,제주특별자치도 서귀포시 성산읍 수산리 703-1,33.446088,126.883146,20220624180905,20220624124812,20220624170501,20220624124812,,,50,,,Y,2,2
3122,수산1리 복지회관,KP000384,03,02,제주특별자치도 서귀포시 성산읍 수산리 703-1,33.446088,126.883146,20220624221305,20220624175148,20220624220500,20220624175148,,,50,,,Y,2,2
3123,정방폭포,KP000385,01,06,제주특별자치도 서귀포시 동홍동278,33.245004,126.573164,20220625210702,20220625204723,20220625210642,20220625204723,,,50,,,Y,2,2
3124,정방폭포,KP000385,02,02,제주특별자치도 서귀포시 동홍동278,33.245004,126.573164,20220625181005,20220625175012,20220625180926,20220625175012,,,50,,,Y,2,2
3125,개인택시조합,KP000386,01,06,제주특별자치도 제주시 노형동,33.482757,126.471945,20220625211503,20220625201925,20220625211333,20220625201925,,,50,,,Y,2,2
3126,개인택시조합,KP000386,02,06,제주특별자치도 제주시 노형동,33.482757,126.471945,20220625233403,20220625223842,20220625233323,20220625223842,,,50,,,Y,2,2
3127,행복날개 주유소,KP000387,01,06,제주특별자치도 제주시 용문로 12,33.505297,126.497593,20220625194304,20220625191815,20220625194226,20220625191815,,,50,,,Y,2,2
3128,행복날개 주유소,KP000387,02,06,제주특별자치도 제주시 용문로 12,33.505297,126.497593,20220625163202,20220624212549,20220624212620,20220625163143,,,50,,,Y,3,3
3129,LH제주본부,KP000403,01,06,제주특별자치도 제주시 전농로 100,33.504328,126.523778,20220625212302,20220625201556,20220625212219,20220625201556,,,50,,,Y,2,2
3130,국립제주박물관,KP000404,01,06,제주특별자치도 제주시 일주동로 17,33.514248,126.54897,20220625171504,20220625163539,20220625171403,20220625163539,,,50,,,Y,2,2
3131,국립제주박물관,KP000404,02,06,제주특별자치도 제주시 일주동로 17,33.514248,126.54897,20220625163504,20220625155159,20220625163441,20220625155159,,,50,,,Y,2,2
3132,국립제주박물관,KP000404,03,04,제주특별자치도 제주시 일주동로 17,33.514248,126.54897,20220624133506,20220624124346,20220624130721,20220624124346,50,단독,50,,,Y,2,2
3133,김창열미술관,KP000405,01,06,제주특별자치도 제주시 한림읍 용금로 883-5,33.339346,126.268699,20220625130902,20220625125116,20220625130804,20220625125116,,,50,,,Y,2,2
3134,김창열미술관,KP000405,02,06,제주특별자치도 제주시 한림읍 용금로 883-5,33.339346,126.268699,20220625183504,20220625181538,20220625183331,20220625181538,,,50,,,Y,2,2
3135,도두동 주민센터,KP000406,01,06,제주특별자치도 제주시 도두1길 9-1,33.50311,126.468194,20220625215804,20220625204648,20220625214319,20220625204648,,,50,,,Y,2,2
3136,동부농업기술센타,KP000407,01,06,제주특별자치도 제주시 김녕남 6길 8,33.550276,126.750427,20220624150504,20220624143023,20220624150453,20220624143023,,,50,,,Y,2,2
3137,동부농업기술센타,KP000407,02,06,제주특별자치도 제주시 김녕남 6길 8,33.550276,126.750427,20220624172804,20220624161435,20220624172646,20220624161435,,동시,50,,,Y,2,2
3138,동부농업기술센타,KP000407,04,06,제주특별자치도 제주시 김녕남 6길 8,33.550276,126.750427,,,,,,,50,,,Y,9,9
3139,베스트힐 주차장(조천읍),KP000409,01,06,제주특별자치도 제주시 조천읍 남조로 2109-38,33.456637,126.656834,20220625205003,20220625200856,20220625204845,20220625200856,,,50,,,Y,2,2
3140,부민장례식장,KP000410,01,06,제주특별자치도 제주시 연북로 378,33.480499,126.521874,20220625224310,,,,,,50,,,Y,9,9
3141,부민장례식장,KP000410,02,06,제주특별자치도 제주시 연북로 378,33.480499,126.521874,20220625224310,,,,,,50,,,Y,9,9
3142,서부경찰서,KP000412,01,06,제주특별자치도 제주시 애월읍 애조로 215,33.473854,126.406239,20220625224403,20220625174645,20220625210508,20220625224344,,,50,,,Y,3,3
3143,서부경찰서,KP000412,02,06,제주특별자치도 제주시 애월읍 애조로 215,33.473854,126.406239,20220625202003,20220625141145,20220625143701,20220625201919,,,50,,,Y,3,3
3144,송당리사무소,KP000413,01,06,제주특별자치도 제주시 송당리 1265-1,33.471628,126.77915,20220625224310,20220113175217,20220113182515,20220113175217,,,50,,,Y,9,9
3145,애월119센터,KP000414,01,06,제주특별자치도 제주시 애월읍 일주서로 6513,33.466829,126.348878,20220625172204,20220625163934,20220625171925,20220625163934,,,50,,,Y,2,2
3146,애월119센터,KP000414,02,06,제주특별자치도 제주시 애월읍 일주서로 6513,33.466829,126.348878,20220625232612,20220625230455,20220625232455,20220625230455,,,50,,,Y,2,2
3147,유리의성,KP000415,01,06,제주특별자치도 제주시 한경면 녹차분재로 462,33.31507,126.273427,20220625214610,20220624100327,20220624100348,20220625121946,,,50,,,Y,2,2
3148,유리의성,KP000415,02,04,제주특별자치도 제주시 한경면 녹차분재로 462,33.31507,126.273427,20220625224310,20220625180230,20220625184143,20220625110016,,,50,,,Y,9,9
3149,유리의성,KP000415,03,04,제주특별자치도 제주시 한경면 녹차분재로 462,33.31507,126.273427,20220625224310,20220625201129,20220625210923,20220625201129,,,50,,,Y,9,9
3150,유수암,KP000416,01,06,제주특별자치도 제주시 애월읍 유수암리 1014,33.423829,126.407974,20220625231802,20220625225431,20220625231652,20220625225431,,,50,,,Y,2,2
3151,유수암,KP000416,02,04,제주특별자치도 제주시 애월읍 유수암리 1014,33.423829,126.407974,20220206164310,20220203160930,20220203202003,20220204164823,,,50,,,Y,9,9
3152,제주 동부보건소,KP000417,01,06,제주특별자치도 제주시 구좌읍 김녕료 14길 6,33.554663,126.751331,20220625193205,20220625190630,20220625193049,20220625190630,,,50,,,Y,2,2
3153,제주 동부보건소,KP000417,02,06,제주특별자치도 제주시 구좌읍 김녕료 14길 6,33.554663,126.751331,20220625202604,20220625160753,20220625164634,20220625202502,,,50,,,Y,3,3
3154,조천119센터,KP000419,01,06,제주특별자치도 제주시 조천읍 신북로 337,33.541344,126.64686,20220625212007,20220625210922,20220625211728,20220625211943,,,50,,,Y,3,3
3155,한라산국립공원 관음사탐방안내소,KP000420,01,06,제주특별자치도 제주시 산록북로 588,33.422222,126.55028,20220625162901,20220625112238,20220625120347,20220625112238,,,50,,,Y,2,2
3156,한라산국립공원 어리목탐방안내소,KP000421,01,06,제주특별자치도 제주시 1100로 2070-61,33.392437,126.494598,20220619132104,20220619122015,20220619132019,20220619122015,,,50,,,Y,2,2
3157,한라산국립공원 어리목탐방안내소,KP000421,02,06,제주특별자치도 제주시 1100로 2070-61,33.392437,126.494598,20220625224310,20211113121341,20211113124029,20211113121341,,,50,,,Y,9,9
3158,해양경비안전센터 고산출장소,KP000422,01,06,제주특별자치도 제주시 한경면 노을해안로 1145,33.308393,126.164154,20220625224310,,,,,,50,,,Y,9,9
3159,해양경비안전센터 고산출장소,KP000422,02,02,제주특별자치도 제주시 한경면 노을해안로 1145,33.308393,126.164154,20220625224310,,,,,,50,,,Y,9,9
3160,가시리 조랑말체험공원,KP000425,01,06,제주특별자치도 서귀포시 녹산로 381-15,33.376661,126.744774,20220625191204,20220625181659,20220625191130,20220625181659,,,50,,,Y,2,2
3161,강창학경기장,KP000426,01,06,제주특별자치도 서귀포시 중산간서로 95,33.259867,126.50178,20220625191607,20220625183624,20220625191535,20220625183624,,,50,,,Y,2,2
3162,강창학경기장,KP000426,02,06,제주특별자치도 서귀포시 중산간서로 95,33.259867,126.50178,20220625190201,20220625182514,20220625190116,20220625182514,,,50,,,Y,2,2
3163,강창학경기장,KP000426,03,06,제주특별자치도 서귀포시 중산간서로 95,33.259867,126.50178,20220621214801,20220621213926,20220621214710,20220621213926,,,50,,,Y,2,2
3164,남원 의례회관 주차장,KP000427,01,06,제주특별자치도 서귀포시 남원리 381,33.294428,126.711368,20220625180204,20220625122309,20220625124419,20220625180107,,,50,,,Y,3,3
3165,남원 의례회관 주차장,KP000427,02,06,제주특별자치도 서귀포시 남원리 381,33.294428,126.711368,20220625184008,20220625172727,20220625183918,20220625172727,,,50,,,Y,2,2
3166,대천동주민센터,KP000428,01,06,제주특별자치도 서귀포시 도순로 44,33.251056,126.477564,20220625183902,20220625181619,20220625183809,20220625181619,,,50,,,Y,2,2
3167,동부소방서,KP000429,01,06,제주특별자치도 서귀포시 성산읍 일주동로 4120번길 7,33.460444,126.910027,20220625200403,20220625114106,20220625120411,20220625200350,,,50,,,Y,3,3
3168,서귀포해양경비안전서,KP000430,01,06,제주특별자치도 서귀포시 서호남로 11,33.251271,126.513811,20220625121204,20220624200818,20220625121107,20220624200818,,,50,,,Y,2,2
3169,서귀포해양경비안전서,KP000430,02,06,제주특별자치도 서귀포시 서호남로 11,33.251271,126.513811,20220625202404,20220625194258,20220625202242,20220625194258,,,50,,,Y,2,2
3170,성산하수처리장,KP000431,01,06,제주특별자치도 서귀포시 성산읍 고성동서로 115,33.452052,126.918956,20220625233800,20220625231820,20220625233715,20220625231820,,,50,,,Y,2,2
3171,성산하수처리장,KP000431,02,02,제주특별자치도 서귀포시 성산읍 고성동서로 115,33.452052,126.918956,20220625175113,20220625161028,20220625175034,20220625161028,,,50,,,Y,2,2
3172,성산하수처리장,KP000431,03,02,제주특별자치도 서귀포시 성산읍 고성동서로 115,33.452052,126.918956,20220625224310,,,,,,50,,,Y,9,9
3173,안덕119센터,KP000432,01,06,제주특별자치도 서귀포시 대정읍 화순서서로 2,33.268306,126.260725,20220625224310,,,,,,50,,,Y,9,9
3174,안덕119센터,KP000432,02,06,제주특별자치도 서귀포시 대정읍 화순서서로 2,33.268306,126.260725,20220625224310,,,,,,50,,,Y,9,9
3175,안덕계곡 주차장,KP000433,01,06,제주특별자치도 서귀포시 감산리 345,33.257836,126.353287,20220625214607,20220625212111,20220625212303,20220625214518,,,50,,,Y,3,3
3176,안덕계곡 주차장,KP000433,02,06,제주특별자치도 서귀포시 감산리 345,33.257836,126.353287,20220625151201,20220625143100,20220625150015,20220625143100,,,50,,,Y,2,2
3177,안덕생활체육관,KP000434,01,06,제주특별자치도 서귀포시 화순서서로 59,33.256075,126.328364,20220624154010,20220624152918,20220624153931,20220624152918,,,50,,,Y,2,2
3178,안덕생활체육관,KP000434,02,06,제주특별자치도 서귀포시 화순서서로 59,33.256075,126.328364,20220625212112,20220625170626,20220625190202,20220625212032,,,50,,,Y,3,3
3179,영실매표소,KP000435,01,06,제주특별자치도 서귀포시 영실로 246,33.370049,126.555628,20220625160604,20220625155243,20220625160511,20220625155243,,,50,,,Y,2,2
3180,영어교육도시119센터,KP000436,01,06,제주특별자치도 서귀포시 대정읍 에듀시티로 238,33.282212,126.272676,20220625142203,20220625132120,20220625142126,20220625132120,,,50,,,Y,2,2
3181,영어교육도시119센터,KP000436,02,06,제주특별자치도 서귀포시 대정읍 에듀시티로 238,33.282212,126.272676,20220625180004,20220625174323,20220625175931,20220625174323,,,50,,,Y,2,2
3182,예래동주민센터,KP000437,01,06,제주특별자치도 서귀포시 예래로 82,33.254524,126.397962,20220625193601,20220625190836,20220625193501,20220625190836,,,50,,,Y,2,2
3183,용머리해안,KP000438,01,06,제주특별자치도 서귀포시 안덕면 사계남로216번길 28,33.2339822,126.311100,20220625224310,20220623194435,20220623200153,20220623194435,,,50,,,Y,9,9
3184,용머리해안,KP000438,02,06,제주특별자치도 서귀포시 안덕면 사계남로216번길 28,33.2339822,126.311100,20220625224310,20220623104102,20220623113536,20220623104102,,,50,,,Y,9,9
3185,용머리해안,KP000438,03,02,제주특별자치도 서귀포시 안덕면 사계남로216번길 28,33.2339822,126.311100,20220625224310,20220623135859,20220623145113,20220623135859,,,50,,,Y,9,9
3186,제주국제평화센터,KP000439,01,06,제주특별자치도 서귀포시 중문관광로 227-24,33.244668,126.421889,20220625173303,20220625170235,20220625173209,20220625170235,,,50,,,Y,2,2
3187,제주국제평화센터,KP000439,02,06,제주특별자치도 서귀포시 중문관광로 227-24,33.244668,126.421889,20220625164505,20220625143449,20220625164407,20220625143449,,,50,,,Y,2,2
3188,청소년 문화의 집,KP000440,01,06,제주특별자치도 서귀포시 화순로 56번길 20,33.249783,126.337094,20220625221702,20220625210906,20220625221632,20220625210906,,,50,,,Y,2,2
3189,화순리 종합복지관,KP000441,01,06,제주특별자치도 서귀포시 화순서서로 106,33.242815,126.336263,20220625181205,20220625174908,20220625181100,20220625174908,,,50,,,Y,2,2
3190,서부농업기술센터,KP000678,01,06,제주특별자치도 제주시 한림읍 월림7길 90,33.35376181622,126.2486856747,20220625172601,20220625170418,20220625172438,20220625170418,,,50,,,Y,2,2
3191,서부농업기술센터,KP000678,02,06,제주특별자치도 제주시 한림읍 월림7길 90,33.35376181622,126.2486856747,20220625154800,20220625152923,20220625154704,20220625152923,,,50,,,Y,2,2
3192,제주KCTV,KP000679,01,06,제주특별자치도 제주시 아연로 2,33.48129145977,126.4962611504,20220625224310,,,,,,50,,,Y,9,9
3193,제주KCTV,KP000679,02,06,제주특별자치도 제주시 아연로 2,33.48129145977,126.4962611504,20220625224310,,,,,,50,,,Y,9,9
3194,대림 e편한세상,KP000906,01,02,제주특별자치도 서귀포시 동홍동 동홍중앙로 61,33.2560147682,126.5716717128,20220625173102,20220624220756,20220625021321,20220625172937,,,50,,,Y,3,3
3195,대림 e편한세상,KP000906,02,02,제주특별자치도 서귀포시 동홍동 동홍중앙로 61,33.2560147682,126.5716717128,20220625222601,20220625182406,20220625222540,20220625182406,,,50,,,Y,2,2
3196,건입현대 아파트,KP001152,01,06,제주특별자치도 제주시 건입동 만덕로3길 26,33.5167338146,126.5352158506,20220625033810,,,,,,50,,,Y,9,9
3197,금천뜨래별,KP001153,01,02,제주특별자치도 제주시 아라이동 금천길 27,33.4801160397,126.5532284935,20220623182508,20220623155416,20220623182434,20220623155416,,,50,,,Y,2,2
3198,금천뜨래별,KP001153,02,02,제주특별자치도 제주시 아라이동 금천길 27,33.4801160397,126.5532284935,20220625155405,20220625133819,20220625155156,20220625133819,,,50,,,Y,2,2
3199,노형 대림 아파트,KP001154,01,02,제주특별자치도 제주시 노형동 다랑곶4길 9 ,33.4877398182,126.4801462806,20220615111205,20220615110904,20220615111106,20220615110904,,,50,,,Y,2,2
3200,노형 대림 아파트,KP001154,02,02,제주특별자치도 제주시 노형동 다랑곶4길 9 ,33.4877398182,126.4801462806,20220625220505,20220625164032,20220625220150,20220625164032,,,50,,,Y,2,2
3201,노형2차부영 아파트,KP001155,02,02,제주특별자치도 제주시 노형동 754-4,33.476996958,126.4845870615,20220625201104,20220625114044,20220625142001,20220625200904,,,50,,,Y,3,3
3202,노형2차부영 아파트,KP001155,03,02,제주특별자치도 제주시 노형동 754-4,33.476996958,126.4845870615,20220625215104,20220625171040,20220625211335,20220625214826,,,50,,,Y,3,3
3203,노형2차부영 아파트,KP001155,04,02,제주특별자치도 제주시 노형동 754-4,33.476996958,126.4845870615,20220625205104,20220625184552,20220625194001,20220625204704,,,50,,,Y,3,3
3204,노형아이파크,KP001156,01,02,제주특별자치도 제주시 노형동 원노형로 90,33.4804329274,126.4835037193,20220625230401,20220625185320,20220625230350,20220625185320,,,50,,,Y,2,2
3205,노형아이파크,KP001156,02,02,제주특별자치도 제주시 노형동 원노형로 90,33.4804329274,126.4835037193,20220625020102,20220624230214,20220625020010,20220624230214,,,50,,,Y,2,2
3206,노형지구중흥S클래스 아파트,KP001157,01,06,제주특별자치도 제주시 노형동 광평동로 66,33.4850645569,126.467560591,20220625230403,20220625205550,20220625214237,20220625230358,,,50,,,Y,3,3
3207,노형지구중흥S클래스 아파트,KP001157,02,02,제주특별자치도 제주시 노형동 광평동로 66,33.4850645569,126.467560591,20220625165606,20220625165307,20220625165332,20220625165403,,,50,,,Y,3,3
3208,노형지구중흥S클래스 아파트,KP001157,03,02,제주특별자치도 제주시 노형동 광평동로 66,33.4850645569,126.467560591,20220625180606,20220625173131,20220625173322,20220625180221,,,50,,,Y,3,3
3209,노형해든빌,KP001158,01,02,제주특별자치도 제주시 노형동 원노형2길 38 ,33.4829202258,126.481513538,20220625203605,20220625143700,20220625173950,20220625203346,,,50,,,Y,3,3
3210,노형해든빌,KP001158,02,02,제주특별자치도 제주시 노형동 원노형2길 38 ,33.4829202258,126.481513538,20220625191106,20220625155029,20220625190758,20220625155029,,,50,,,Y,2,2
3211,도남1차e-편한세상,KP001159,01,06,제주특별자치도 제주시 도남동 오남로 7-13,33.4957918247,126.521992769,20220625033810,,,,,,50,,,Y,9,9
3212,루온토빌리지,KP001160,01,02,제주특별자치도 제주시 오라이동 연북로 234,33.4801810123,126.5066500505,20220621230403,20220621201348,20220621230307,20220621201348,,,50,,,Y,2,2
3213,루온토빌리지,KP001160,02,02,제주특별자치도 제주시 오라이동 연북로 234,33.4801810123,126.5066500505,20220625202606,20220625174500,20220625202555,20220625174500,,,50,,,Y,2,2
3214,미듬아뜨리에 아파트,KP001161,01,06,제주특별자치도 제주시 삼도이동 중앙로26길 25,33.5051203004,126.522617355,20220625165204,20220625153858,20220625161328,20220625153858,,,50,,,Y,2,2
3215,방선문05차빌리지,KP001162,01,02,제주특별자치도 제주시 아라일동 아란1길 30,33.4748542214,126.5394072771,20220625210604,20220624202604,20220624234501,20220625210227,,,50,,,Y,3,3
3216,방선문05차빌리지,KP001162,02,02,제주특별자치도 제주시 아라일동 아란1길 30,33.4748542214,126.5394072771,20220625214105,20220625001415,20220625025001,20220625213622,,,50,,,Y,3,3
3217,방선문2차빌리지,KP001163,01,02,제주특별자치도 제주시 아라이동 아봉로 69,33.4786342814,126.5503656306,20220625033810,,,,,,50,,,Y,9,9
3218,방선문2차빌리지,KP001163,02,02,제주특별자치도 제주시 아라이동 아봉로 69,33.4786342814,126.5503656306,20220625033810,,,,,,50,,,Y,9,9
3219,방선문3차빌리지,KP001164,01,02,제주특별자치도 제주시 도남동 629,33.486389145,126.5264645636,20220625192116,20220625152417,20220625182023,20220625191514,,,50,,,Y,3,3
3220,방선문3차빌리지,KP001164,02,02,제주특별자치도 제주시 도남동 629,33.486389145,126.5264645636,20220625184206,20220625160456,20220625180501,20220625160456,,,50,,,Y,2,2
3221,방선문4차빌리지,KP001165,01,02,제주특별자치도 제주시 도남동 642-1,33.4862601925,126.5257508143,20220625033810,,,,,,50,,,Y,9,9
3222,방선문4차빌리지,KP001165,02,02,제주특별자치도 제주시 도남동 642-1,33.4862601925,126.5257508143,20220625033810,,,,,,50,,,Y,9,9
3223,봉개블루힐,KP001166,01,02,제주특별자치도 제주시 봉개동 봉개대동10길 12,33.4869394781,126.5997064409,20220625210404,20220625114202,20220625141501,20220625114202,,,50,,,Y,2,2
3224,봉개블루힐,KP001166,02,02,제주특별자치도 제주시 봉개동 봉개대동10길 12,33.4869394781,126.5997064409,20220625235110,20220625181539,20220625204552,20220625234626,,,50,,,Y,3,3
3225,삼부비치 아파트,KP001167,01,02,제주특별자치도 제주시 삼양이동 지석15길 30 ,33.5240247103,126.5857011161,20220625213402,20220625193205,20220625213322,20220625193205,,,50,,,Y,2,2
3226,삼부비치 아파트,KP001167,02,02,제주특별자치도 제주시 삼양이동 지석15길 30 ,33.5240247103,126.5857011161,20220625061204,20220624230526,20220625061119,20220624230526,,,50,,,Y,2,2
3227,신화위더스빌,KP001168,01,02,제주특별자치도 제주시 오라이동 연북로 204 ,33.4808299209,126.5029796635,20220625105606,20220625102714,20220625105543,20220625102714,,,50,,,Y,2,2
3228,아델리움,KP001169,01,02,제주특별자치도 제주시 연동 과원로 118 ,33.4799021744,126.4938441128,20220625223104,20220622193851,20220622214750,20220625222652,,,50,,,Y,3,3
3229,아라뜨래별연립주택,KP001170,01,02,제주특별자치도 제주시 아라이동 인다1길 15,33.4766179864,126.551271164,20220625184103,20220624192601,20220625035719,20220625183653,,,50,,,Y,3,3
3230,아라뜨래별연립주택,KP001170,02,02,제주특별자치도 제주시 아라이동 인다1길 15,33.4766179864,126.551271164,20220625191104,20220625161044,20220625170019,20220625190550,,,50,,,Y,3,3
3231,아라미화 아파트,KP001171,01,02,제주특별자치도 제주시 아라일동 아란12길 8,33.470495895,126.5447748431,20220625220401,20220625195320,20220625220337,20220625195320,,,50,,,Y,2,2
3232,아라미화 아파트,KP001171,02,02,제주특별자치도 제주시 아라일동 아란12길 8,33.470495895,126.5447748431,20220625200801,20220624220439,20220625051743,20220625200117,,,50,,,Y,3,3
3233,아라아이파크,KP001172,01,06,제주특별자치도 제주시 아라일동 인다1길 20,33.4775731335,126.5501258128,20220625033810,,,,,,50,,,Y,9,9
3234,아라아이파크,KP001172,02,02,제주특별자치도 제주시 아라일동 인다1길 20,33.4775731335,126.5501258128,20220625033810,,,,,,50,,,Y,9,9
3235,아라아이파크,KP001172,03,02,제주특별자치도 제주시 아라일동 인다1길 20,33.4775731335,126.5501258128,20220625033810,,,,,,50,,,Y,9,9
3236,아라아이파크,KP001172,04,02,제주특별자치도 제주시 아라일동 인다1길 20,33.4775731335,126.5501258128,20220625033810,,,,,,50,,,Y,9,9
3237,아라원신 아파트,KP001173,02,02,제주특별자치도 제주시 아라일동 중앙로 578,33.4715285843,126.5441368734,20220625215609,20220624213529,20220625004501,20220625215128,,,50,,,Y,3,3
3238,아이고운힐C,KP001175,01,02,제주특별자치도 제주시 오라삼동 연오로 61-19 ,33.4881985734,126.5031872075,20220625225612,20220624220003,20220625010640,20220625225258,,,50,,,Y,3,3
3239,아이고운힐C,KP001175,02,02,제주특별자치도 제주시 오라삼동 연오로 61-19 ,33.4881985734,126.5031872075,20220625230115,20220623173658,20220623231159,20220625225954,,,50,,,Y,3,3
3240,아이린4차 아파트,KP001176,01,02,제주특별자치도 제주시 이도일동 동광로 35 ,33.5027422104,126.5326303182,20220625033810,,,,,,50,,,Y,9,9
3241,아이린4차 아파트,KP001176,02,02,제주특별자치도 제주시 이도일동 동광로 35 ,33.5027422104,126.5326303182,20220625033810,,,,,,50,,,Y,9,9
3242,에덴빌리지2차,KP001177,01,06,제주특별자치도 제주시 조천읍 조천우회로 527,33.531402925,126.665493889,20220623195403,20010316020241,20010316020424,20220609134509,,,50,,,Y,2,2
3243,에덴빌리지2차,KP001177,02,02,제주특별자치도 제주시 조천읍 조천우회로 527,33.531402925,126.665493889,20220625192104,20220624225847,20220625015501,20220625191923,,,50,,,Y,3,3
3244,에덴빌리지2차,KP001177,03,02,제주특별자치도 제주시 조천읍 조천우회로 527,33.531402925,126.665493889,20220625093104,20220625010857,20220625092903,20220625010857,,,50,,,Y,2,2
3245,연동2차미화주택,KP001178,01,02,제주특별자치도 제주시 연동 선덕로8길 20,33.4837345492,126.500660546,20220625113901,20220625080746,20220625113851,20220625080746,,,50,,,Y,2,2
3246,연동아델하임 아파트,KP001179,01,02,제주특별자치도 제주시 연동 신대로 161 ,33.4826795727,126.4966210852,20220613001508,20220612163212,20220613001427,20220612163212,,,50,,,Y,2,2
3247,연동한일시티,KP001180,01,06,제주특별자치도 제주시 연동 2325-7,33.4916011444,126.4885507847,20220625033810,,,,,,50,,,Y,9,9
3248,연동한일시티,KP001180,02,02,제주특별자치도 제주시 연동 2325-7,33.4916011444,126.4885507847,20220625033810,,,,,,50,,,Y,9,9
3249,연동한일시티,KP001180,03,02,제주특별자치도 제주시 연동 2325-7,33.4916011444,126.4885507847,20220625033810,,,,,,50,,,Y,9,9
3250,오등동 진평연립주택,KP001181,01,02,제주특별자치도 제주시 오등동 오등8길 16,33.4707519681,126.5246046036,20220625033810,,,,,,50,,,Y,9,9
3251,오등동 진평연립주택,KP001181,02,02,제주특별자치도 제주시 오등동 오등8길 16,33.4707519681,126.5246046036,20220625033810,,,,,,50,,,Y,9,9
3252,오하임타운하우스,KP001182,01,02,제주특별자치도 제주시 오라이동 연오로 103,33.4844123123,126.5023954022,20220625143006,20220625124703,20220625142931,20220625124703,,,50,,,Y,2,2
3253,오하임타운하우스,KP001182,02,02,제주특별자치도 제주시 오라이동 연오로 103,33.4844123123,126.5023954022,20220625032605,20220624214057,20220625032522,20220624214057,,,50,,,Y,2,2
3254,일도2차신천지,KP001183,01,06,제주특별자치도 제주시 일도이동 천수로 92,33.5061181955,126.5463276109,20220625180506,20220625155552,20220625173618,20220625180416,,,50,,,Y,3,3
3255,일도2차신천지,KP001183,02,02,제주특별자치도 제주시 일도이동 천수로 92,33.5061181955,126.5463276109,20220625043108,20220624224102,20220625043001,20220624224102,,,50,,,Y,2,2
3256,정원파인즈 10차,KP001184,01,06,제주특별자치도 제주시 도남동 137-4,33.4882539724,126.5284428725,20220625033810,,,,,,50,,,Y,9,9
3257,정원파인즈 10차,KP001184,02,02,제주특별자치도 제주시 도남동 137-4,33.4882539724,126.5284428725,20220625033810,,,,,,50,,,Y,9,9
3258,제일빌리지,KP001185,01,02,제주특별자치도 제주시 애월읍 중산간서로 6703-11,33.4622708055,126.4450203549,20220625220105,20220625123035,20220625195246,20220625215903,,,50,,,Y,3,3
3259,제일빌리지,KP001185,02,02,제주특별자치도 제주시 애월읍 중산간서로 6703-11,33.4622708055,126.4450203549,20220625221304,20220625202142,20220625221240,20220625202142,,,50,,,Y,2,2
3260,제일일출연립주택,KP001186,01,06,제주특별자치도 제주시 해안동 해안마을북길 13-13,33.4645030247,126.4498468089,20220625175505,20220625162109,20220625174817,20220625162109,,,50,,,Y,2,2
3261,제일일출연립주택,KP001186,02,02,제주특별자치도 제주시 해안동 해안마을북길 13-13,33.4645030247,126.4498468089,20220625184612,20220623175511,20220624015001,20220625184052,,,50,,,Y,3,3
3262,제주고성LH 아파트,KP001187,01,06,제주특별자치도 제주시 애월읍 고성서3길 15-5,33.4656792324,126.4107262071,20220625033810,,,,,,50,,,Y,9,9
3263,제주노형삼환3차 아파트,KP001188,01,02,제주특별자치도 제주시 노형동 월랑북길 18,33.4911343514,126.4760887034,20220625221109,20220624151138,20220624222540,20220625220809,,,50,,,Y,3,3
3264,제주노형삼환3차 아파트,KP001188,02,02,제주특별자치도 제주시 노형동 월랑북길 18,33.4911343514,126.4760887034,20220625001115,20220624222406,20220625001025,20220624222406,,,50,,,Y,2,2
3265,제주도련LH 아파트,KP001189,01,06,제주특별자치도 제주시 도련1동 1618,33.5078683156,126.5889939606,20220625070801,20220625063847,20220625070709,20220625063847,,,50,,,Y,2,2
3266,제주도련LH 아파트,KP001189,02,02,제주특별자치도 제주시 도련1동 1618,33.5078683156,126.5889939606,20220625211607,20220625110946,20220625141501,20220625211440,,,50,,,Y,3,3
3267,제주도련LH 아파트,KP001189,03,02,제주특별자치도 제주시 도련1동 1618,33.5078683156,126.5889939606,20220625230109,20220625143500,20220625201000,20220625225804,,,50,,,Y,3,3
3268,제주부영1차 아파트,KP001190,01,06,제주특별자치도 제주시 노형동 원노형로 93,33.4804125611,126.4855437573,20220625173611,20220625171144,20220625173440,20220625171144,,,50,,,Y,2,2
3269,제주삼화1단지LH 아파트,KP001191,01,06,제주특별자치도 제주시 화북일동 화삼북로2길 12,33.5165343052,126.57611418,20220625202404,20220625184838,20220625202200,20220625184838,,,50,,,Y,2,2
3270,제주삼화1단지LH 아파트,KP001191,02,02,제주특별자치도 제주시 화북일동 화삼북로2길 12,33.5165343052,126.57611418,20220625230604,20220625161331,20220625191501,20220625230005,,,50,,,Y,3,3
3271,제주삼화1단지LH 아파트,KP001191,03,02,제주특별자치도 제주시 화북일동 화삼북로2길 12,33.5165343052,126.57611418,20220625173104,20220624195645,20220625024501,20220625172950,,,50,,,Y,3,3
3272,제주삼화1단지LH 아파트,KP001191,04,02,제주특별자치도 제주시 화북일동 화삼북로2길 12,33.5165343052,126.57611418,20220625232103,20220625153008,20220625213501,20220625231545,,,50,,,Y,3,3
3273,제주삼화3단지LH 아파트,KP001192,01,06,제주특별자치도 제주시 도련이동 화삼로 110,33.5139135518,126.5849528339,,,,,,,50,,,Y,9,9
3274,제주삼화3단지LH 아파트,KP001192,02,02,제주특별자치도 제주시 도련이동 화삼로 110,33.5139135518,126.5849528339,,,,,,,50,,,Y,9,9
3275,제주삼화3단지LH 아파트,KP001192,03,02,제주특별자치도 제주시 도련이동 화삼로 110,33.5139135518,126.5849528339,20220625182602,20220624213121,20220625021001,20220625182356,,,50,,,Y,3,3
3276,제주삼화3단지LH 아파트,KP001192,04,02,제주특별자치도 제주시 도련이동 화삼로 110,33.5139135518,126.5849528339,,,,,,,50,,,Y,9,9
3277,제주아라LH 아파트,KP001193,01,06,제주특별자치도 제주시 아라일동 인다12길 2,33.4730004682,126.5472189152,20220625033810,,,,,,50,,,Y,9,9
3278,제주아라LH 아파트,KP001193,02,02,제주특별자치도 제주시 아라일동 인다12길 2,33.4730004682,126.5472189152,20220625033810,,,,,,50,,,Y,9,9
3279,제주아라LH 아파트,KP001193,03,02,제주특별자치도 제주시 아라일동 인다12길 2,33.4730004682,126.5472189152,20220625033810,,,,,,50,,,Y,9,9
3280,제주아라LH 아파트,KP001193,04,02,제주특별자치도 제주시 아라일동 인다12길 2,33.4730004682,126.5472189152,20220625033810,,,,,,50,,,Y,9,9
3281,제주아라스위첸 아파트,KP001194,01,06,제주특별자치도 제주시 아라일동 아란9길 22,33.4741031741,126.5420793123,20220625211702,20220625140232,20220625154354,20220625211655,,,50,,,Y,3,3
3282,제주아라스위첸 아파트,KP001194,02,02,제주특별자치도 제주시 아라일동 아란9길 22,33.4741031741,126.5420793123,20220625222302,20220625131730,20220625222243,20220625131730,,,50,,,Y,2,2
3283,제주아라스위첸 아파트,KP001194,03,02,제주특별자치도 제주시 아라일동 아란9길 22,33.4741031741,126.5420793123,20220625193607,20220625192937,20220625193130,20220625193230,,,50,,,Y,3,3
3284,제주아라스위첸 아파트,KP001194,04,02,제주특별자치도 제주시 아라일동 아란9길 22,33.4741031741,126.5420793123,20220625172107,20220625133041,20220625154907,20220625171709,,,50,,,Y,3,3
3285,제주외도아름마을LH 아파트,KP001195,01,06,제주특별자치도 제주시 외도일동 우정로18길 25,33.4842268587,126.4284656823,20220625181804,20220625163715,20220625175214,20220625163715,,,50,,,Y,2,2
3286,제주으뜸마을LH 아파트,KP001196,01,06,제주특별자치도 제주시 노형동 진군1길 3,33.4786092797,126.481194937,20220625033810,,,,,,50,,,Y,9,9
3287,제주으뜸마을LH 아파트,KP001196,02,02,제주특별자치도 제주시 노형동 진군1길 3,33.4786092797,126.481194937,20220625033810,,,,,,50,,,Y,9,9
3288,제주으뜸마을LH 아파트,KP001196,03,02,제주특별자치도 제주시 노형동 진군1길 3,33.4786092797,126.481194937,20220625033810,,,,,,50,,,Y,9,9
3289,제주정든마을1단지LH 아파트,KP001197,02,02,제주특별자치도 제주시 노형동 정존11길 54,33.4887362672,126.4744202677,20220624011114,20220624010757,20220624010825,20220624010757,,,50,,,Y,2,2
3290,제주정든마을1단지LH 아파트,KP001197,03,02,제주특별자치도 제주시 노형동 정존11길 54,33.4887362672,126.4744202677,20220625200611,20220624211009,20220625024001,20220625200100,,,50,,,Y,3,3
3291,제주정든마을1단지LH 아파트,KP001197,04,02,제주특별자치도 제주시 노형동 정존11길 54,33.4887362672,126.4744202677,20220625180127,20220624184037,20220624224001,20220625175701,,,50,,,Y,3,3
3292,제주정든마을3단지LH 아파트,KP001198,02,02,제주특별자치도 제주시 노형동 정존11길 68,33.4904300693,126.4724430547,20220625212609,20220625191329,20220625212308,20220625191329,,,50,,,Y,2,2
3293,제주하귀2단지LH 아파트,KP001199,01,06,제주특별자치도 제주시 애월읍 하귀9길 71,33.481204156,126.4152001842,20220625202206,20220625192313,20220625202122,20220625192313,,,50,,,Y,2,2
3294,제주하귀휴먼시아1단지,KP001200,01,06,제주특별자치도 제주시 애월읍 하귀9길 45,33.4837387829,126.4165947874,20220625231111,20220625125909,20220625140819,20220625231035,,,50,,,Y,3,3
3295,제주한림LH 아파트,KP001201,01,06,제주특별자치도 제주시 한림읍 대림4길 20,33.4189327387,126.2659160878,20220625084903,20220625012718,20220625022602,20220625012718,,,50,,,Y,2,2
3296,제주한림LH 아파트,KP001201,02,02,제주특별자치도 제주시 한림읍 대림4길 20,33.4189327387,126.2659160878,20220625013702,20220624182648,20220625013501,20220624182648,,,50,,,Y,2,2
3297,제주화북3LH 아파트,KP001202,01,06,제주특별자치도 제주시 화북일동 동화로1길 35,33.5196101176,126.5770464067,20220625033810,,,,,,50,,,Y,9,9
3298,제주화북3LH 아파트,KP001202,02,02,제주특별자치도 제주시 화북일동 동화로1길 35,33.5196101176,126.5770464067,20220625033810,,,,,,50,,,Y,9,9
3299,제주화북3LH 아파트,KP001202,03,02,제주특별자치도 제주시 화북일동 동화로1길 35,33.5196101176,126.5770464067,20220625033810,,,,,,50,,,Y,9,9
3300,하귀모던빌,KP001203,01,02,제주특별자치도 제주시 애월읍 하귀1리 627,33.48384493223,126.4108270208,20220624151303,20220624140221,20220624151201,20220624140221,,,50,,,Y,2,2
3301,해오름 아파트,KP001204,01,06,제주특별자치도 제주시 노형동 연화로 16,33.4808592043,126.4862813441,20220625164702,20220625144448,20220625164535,20220625144448,,,50,,,Y,2,2
3302,해오름 아파트,KP001204,02,02,제주특별자치도 제주시 노형동 연화로 16,33.4808592043,126.4862813441,20220625222003,20220625150428,20220625221001,20220625150428,,,50,,,Y,2,2
3303,해오름 아파트,KP001204,03,02,제주특별자치도 제주시 노형동 연화로 16,33.4808592043,126.4862813441,20220625171603,20220625170659,20220625170832,20220625171030,,,50,,,Y,3,3
3304,현대3노형부영5차 아파트,KP001205,01,06,제주특별자치도 제주시 노형동 754,33.4782233159,126.4837664354,20220625220007,20220625210038,20220625212307,20220625210038,,,50,,,Y,2,2
3305,현대3차 아파트,KP001206,01,06,제주특별자치도 제주시 용담이동 성화로6길 46,33.5107085782,126.51020081,20220625033810,,,,,,50,,,Y,9,9
3306,현일 아파트,KP001207,01,06,제주특별자치도 제주시 삼도일동 충효길 45,33.5085794357,126.5190510205,20220625224310,20220418134254,20220418134254,20220418133811,,,50,,,Y,9,9
3307,혜성대유 아파트,KP001208,01,06,제주특별자치도 제주시 일도이동 연수로 40,33.5058543277,126.5451795801,20220625234802,20220625234647,20220625234652,20220625234731,,,50,,,Y,3,3
3308,화북1 아파트,KP001209,01,06,제주특별자치도 제주시 화북일동 동화로1길 11 ,33.5207151004,126.5753575234,20220625232308,20220625181811,20220625202501,20220625232257,,,50,,,Y,3,3
3309,강정상록 아파트,KP001210,01,06,제주특별자치도 서귀포시 강정동 신서로 55,33.2549079336,126.5047563113,20220625104904,20220625084803,20220625101345,20220625084803,,,50,,,Y,2,2
3310,강정상록 아파트,KP001210,02,02,제주특별자치도 서귀포시 강정동 신서로 55,33.2549079336,126.5047563113,20220625192404,20220625180902,20220625192112,20220625180902,,,50,,,Y,2,2
3311,동홍인터불고코아루 아파트,KP001211,01,02,제주특별자치도 서귀포시 동홍동 일주동로 8565 ,33.2545392398,126.5736363092,20220625231303,20220625181433,20220625231249,20220625181433,,,50,,,Y,2,2
3312,동홍인터불고코아루 아파트,KP001211,02,02,제주특별자치도 서귀포시 동홍동 일주동로 8565 ,33.2545392398,126.5736363092,20220625223610,20220625123439,20220625222934,20220625223153,,,50,,,Y,3,3
3313,삼정지에듀,KP001212,01,02,제주특별자치도 서귀포시 대정읍 보성리 2424,33.2852050354,126.2758703486,20220625211113,20220624185009,20220625025001,20220625210619,,,50,,,Y,3,3
3314,삼정지에듀,KP001212,02,02,제주특별자치도 서귀포시 대정읍 보성리 2424,33.2852050354,126.2758703486,20220625212118,20220625015446,20220625075501,20220625211614,,,50,,,Y,3,3
3315,서귀포남원LH 아파트,KP001213,01,06,제주특별자치도 서귀포시 남원읍 남원체육관로 342,33.2814331934,126.7212017647,20220623204403,20220623193527,20220623203738,20220623193527,,,50,,,Y,2,2
3316,서귀포남원LH 아파트,KP001213,02,02,제주특별자치도 서귀포시 남원읍 남원체육관로 342,33.2814331934,126.7212017647,20220619182404,20220619171245,20220619182059,20220619171245,,,50,,,Y,2,2
3317,서귀포남원LH 아파트,KP001213,03,02,제주특별자치도 서귀포시 남원읍 남원체육관로 342,33.2814331934,126.7212017647,20220625013614,20220624224151,20220625013501,20220624224151,,,50,,,Y,2,2
3318,서귀포대정LH 아파트,KP001214,01,06,제주특별자치도 서귀포시 대정읍 하모중앙로 6,33.2277267644,126.2523011609,20220625160902,20220625153133,20220625160818,20220625153133,,,50,,,Y,2,2
3319,서귀포대정LH 아파트,KP001214,02,02,제주특별자치도 서귀포시 대정읍 하모중앙로 6,33.2277267644,126.2523011609,20220625191102,20220625092708,20220625113001,20220625190734,,,50,,,Y,3,3
3320,서귀포대정LH 아파트,KP001214,03,02,제주특별자치도 서귀포시 대정읍 하모중앙로 6,33.2277267644,126.2523011609,20220624081202,20220623204328,20220623223002,20220623204328,,,50,,,Y,2,2
3321,서귀포동홍3LH 아파트,KP001215,01,06,제주특별자치도 서귀포시 동홍동 353-1,33.2498336605,126.5739081148,20220624002405,20220623221853,20220623235440,20220623221853,,,50,,,Y,2,2
3322,서귀포동홍3LH 아파트,KP001215,02,02,제주특별자치도 서귀포시 동홍동 353-1,33.2498336605,126.5739081148,20220625231604,20220623224729,20220624034501,20220625231110,,,50,,,Y,3,3
3323,서귀포동홍3LH 아파트,KP001215,03,02,제주특별자치도 서귀포시 동홍동 353-1,33.2498336605,126.5739081148,20220625224310,20220625104222,20220625115501,20220625182718,,,50,,,Y,9,9
3324,아우룸숲,KP001216,01,02,제주특별자치도 서귀포시 서홍동 홍중로 105 ,33.2617742259,126.5551932566,20220620001106,20220619215432,20220620001029,20220619215432,,,50,,,Y,2,2
3325,오페라하우스,KP001217,01,02,제주특별자치도 서귀포시 서홍동 서홍로178번길 45 ,33.2606034472,126.5545595588,20220620223405,20220620184751,20220620223326,20220620184751,,,50,,,Y,2,2
3326,오페라하우스,KP001217,02,02,제주특별자치도 서귀포시 서홍동 서홍로178번길 45 ,33.2606034472,126.5545595588,20220621045405,20220620191343,20220621045339,20220620191343,,,50,,,Y,2,2
3327,제주서귀포동홍6단지LH 아파트,KP001218,01,06,제주특별자치도 서귀포시 동홍동 중앙로 198-9,33.2624503701,126.5597317392,20220625154607,20220625141938,20220625154437,20220625141938,,,50,,,Y,2,2
3328,제주서귀포동홍6단지LH 아파트,KP001218,02,02,제주특별자치도 서귀포시 동홍동 중앙로 198-9,33.2624503701,126.5597317392,20220603031033,20211026165536,20211026205005,20211026165536,,,50,,,Y,5,5
3329,제주서귀포동홍6단지LH 아파트,KP001218,03,02,제주특별자치도 서귀포시 동홍동 중앙로 198-9,33.2624503701,126.5597317392,20220625194608,20220624174356,20220624221332,20220625194430,,,50,,,Y,3,3
3330,제주서귀포동홍6단지LH 아파트,KP001218,04,02,제주특별자치도 서귀포시 동홍동 중앙로 198-9,33.2624503701,126.5597317392,20220625224310,20220619171139,20220619210852,20220619211158,,,50,,,Y,9,9
3331,광덕 아파트,KP001769,01,02,제주특별자치도 제주시 건입동 사라봉1길 50 ,33.5146388477,126.5411081344,20220625033810,,,,,,50,,,Y,9,9
3332,광덕 아파트,KP001769,02,02,제주특별자치도 제주시 건입동 사라봉1길 50 ,33.5146388477,126.5411081344,20220625033810,,,,,,50,,,Y,9,9
3333,노형하이어스,KP001770,01,02,제주특별자치도 제주시 노형동 광평서길 22 ,33.4772169722,126.4650179167,20220625033810,,,,,,50,,,Y,9,9
3334,대유대림 아파트,KP001772,01,06,제주특별자치도 제주시 일도이동 남광로 181 ,33.5031405702,126.5516207861,20220625033810,,,,,,50,,,Y,9,9
3335,대유대림 아파트,KP001772,02,02,제주특별자치도 제주시 일도이동 남광로 181 ,33.5031405702,126.5516207861,20220625033810,,,,,,50,,,Y,9,9
3336,대유대림 아파트,KP001772,03,02,제주특별자치도 제주시 일도이동 남광로 181 ,33.5031405702,126.5516207861,20220625033810,,,,,,50,,,Y,9,9
3337,도남2차e-편한세상,KP001773,01,02,제주특별자치도 제주시 도남동 서광로22길 32 ,33.497642949,126.5222666917,20220625233608,20220625104307,20220625151754,20220625233304,,,50,,,Y,3,3
3338,도남2차e-편한세상,KP001773,02,02,제주특별자치도 제주시 도남동 서광로22길 32 ,33.497642949,126.5222666917,20220625094606,20220624190939,20220625002501,20220624190939,,,50,,,Y,2,2
3339,미듬하나로 아파트,KP001775,01,02,제주특별자치도 제주시 도련일동 삼봉로 115-1 ,33.5110383724,126.590098316,20220625115106,20220624230720,20220625043501,20220625114701,,,50,,,Y,3,3
3340,미듬하나로 아파트,KP001775,02,02,제주특별자치도 제주시 도련일동 삼봉로 115-1 ,33.5110383724,126.590098316,20220625175605,20220625174925,20220625175017,20220625175052,,,50,,,Y,3,3
3341,방선문6차빌리지,KP001776,01,02,제주특별자치도 제주시 아라일동 아란1길 28-1,33.4751649082,126.539551948,20220625213604,20220625192628,20220625210344,20220625213412,,,50,,,Y,3,3
3342,아너써클,KP001777,01,02,제주특별자치도 제주시 해안동 월산남2길 52 ,33.4678377857,126.4619128479,20220615154603,20220615154317,20220615154520,20220615154317,,,50,,,Y,2,2
3343,아라하임,KP001778,01,02,제주특별자치도 제주시 아라이동 기자동길 11-7 ,33.4851498282,126.5450984572,20220625033810,,,,,,50,,,Y,9,9
3344,아라하임,KP001778,02,02,제주특별자치도 제주시 아라이동 기자동길 11-7 ,33.4851498282,126.5450984572,20220625033810,,,,,,50,,,Y,9,9
3345,제주이도한일베라체 아파트,KP001782,01,06,제주특별자치도 제주시 이도이동 신설로 55 ,33.4931959471,126.5481339396,20220625212005,20220625170142,20220625182833,20220625211914,,,50,,,Y,3,3
3346,제주이도한일베라체 아파트,KP001782,02,02,제주특별자치도 제주시 이도이동 신설로 55 ,33.4931959471,126.5481339396,20220625230114,20220625172924,20220625230002,20220625172924,,,50,,,Y,2,2
3347,제주이도한일베라체 아파트,KP001782,03,02,제주특별자치도 제주시 이도이동 신설로 55 ,33.4931959471,126.5481339396,20220625233702,20220625183915,20220625225438,20220625233656,,,50,,,Y,3,3
3348,제주이도한일베라체 아파트,KP001782,04,02,제주특별자치도 제주시 이도이동 신설로 55 ,33.4931959471,126.5481339396,20220625213402,20220625175559,20220625212902,20220625213314,,,50,,,Y,3,3
3349,파인그로브,KP001783,01,02,제주특별자치도 제주시 연동 아연로 51 ,33.4784550226,126.4998172199,20220625003102,20220624200836,20220625003043,20220624200836,,,50,,,Y,2,2
3350,삼아 아파트,KP001784,01,02,제주특별자치도 서귀포시 동홍동 태평로 536 ,33.2518227614,126.5744650587,20220625205804,20220625181540,20220625205706,20220625181540,,,50,,,Y,2,2
3351,삼아 아파트,KP001784,02,02,제주특별자치도 서귀포시 동홍동 태평로 536 ,33.2518227614,126.5744650587,20220625215104,20220625184917,20220625215044,20220625184917,,,50,,,Y,2,2
3352,서귀포혁신LH1단지,KP001785,01,06,제주특별자치도 서귀포시 서호동 서호남로 92-15 ,33.2495864197,126.5236551947,20220625113301,20220625103109,20220625113212,20220625103109,,,50,,,Y,2,2
3353,서귀포혁신LH1단지,KP001785,02,02,제주특별자치도 서귀포시 서호동 서호남로 92-15 ,33.2495864197,126.5236551947,20220624200700,20220624163631,20220624200630,20220624163631,,,50,,,Y,2,2
3354,서귀포혁신LH2단지,KP001786,01,06,제주특별자치도 서귀포시 서호동 서호남로 92-16 ,33.2480065029,126.5198351187,20220625085903,20220625072349,20220625085746,20220625072349,,,50,,,Y,2,2
3355,서귀포혁신LH2단지,KP001786,02,02,제주특별자치도 서귀포시 서호동 서호남로 92-16 ,33.2480065029,126.5198351187,20220625162108,20220625090945,20220625134651,20220625161842,,,50,,,Y,3,3
3356,서귀포혁신LH2단지,KP001786,03,02,제주특별자치도 서귀포시 서호동 서호남로 92-16 ,33.2480065029,126.5198351187,20220625184606,20220625133532,20220625144325,20220625184441,,,50,,,Y,3,3
3357,흥도빌라트,KP001787,01,02,제주특별자치도 서귀포시 대정읍 최남단해안로109번길 70 ,33.2176097724,126.2569696216,20220625235607,20220625215304,20220625235356,20220625215304,,,50,,,Y,2,2
3358,아라주원라비앙,KP002012,01,02,제주특별자치도 제주시 아라일동 아연로 512,33.4760010571,126.5345813809,20220624195803,20220624175356,20220624195721,20220624175356,,,50,,,Y,2,2
3359,아라주원라비앙,KP002012,02,02,제주특별자치도 제주시 아라일동 아연로 512,33.4760010571,126.5345813809,20220625220503,20220624181533,20220624190328,20220625220421,,,50,,,Y,3,3
3360,연동뜨레모아 아파트,KP002013,01,02,제주특별자치도 제주시 연동4길 36,33.482688313,126.48731635,20220625182301,20220625124247,20220625182243,20220625124247,,,50,,,Y,2,2
3361,조천도화썬빌리지,KP002015,01,02,제주특별자치도 제주시 조천읍 조천18길 23-2 ,33.5394725024,126.6455147039,20220625215301,20220624221610,20220625011447,20220625215201,,,50,,,Y,3,3
3362,조천도화썬빌리지,KP002015,02,02,제주특별자치도 제주시 조천읍 조천18길 23-2 ,33.5394725024,126.6455147039,20220622090701,20220622090408,20220622090629,20220622090408,,,50,,,Y,2,2
3363,폴라리스빌5차,KP002016,01,02,제주특별자치도 제주시 월평동 아봉로 262 ,33.4754496202,126.5696053506,20220624230121,20220624210448,20220624230020,20220624210448,,,50,,,Y,2,2
3364,화북4 아파트,KP002017,01,06,제주특별자치도 제주시 화북일동 동화로1길 10 ,33.5180018705,126.5739456587,20220625232903,20220625171815,20220625180242,20220625232838,,,50,,,Y,3,3
3365,화북주공2 아파트,KP002018,01,06,제주특별자치도 제주시 동화로1길 39,33.520960914,126.57750484,20220625182802,20220625174008,20220625182722,20220625174008,,,50,,,Y,2,2
3366,화북주공2 아파트,KP002018,02,02,제주특별자치도 제주시 동화로1길 39,33.520960914,126.57750484,20220625210802,20220625115947,20220625192532,20220625210739,,,50,,,Y,3,3
3367,화북주공2 아파트,KP002018,03,02,제주특별자치도 제주시 동화로1길 39,33.520960914,126.57750484,20220625200302,20220625173157,20220625195124,20220625200249,,,50,,,Y,3,3
3368,화북주공2 아파트,KP002018,04,02,제주특별자치도 제주시 동화로1길 39,33.520960914,126.57750484,20220626000301,20220625201855,20220626000255,20220625201855,,,50,,,Y,2,2
3369,중문메리디안,KP002019,01,02,제주특별자치도 서귀포시 중문동 1100로 36 ,33.2539737409,126.4353349584,20220625235704,20220625175807,20220625232719,20220625235631,,,50,,,Y,3,3
3370,중문메리디안,KP002019,02,02,제주특별자치도 서귀포시 중문동 1100로 36 ,33.2539737409,126.4353349584,20220625235506,20220625223238,20220625235406,20220625223238,,,50,,,Y,2,2
3371,제주공항,KP002229,01,06,제주특별자치도 제주시 용담2동 1950-5,33.50475714141,126.4933755391,20220624204305,20220624202522,20220624204100,20220624202522,,,50,,,Y,2,2
3372,제주공항,KP002229,02,06,제주특별자치도 제주시 용담2동 1950-5,33.50475714141,126.4933755391,20220625225503,20220625214934,20220625225354,20220625214934,,,50,,,Y,2,2
3373,제주공항,KP002229,03,06,제주특별자치도 제주시 용담2동 1950-5,33.50475714141,126.4933755391,20220625182403,20220625175052,20220625182303,20220625175052,,,50,,,Y,2,2
3374,제주공항,KP002229,04,06,제주특별자치도 제주시 용담2동 1950-5,33.50475714141,126.4933755391,20220625211104,20220625210247,20220625210955,20220625210247,,,50,,,Y,2,2
3375,제주공항,KP002229,05,06,제주특별자치도 제주시 용담2동 1950-5,33.50475714141,126.4933755391,20220625082404,20220625075739,20220625082310,20220625075739,,,50,,,Y,2,2
3376,제주공항,KP002229,06,06,제주특별자치도 제주시 용담2동 1950-5,33.50475714141,126.4933755391,20220624211604,20220624205755,20220624211516,20220624205755,,,50,,,Y,2,2
3377,제주공항,KP002229,07,06,제주특별자치도 제주시 용담2동 1950-5,33.50475714141,126.4933755391,20220625210004,20220625202450,20220625203117,20220625202450,,,50,,,Y,2,2
3378,제주공항,KP002229,08,06,제주특별자치도 제주시 용담2동 1950-5,33.50475714141,126.4933755391,20220625221804,20220625210730,20220625220619,20220625210730,,,50,,,Y,2,2
3379,제주공항,KP002229,09,06,제주특별자치도 제주시 용담2동 1950-5,33.50475714141,126.4933755391,20220625141405,20220625135705,20220625135721,20220625135705,,,50,,,Y,2,2
3380,제주공항,KP002229,10,02,제주특별자치도 제주시 용담2동 1950-5,33.50475714141,126.4933755391,20220626000404,20220623084909,20220623115501,20220623084909,,,50,,,Y,2,3
3381,제주공항,KP002229,11,02,제주특별자치도 제주시 용담2동 1950-5,33.50475714141,126.4933755391,20220620203705,20220619065703,20220619091000,20220619065703,,,50,,,Y,2,2
3382,제주공항,KP002229,12,02,제주특별자치도 제주시 용담2동 1950-5,33.50475714141,126.4933755391,20220625203204,20220625201610,20220625203133,20220625201610,,,50,,,Y,2,2
3383,제주공항,KP002229,13,02,제주특별자치도 제주시 용담2동 1950-5,33.50475714141,126.4933755391,20220623181405,20220623175838,20220623181324,20220623175838,,,50,,,Y,2,2
3384,제주공항,KP002229,14,02,제주특별자치도 제주시 용담2동 1950-5,33.50475714141,126.4933755391,20220622205804,20220621154851,20220621220001,20220621154851,,,50,,,Y,2,2
3385,제주공항,KP002229,15,02,제주특별자치도 제주시 용담2동 1950-5,33.50475714141,126.4933755391,20220620144204,20220620124042,20220620124044,20220620124042,,,50,,,Y,2,2
3386,문화아파트,KP002230,01,02,제주특별자치도 제주시 화북이동 일주동로 80,33.5137537661,126.555526914,20220624215503,20220624162611,20220624215445,20220624162611,,,50,,,Y,2,2
3387,문화아파트,KP002230,02,02,제주특별자치도 제주시 화북이동 일주동로 80,33.5137537661,126.555526914,20220625184112,20220625103320,20220625130035,20220625183833,,,50,,,Y,3,3
3388,부웅크리스탈빌1차,KP002231,01,02,제주특별자치도 제주시 도남동 원남6길 55-1,33.4845801384,126.5306233098,20220625221111,20220625154928,20220625203859,20220625220837,,,50,,,Y,3,3
3389,부웅크리스탈빌1차,KP002231,02,02,제주특별자치도 제주시 도남동 원남6길 55-1,33.4845801384,126.5306233098,20220625074405,20220625015521,20220625074316,20220625015521,,,50,,,Y,2,2
3390,용두암1차현대아파트,KP002232,01,02,제주특별자치도 제주시 용담삼동 용담로5길 25,33.5160650084,126.5077208576,20220625232902,20220625191904,20220625232802,20220625191904,,,50,,,Y,2,2
3391,용두암1차현대아파트,KP002232,02,02,제주특별자치도 제주시 용담삼동 용담로5길 25,33.5160650084,126.5077208576,20220625200116,20220625154510,20220625163224,20220625195706,,,50,,,Y,3,3
3392,하얀빌라,KP002233,01,02,제주특별자치도 제주시 노형동 월랑로6길 30,33.4898786932,126.4793587645,20220623002902,20220622192326,20220623002811,20220622192326,,,50,,,Y,2,2
3393,노형부영3차아파트,KP002335,01,02,제주특별자치도 제주시 노형동 과원로 27 ,33.4772807533,126.4860571671,20220625235110,20220625114750,20220625134112,20220625234540,,,50,,,Y,3,3
3394,노형부영3차아파트,KP002335,02,02,제주특별자치도 제주시 노형동 과원로 27 ,33.4772807533,126.4860571671,20220625024801,20220624234302,20220625024719,20220624234302,,,50,,,Y,2,2
3395,조양상떼빌,KP002336,01,02,제주특별자치도 제주시 연동 연삼로 30 ,33.4933714551,126.4954874615,20220619143402,20220619122749,20220619143339,20220619122749,,,50,,,Y,2,2
3396,조양상떼빌,KP002336,02,02,제주특별자치도 제주시 연동 연삼로 30 ,33.4933714551,126.4954874615,20220603031027,20220502111445,20220502111659,20220502111445,,,50,,,Y,2,2
3397,다담빌리지,KP002427,01,02,제주특별자치도 제주시 아라이동 아봉로 88 ,33.4777179455,126.5532709274,20220625231604,20220624221051,20220624230916,20220625231127,,,50,,,Y,3,3
3398,다담빌리지,KP002427,02,02,제주특별자치도 제주시 아라이동 아봉로 88 ,33.4777179455,126.5532709274,20220625233304,20220625181527,20220625233229,20220625181527,,,50,,,Y,2,2
3399,아이린아파트,KP002428,01,02,제주특별자치도 제주시 삼도이동 서사로 7-1 ,33.511752616,126.5198729758,20220625033810,,,,,,50,,,Y,9,9
3400,아름아이빌8차,KP002626,01,02,제주특별자치도 제주시 도련1동 1750,33.5096906808,126.5915210473,20220625033810,,,,,,50,,,Y,9,9
3401,아름아이빌8차,KP002626,02,02,제주특별자치도 제주시 도련1동 1750,33.5096906808,126.5915210473,20220625033810,,,,,,50,,,Y,9,9
3402,헤르지아 하임,KP002750,01,02,제주특별자치도 제주시 오라이동 연삼로 197-7,33.4937715076,126.5125430372,20220625033810,,,,,,50,,,Y,9,9
3403,연동대림1차아파트,KP002762,01,06,제주특별자치도 제주시 연동 국기로 14,33.4802367175,126.489241601,20220625194409,20220625191743,20220625194304,20220625191743,,,50,,,Y,2,2
3404,미듬밀레니엄아파트,KP002804,01,02,제주특별자치도 제주시 삼도이동 중앙로12길 34,33.5123187302,126.520782553,20220624023202,20220623190649,20220624023116,20220623190649,,,50,,,Y,2,2
3405,미듬밀레니엄아파트,KP002804,02,02,제주특별자치도 제주시 삼도이동 중앙로12길 34,33.5123187302,126.520782553,20220625033201,20220624235310,20220625033110,20220624235310,,,50,,,Y,2,2
3406,아라인빌,KP002899,01,02,제주특별자치도 제주시 제주대학로 64-29,33.4561344219,126.556995691,20220622173501,20220622115849,20220622173443,20220622115849,,,50,,,Y,2,2
3407,아라인빌,KP002899,02,02,제주특별자치도 제주시 제주대학로 64-29,33.4561344219,126.556995691,20220625192401,20220625120323,20220625192337,20220625120323,,,50,,,Y,2,2
3408,영산홍주택,KP002976,01,06,제주특별자치도 제주시 이도2동 405,33.49622195317,126.5403595033,20220625033810,,,,,,50,,,Y,9,9
3409,영산홍주택,KP002976,02,02,제주특별자치도 제주시 이도2동 405,33.49622195317,126.5403595033,20220625033810,,,,,,50,,,Y,9,9
3410,영산홍주택,KP002976,03,02,제주특별자치도 제주시 이도2동 405,33.49622195317,126.5403595033,20220625033810,,,,,,50,,,Y,9,9
3411,더펠리스2차아파트,KP002977,01,02,제주특별자치도 제주시 외도1동 498-9,33.48845433862,126.4306049803,20220625033810,,,,,,50,,,Y,9,9
3412,더펠리스2차아파트,KP002977,02,02,제주특별자치도 제주시 외도1동 498-9,33.48845433862,126.4306049803,20220625033810,,,,,,50,,,Y,9,9
3413,지산오차드힐아파트,KP002980,01,02,제주특별자치도 서귀포시 서홍동 1597-1,33.26118022034,126.5549880636,20220625033810,,,,,,50,,,Y,9,9
3414,지산오차드힐아파트,KP002980,02,02,제주특별자치도 서귀포시 서홍동 1597-1,33.26118022034,126.5549880636,20220625033810,,,,,,50,,,Y,9,9
3415,샤르망,KP002983,01,02,제주특별자치도 제주시 아라이동 1082-1,33.48417320716,126.5529741822,20220625033810,,,,,,50,,,Y,9,9
3416,샤르망,KP002983,02,02,제주특별자치도 제주시 아라이동 1082-1,33.48417320716,126.5529741822,20220625033810,,,,,,50,,,Y,9,9
3417,제주 교육대학교,KP003023,01,06,제주특별자치도 제주시 일주동로 61,33.51428066141,126.5526229747,20220624202701,20220624190449,20220624202614,20220624190449,,,50,,,N,2,2
3418,제주 교육대학교,KP003023,02,06,제주특별자치도 제주시 일주동로 61,33.51428066141,126.5526229747,20220625211001,20220625184048,20220625190810,20220625210947,,,50,,,N,3,3
3419,제주도교육청,KP003024,01,06,제주특별자치도 제주시 연동 311-46,33.49055762983,126.4979399158,20220625185108,20220625162759,20220625165854,20220625185019,,,50,,,N,3,3
3420,제주도교육청,KP003024,02,06,제주특별자치도 제주시 연동 311-46,33.49055762983,126.4979399158,20220625204115,20220625202310,20220625204012,20220625202310,,,50,,,N,2,2
3421,제주권역재활센터,KP003029,01,06,제주특별자치도 서귀포시 서귀동 284-1,33.2527601186,126.562287667,20220625194302,20220625184211,20220625194215,20220625184211,,,50,,,N,2,2
3422,제주권역재활센터,KP003029,02,06,제주특별자치도 서귀포시 서귀동 284-1,33.2527601186,126.562287667,20220625142802,20220625132656,20220625142700,20220625132656,,,50,,,N,2,2
3423,표선 해양경비단,KP003030,01,06,제주특별자치도 서귀포시 표선면 하천리 1493-4,33.3571391845,126.822873934,20220624170805,20220624170603,20220624170712,20220624170603,,,50,,,Y,2,2
3424,화북2동 공영주차장,KP003041,01,06,제주특별자치도 제주시 화북2동 3378-6,33.5090443749,126.560729976,20220625200305,20220625191236,20220625200232,20220625191236,,,50,,,Y,2,2
3425,삼양2동 공영주차장,KP003042,01,06,제주특별자치도 제주시 삼양2동 2176-13,33.51991173388,126.5825044407,20220625221502,20220625214640,20220625221456,20220625214640,,,50,,,N,2,2
3426,베라체 공영주차장,KP003043,01,06,제주특별자치도 제주시 이도2동 1963-7,33.49303993443,126.5454123036,20220625202904,20220625195530,20220625202735,20220625195530,,,50,,,N,2,2
3427,서귀포시교육지원청,KP003053,01,06,제주특별자치도 서귀포시 토평동 1442-1,33.2707208649,126.5894687678,20220625114002,20220625103930,20220625113935,20220625103930,,,50,,,Y,2,2
3428,서귀포시교육지원청,KP003053,02,06,제주특별자치도 서귀포시 토평동 1442-1,33.2707208649,126.5894687678,20220625122109,20220625115909,20220625122012,20220625115909,,,50,,,Y,2,2
3429,새마을금고제주연수원,KP003137,01,06,제주특별자치도 제주시 애월읍 소길리 155-18,33.4128894052,126.3944119145,20220625210401,20220625204549,20220625210251,20220625204549,,,50,,,Y,2,2
3430,새마을금고제주연수원,KP003137,02,06,제주특별자치도 제주시 애월읍 소길리 155-18,33.4128894052,126.3944119145,20220625214301,20220625203236,20220625214227,20220625203236,,,50,,,Y,2,2
3431,"봉개갤럭시타운 1,2차",KP003165,01,02,제주특별자치도 제주시 봉개동 1965-1,33.4893193568,126.5929595911,20220625141110,20220625124620,20220625141006,20220625124620,,,50,,,Y,2,2
3432,"봉개갤럭시타운 1,2차",KP003165,02,02,제주특별자치도 제주시 봉개동 1965-1,33.4893193568,126.5929595911,20220626000113,20220624210740,20220625011808,20220625235852,,,50,,,Y,3,3
3433,영평휴스토리,KP003256,01,02,제주특별자치도 제주시 영평동 2682,33.48814181279,126.5534137858,20220625194201,20220625175717,20220625194039,20220625175717,,,50,,,Y,2,2
3434,명주2차 아파트,KP003282,01,02,제주특별자치도 제주시 이도2동 1909-6,33.48950687193,126.5312111401,20220625181001,20220625141751,20220625180939,20220625141751,,,50,,,Y,2,2
3435,명주2차 아파트,KP003282,02,02,제주특별자치도 제주시 이도2동 1909-6,33.48950687193,126.5312111401,20220619130402,20220612122752,20220612123754,20220612122752,,,50,,,Y,2,2
3436,명주2차 아파트,KP003282,03,02,제주특별자치도 제주시 이도2동 1909-6,33.48950687193,126.5312111401,20220618155501,20220618112017,20220618155418,20220618112017,,,50,,,Y,2,2
3437,라움힐,KP003302,01,02,제주특별자치도 제주시 영평동 2697-2,33.48770529925,126.5523749962,20220625193801,20220623000625,20220623074133,20220623000625,,,50,,,Y,2,2
3438,라움힐,KP003302,02,02,제주특별자치도 제주시 영평동 2697-2,33.48770529925,126.5523749962,20220625175610,20220617181444,20220618091547,20220617181444,,,50,,,Y,2,2
3439,재영샤르빌아파트 11차,KP003362,01,02,제주특별자치도 제주시 화북이동 4955-16,33.51352833040,126.5558934772,20220625092608,20220624212649,20220625092504,20220624212649,,,50,,,Y,2,2
3440,재영샤르빌아파트 11차,KP003362,02,02,제주특별자치도 제주시 화북이동 4955-16,33.51352833040,126.5558934772,20220625171302,20220624210256,20220625113357,20220625171202,,,50,,,Y,3,3
3441,농어촌공사 제주지역본부,KP003366,01,06,제주특별자치도 제주시 삼양2동 2127-1,33.522576499,126.5872451683,20220625210201,20220625201130,20220625203637,20220625210103,,,50,,,Y,3,3
3442,제주경찰교육센터,KP003367,01,06,제주특별자치도 제주시 아라1동 산 1-6,33.441131689,126.5656366447,20220624032803,20220623144148,20220623153219,20220623144148,,,50,,,Y,2,2
3443,제주탐라교육원,KP003368,01,06,제주특별자치도 제주시 오라2동 산 100,33.425586879,126.5287647828,20220625161306,20220625155922,20220625161217,20220625155922,,,50,,,Y,2,2
3444,김영갑갤러리,KP003380,01,06,제주특별자치도 서귀포시 성산읍 삼달로 137,33.3722237691,126.8544308620,20220625150002,20220625130359,20220625132814,20220625130359,,,50,,,Y,2,2
3445,김영갑갤러리,KP003380,02,06,제주특별자치도 서귀포시 성산읍 삼달로 137,33.3722237691,126.8544308620,20220625132602,20220625125309,20220625130726,20220625125309,,,50,,,Y,2,2
3446,마라도 가는 여객선,KP003381,01,06,제주특별자치도 서귀포시 대정읍 송악관광로 424,33.20759477206,126.29036085466,20220624151104,20220624133505,20220624150932,20220624133505,,,50,,,Y,2,2
3447,서커스월드공연장,KP003382,01,06,제주특별자치도 서귀포시 안덕면 동광리 886,33.3143640037,126.3445961342,20220625145009,20220625135933,20220625143400,20220625135933,,,50,,,Y,2,2
3448,서커스월드공연장,KP003382,02,06,제주특별자치도 서귀포시 안덕면 동광리 886,33.3143640037,126.3445961342,20220625155505,20220625145815,20220625152806,20220625145815,,,50,,,Y,2,2
3449,아트리움공연장,KP003404,01,06,제주특별자치도 제주시 해안동 2139-1,33.465096794,126.45527326304,20220625154403,20220625145813,20220625154317,20220625145813,,,50,,,Y,2,2
3450,아트리움공연장,KP003404,02,06,제주특별자치도 제주시 해안동 2139-1,33.465096794,126.45527326304,20220625210303,20220625210050,20220625210100,20220625210210,,,50,,,Y,3,3
3451,제주수산연구소,KP003447,01,06,제주특별자치도 제주시 연대마을길 6(외도이동),33.493773,126.429014,20220625234303,20220625222431,20220625234106,20220625222431,,,50,,,Y,2,2
3452,생각하는정원,KP003448,01,06,제주특별자치도 제주시 한경면 녹차분재로 675,33.3253363555,126.254986942,20220625132300,20220625124528,20220625132132,20220625124528,,,50,,,Y,2,2
3453,생각하는정원,KP003448,02,06,제주특별자치도 제주시 한경면 녹차분재로 675,33.3253363555,126.254986942,20220624175903,20220624171019,20220624175751,20220624171019,,,50,,,Y,2,2
3454,토이파크,KP003449,01,06,제주특별자치도 서귀포시 안덕면 동광리 383,33.3189031004,126.3453568540,20220623163203,20220623153740,20220623163046,20220623153740,,,50,,,Y,2,2
3455,토이파크,KP003449,02,06,제주특별자치도 서귀포시 안덕면 동광리 383,33.3189031004,126.3453568540,20220623104808,20220623103030,20220623104646,20220623103030,,,50,,,Y,2,2
3456,건강과 성박물관,KP003450,01,06,제주특별자치도 서귀포시 안덕면 감산리 1404,33.254885318,126.34643562926,20220625170702,20220625154534,20220625170559,20220625154534,,,50,,,Y,2,2
3457,건강과 성박물관,KP003450,02,06,제주특별자치도 서귀포시 안덕면 감산리 1404,33.254885318,126.34643562926,20220625180403,20220625172751,20220625180331,20220625172751,,,50,,,Y,2,2
3458,건강과 성박물관,KP003450,03,06,제주특별자치도 서귀포시 안덕면 감산리 1404,33.254885318,126.34643562926,20220625151502,20220625140557,20220625141822,20220625140557,,,50,,,Y,2,2
3459,제주대학교,KP003461,01,06,제주특별자치도 제주시 제주대학로 102,33.45700693118,126.56405001879,20220625204602,20220625164103,20220625165841,20220625204548,,,50,,,Y,3,3
3460,제주대학교,KP003461,02,06,제주특별자치도 제주시 제주대학로 102,33.45700693118,126.56405001879,20220625060801,20220625055006,20220625060058,20220625055006,,,50,,,Y,2,2
3461,제주해안경비안전서,KP003467,01,06,제주특별자치도 제주시 건입동 908,33.519952,126.540272,20220625160903,20220625151241,20220625160813,20220625151241,,,50,,,Y,2,2
3462,제주해안경비안전서,KP003467,02,06,제주특별자치도 제주시 건입동 908,33.519952,126.540272,20220623160509,20220623144210,20220623160433,20220623144210,,,50,,,Y,2,2
3463,신제주아파트,KP003643,01,02,제주특별자치도 제주시 노형동 1274-9,33.48946017490,126.4811000053,20220625060706,20220624205918,20220625060435,20220624205918,,,50,,,Y,2,2
3464,아이고운 힐 D지구,KP003644,01,02,제주특별자치도 제주시 오라삼동 2895,33.48856118952,126.5032310824,20220625193103,20220623195505,20220624023826,20220625192736,,,50,,,Y,3,3
3465,아이고운 힐 D지구,KP003644,02,02,제주특별자치도 제주시 오라삼동 2895,33.48856118952,126.5032310824,20220624234004,20220624194855,20220624233820,20220624194855,,,50,,,Y,2,2
3466,저지리사무소,KP003830,01,04,제주특별자치도 제주시 한경면 중산간서로 3675,33.332626666166,126.2558563208,20220625171802,20220625171559,20220625171602,20220625171559,,,50,,,Y,2,2
3467,저지리사무소,KP003830,02,04,제주특별자치도 제주시 한경면 중산간서로 3675,33.332626666166,126.2558563208,20220620124704,20220620122319,20220620124445,20220620122319,,,50,,,Y,2,2
3468,삼성혈,KP003831,01,06,제주특별자치도 제주시 삼성로 22,33.504301255016,126.5288722282,20220624192607,20220624184438,20220624192515,20220624184438,,,50,,,Y,2,2
3469,삼성혈,KP003831,02,06,제주특별자치도 제주시 삼성로 22,33.504301255016,126.5288722282,20220625132400,20220625115655,20220625132319,20220625115655,,,50,,,Y,2,2
3470,도로교통공단 제주지부,KP003832,01,04,제주특별자치도 제주시 노형로 231,33.475045802598,126.4647777929,20220615153117,20220615153054,20220615153054,20220615152804,,,50,,,Y,2,2
3471,도로교통공단 제주지부,KP003832,02,04,제주특별자치도 제주시 노형로 231,33.475045802598,126.4647777929,20220624223203,20220624220510,20220624223036,20220624220510,,,50,,,Y,2,2
3472,한경농협 하나로마트,KP003833,01,06,제주특별자치도 제주시 한경면 신한로 76,33.346648094494,126.1902545792,20220625174905,20220625171413,20220625174825,20220625171413,,,50,,,Y,2,2
3473,방주교회,KP003834,01,06,제주특별자치도 서귀포시 안덕면 산록남로762번길 113,33.305126247955,126.3872926861,20220625172802,20220625165110,20220625172638,20220625165110,,,50,,,Y,2,2
3474,방주교회,KP003834,02,06,제주특별자치도 서귀포시 안덕면 산록남로762번길 113,33.305126247955,126.3872926861,20220625163103,20220624183028,20220624183049,20220625163005,,,50,,,Y,3,3
3475,서귀포개인택시조합,KP003835,01,06,제주특별자치도 서귀포시 중산간동로 7696,33.269436634703,126.5928839551,20220625194408,20220624221015,20220625003347,20220625194352,,,50,,,Y,3,3
3476,서귀포개인택시조합,KP003835,02,06,제주특별자치도 서귀포시 중산간동로 7696,33.269436634703,126.5928839551,20220624225804,20220624221852,20220624225728,20220624221852,,,50,,,Y,2,2
3477,번개과학체험관,KP003836,01,06,제주특별자치도 서귀포시 토평공단로 78-27,33.289522911,126.58861293,20220625194701,20220625190652,20220625193557,20220625190652,,,50,,,Y,2,2
3478,번개과학체험관,KP003836,02,06,제주특별자치도 서귀포시 토평공단로 78-27,33.289522911,126.58861293,20220625153901,20220625143026,20220625145724,20220625143026,,,50,,,Y,2,2
3479,서귀포향토오일장,KP003837,01,04,제주특별자치도 서귀포시 중산간동로7894번길 18-5,33.267163849331,126.5730313532,20220624234804,20220624201903,20220624211909,20220624201903,,,50,,,Y,2,2
3480,서귀포향토오일장,KP003837,02,04,제주특별자치도 서귀포시 중산간동로7894번길 18-5,33.267163849331,126.5730313532,20220625111507,20220625105135,20220625111236,20220625105135,,,50,,,Y,2,2
3481,물영아리주차장,KP003838,01,04,제주특별자치도 서귀포시 남원읍 남조로 973,33.360748074,126.69244792,20220625173501,20220625165010,20220625173332,20220625165010,50,단독,50,,,Y,2,2
3482,물영아리주차장,KP003838,02,04,제주특별자치도 서귀포시 남원읍 남조로 973,33.360748074,126.69244792,20220624182801,20220624162838,20220624172844,20220624162838,50,단독,50,,,Y,2,2
3483,강정생명평화교회,KP003839,01,04,제주특별자치도 서귀포시 선반로65번길 61,33.237641665498,126.4955331949,20220623155803,20220623152920,20220623154914,20220623152920,,,50,,,Y,2,2
3484,강정생명평화교회,KP003839,02,04,제주특별자치도 서귀포시 선반로65번길 61,33.237641665498,126.4955331949,20220606090009,20220526124650,20220526124857,20220526124650,,,50,,,Y,2,2
3485,구좌119센터,KP003840,01,06,제주특별자치도 제주시 구좌읍 세화14길 8,33.520195589247,126.8600973025,20220625195405,20220625132539,20220625134900,20220625195313,,,50,,,Y,3,3
3486,구좌119센터,KP003840,02,06,제주특별자치도 제주시 구좌읍 세화14길 8,33.520195589247,126.8600973025,,,,,,,50,,,Y,9,9
3487,제주산학융합원,KP003842,01,04,제주특별자치도 제주시 첨단로8길 36,33.447323611661,126.5674903857,20220625115009,20220625112951,20220625114834,20220625112951,,,50,,,Y,2,2
3488,제주산학융합원,KP003842,02,04,제주특별자치도 제주시 첨단로8길 36,33.447323611661,126.5674903857,20220622152119,20220622151930,20220622151941,20220622151930,,,50,,,Y,2,2
3489,제주산학융합원,KP003842,03,06,제주특별자치도 제주시 첨단로8길 36,33.447323611661,126.5674903857,20220625214304,20220625204711,20220625210152,20220625214232,,,50,,,Y,3,3
3490,제주전력지사(공용),KP003862,01,06,제주특별자치도 제주시 가령로 68,33.498309029142,126.5366980242,20220625181305,20220625162719,20220625181214,20220625162719,,,50,,,Y,2,2
3491,제주전력지사(공용),KP003862,02,06,제주특별자치도 제주시 가령로 68,33.498309029142,126.5366980242,20220625105503,20220624191229,20220624201246,20220625105358,,,50,,,Y,3,3
3492,대정읍사무소,KP003864,01,06,제주특별자치도 서귀포시 대정읍 하모중앙로 20,33.226675317991,126.2522736332,20220625230903,20220625194216,20220625211302,20220625194216,,,50,,,Y,2,2
3493,대정읍사무소,KP003864,02,06,제주특별자치도 서귀포시 대정읍 하모중앙로 20,33.226675317991,126.2522736332,20220625213903,20220625200525,20220625205301,20220625213820,,,50,,,Y,3,3
3494,대정읍사무소,KP003864,03,06,제주특별자치도 서귀포시 대정읍 하모중앙로 20,33.226675317991,126.2522736332,20220625150705,20220625100453,20220625103403,20220625150603,,,50,,,Y,3,3
3495,대정읍사무소,KP003864,04,06,제주특별자치도 서귀포시 대정읍 하모중앙로 20,33.226675317991,126.2522736332,20220625182304,20220625171341,20220625182155,20220625171341,,,50,,,Y,2,2
3496,국제대학교 버스차고지,KP004655,01,04,제주특별자치도 제주시 516로 2870,33.438792817,126.57065265,,,,,100,단독,50,,,Y,9,9
3497,국제대학교 버스차고지,KP004655,02,04,제주특별자치도 제주시 516로 2870,33.438792817,126.57065265,,,,,100,단독,50,,,Y,9,9
3498,국제대학교 버스차고지,KP004655,03,04,제주특별자치도 제주시 516로 2870,33.438792817,126.57065265,,,,,50,단독,50,,,Y,9,9
3499,국제대학교 버스차고지,KP004655,04,04,제주특별자치도 제주시 516로 2870,33.438792817,126.57065265,,,,,50,단독,50,,,Y,9,9
3500,용흥리사무소,KP004656,01,04,제주특별자치도 제주시 애월읍 신용로 144,33.45877990,126.36942077,,,,,,,50,,,Y,9,9
3501,용흥리사무소,KP004656,02,04,제주특별자치도 제주시 애월읍 신용로 144,33.45877990,126.36942077,,,,,,,50,,,Y,9,9
3502,이도2동 공영주차장,KP004657,01,04,제주특별자치도 제주시 오복3길 9,33.496778926,126.53498676,,,,,,,50,,,Y,9,9
3503,이도2동 공영주차장,KP004657,02,04,제주특별자치도 제주시 오복3길 9,33.496778926,126.53498676,,,,,,,50,,,Y,9,9
3504,동물위생시험소(동물보호센터),KP004694,01,04,제주특별자치도 제주시 첨단동길 184-14,33.455900045,126.58907958,,,,,,,50,,,Y,9,9
3505,신성로 공영주차장,KP004695,01,04,제주특별자치도 제주시 신성로10길 10,33.495973626,126.52974373,,,,,,,50,,,Y,9,9
3506,신성로 공영주차장,KP004695,02,04,제주특별자치도 제주시 신성로10길 10,33.495973626,126.52974373,,,,,,,50,,,Y,9,9
3507,신성로 공영주차장,KP004695,03,04,제주특별자치도 제주시 신성로10길 10,33.495973626,126.52974373,,,,,,,50,,,Y,9,9
3508,신성로 공영주차장,KP004695,04,04,제주특별자치도 제주시 신성로10길 10,33.495973626,126.52974373,,,,,,,50,,,Y,9,9
3509,신성로 공영주차장,KP004695,05,04,제주특별자치도 제주시 신성로10길 10,33.495973626,126.52974373,,,,,,,50,,,Y,9,9
3510,신성로 공영주차장,KP004695,06,04,제주특별자치도 제주시 신성로10길 10,33.495973626,126.52974373,,,,,,,50,,,Y,9,9
3511,신성로 공영주차장,KP004695,07,04,제주특별자치도 제주시 신성로10길 10,33.495973626,126.52974373,20220625174001,20220625094609,20220625173759,20220625173919,,,50,,,Y,3,3
3512,신성로 공영주차장,KP004695,08,04,제주특별자치도 제주시 신성로10길 10,33.495973626,126.52974373,,,,,,,50,,,Y,9,9
3513,신성로 공영주차장,KP004695,09,04,제주특별자치도 제주시 신성로10길 10,33.495973626,126.52974373,,,,,,,50,,,Y,9,9
3514,신성로 공영주차장,KP004695,10,04,제주특별자치도 제주시 신성로10길 10,33.495973626,126.52974373,,,,,,,50,,,Y,9,9
3515,공항입구 공영주차장,KP004696,01,04,제주특별자치도 제주시 다호북길 7,33.503511179,126.49570468,,,,,50,단독,50,,,N,9,9
3516,공항입구 공영주차장,KP004696,02,04,제주특별자치도 제주시 다호북길 7,33.503511179,126.49570468,,,,,50,단독,50,,,N,9,9
3517,공항입구 공영주차장,KP004696,03,04,제주특별자치도 제주시 다호북길 7,33.503511179,126.49570468,,,,,50,단독,50,,,N,9,9
3518,공항입구 공영주차장,KP004696,04,04,제주특별자치도 제주시 다호북길 7,33.503511179,126.49570468,,,,,50,단독,50,,,N,9,9
3519,공항입구 공영주차장,KP004696,05,04,제주특별자치도 제주시 다호북길 7,33.503511179,126.49570468,,,,,50,단독,50,,,N,9,9
3520,종달리 종합복지회관,KP004697,01,04,제주특별자치도 제주시 구좌읍 종달동길 3,33.492752954,126.90043210,,,,,,,50,,,Y,9,9
3521,종달리 종합복지회관,KP004697,02,04,제주특별자치도 제주시 구좌읍 종달동길 3,33.492752954,126.90043210,20220625174702,20220625154131,20220625174630,20220625154131,,,50,,,Y,2,2
3522,한라산렌트카,KP004698,01,04,제주특별자치도 제주시 오일장중길 19,33.495752643,126.47076004,20220625160905,20220625135613,20220625160737,20220625135613,,,50,,,Y,2,2
3523,한라산렌트카,KP004698,02,04,제주특별자치도 제주시 오일장중길 19,33.495752643,126.47076004,,,,,,,50,,,Y,9,9
3524,한라산렌트카,KP004698,03,04,제주특별자치도 제주시 오일장중길 19,33.495752643,126.47076004,20220206164310,20220205225847,20220205231819,20220206154008,,,50,,,Y,9,9
3525,한수풀도서관,KP004699,01,04,제주특별자치도 제주시 한림읍 한림상로 240-11,33.420298417,126.26854891,,,,,,,50,,,Y,9,9
3526,한수풀도서관,KP004699,02,04,제주특별자치도 제주시 한림읍 한림상로 240-11,33.420298417,126.26854891,,,,,,,50,,,Y,9,9
3527,노형 제2공영주차장,KP004700,01,04,제주특별자치도 제주시 월랑로2길 1,33.487309133,126.47978247,,,,,,,50,,,Y,9,9
3528,노형 제2공영주차장,KP004700,02,04,제주특별자치도 제주시 월랑로2길 1,33.487309133,126.47978247,,,,,,,50,,,Y,9,9
3529,노형 제2공영주차장,KP004700,03,04,제주특별자치도 제주시 월랑로2길 1,33.487309133,126.47978247,20220625204117,20220625004821,20220625040001,20220625203838,,,50,,,Y,3,3
3530,노형 제2공영주차장,KP004700,04,04,제주특별자치도 제주시 월랑로2길 1,33.487309133,126.47978247,,,,,,,50,,,Y,9,9
3531,웅전공영주차장,KP004701,01,04,제주특별자치도 제주시 수덕5길 71-1,33.482619508,126.47200193,,,,,50,단독,50,,,Y,9,9
3532,웅전공영주차장,KP004701,02,04,제주특별자치도 제주시 수덕5길 71-1,33.482619508,126.47200193,,,,,50,단독,50,,,Y,9,9
3533,제주특별자치도 복지이음마루,KP004702,01,04,제주특별자치도 제주시 연미2길 5,33.492719118,126.50295263,,,,,50,단독,50,,,Y,9,9
3534,제주시민속오일시장 3주차장,KP004703,01,04,제주특별자치도 제주시 오일장동길 51,33.496506886,126.47693229,,,,,100,단독,50,,,Y,9,9
3535,제주시민속오일시장 3주차장,KP004703,02,04,제주특별자치도 제주시 오일장동길 51,33.496506886,126.47693229,,,,,100,단독,50,,,Y,9,9
3536,제주시민속오일시장 3주차장,KP004703,03,04,제주특별자치도 제주시 오일장동길 51,33.496506886,126.47693229,,,,,50,단독,50,,,Y,9,9
3537,제주시민속오일시장 3주차장,KP004703,04,04,제주특별자치도 제주시 오일장동길 51,33.496506886,126.47693229,,,,,50,단독,50,,,Y,9,9
3538,제주아트센터,KP004704,01,04,제주특별자치도 제주시 오남로 231,33.477121493,126.51545991,,,,,100,단독,50,,,Y,9,9
3539,제주아트센터,KP004704,02,04,제주특별자치도 제주시 오남로 231,33.477121493,126.51545991,,,,,100,단독,50,,,Y,9,9
3540,제주아트센터,KP004704,03,04,제주특별자치도 제주시 오남로 231,33.477121493,126.51545991,,,,,100,단독,50,,,Y,9,9
3541,제주아트센터,KP004704,04,04,제주특별자치도 제주시 오남로 231,33.477121493,126.51545991,,,,,100,단독,50,,,Y,9,9
3542,천지공영주차장,KP004706,01,04,제주특별자치도 서귀포시 서문로 16,33.251527820,126.55928914,,,,,,,50,,,Y,9,9
3543,천지공영주차장,KP004706,02,04,제주특별자치도 서귀포시 서문로 16,33.251527820,126.55928914,,,,,100,단독,50,,,Y,9,9
3544,표선공영주차장,KP004707,01,04,제주특별자치도 서귀포시 표선면 표선중앙로 74-1,35.326354251,126.83175666,,,,,100,단독,50,,,Y,9,9
3545,표선공영주차장,KP004707,02,04,제주특별자치도 서귀포시 표선면 표선중앙로 74-1,35.326354251,126.83175666,,,,,100,단독,50,,,Y,9,9
3546,표선공영주차장,KP004707,03,04,제주특별자치도 서귀포시 표선면 표선중앙로 74-1,35.326354251,126.83175666,,,,,50,단독,50,,,Y,9,9
3547,고스트타운,KP004724,01,04,제주특별자치도 제주시 애월읍 부룡수길 35-14,33.475834969,126.35656199,,,,,,,50,,,Y,9,9
3548,고스트타운,KP004724,02,04,제주특별자치도 제주시 애월읍 부룡수길 35-14,33.475834969,126.35656199,,,,,,,50,,,Y,9,9
3549,고스트타운,KP004724,03,04,제주특별자치도 제주시 애월읍 부룡수길 35-14,33.475834969,126.35656199,20220206164310,20220205155731,20220205225002,20220205155731,,,50,,,Y,9,9
3550,고스트타운,KP004724,04,04,제주특별자치도 제주시 애월읍 부룡수길 35-14,33.475834969,126.35656199,,,,,,,50,,,Y,9,9
3551,고스트타운,KP004724,05,04,제주특별자치도 제주시 애월읍 부룡수길 35-14,33.475834969,126.35656199,20220625213108,20220625170238,20220625194501,20220625212949,,,50,,,Y,3,3
3552,동광리버스차고지,KP004755,01,04,제주특별자치도 서귀포시 안덕면 한창로 599,33.310584214,126.34030718,,,,,100,단독,50,,,Y,9,9
3553,동광리버스차고지,KP004755,02,04,제주특별자치도 서귀포시 안덕면 한창로 599,33.310584214,126.34030718,,,,,100,단독,50,,,Y,9,9
3554,남원공영주차장,KP004756,01,04,제주특별자치도 서귀포시 남원읍 태위로700번길 4-1,33.279172809,126.72112468,,,,,50,단독,50,,,Y,9,9
3555,농업기술원,KP004757,01,04,제주특별자치도 서귀포시 중산간서로 212,33.261217509,126.48908885,,,,,50,단독,50,,,Y,9,9
3556,농업기술원,KP004757,02,04,제주특별자치도 서귀포시 중산간서로 212,33.261217509,126.48908885,,,,,50,단독,50,,,Y,9,9
3557,위더스빌16차,KP004763,01,02,제주특별자치도 제주시 신설로9길 12-7,33.493604193,126.54623524,,,,,7,단독,50,,,Y,9,9
3558,제주EV파크(빌리카지점),KP005014,01,04,제주특별자치도 제주시 용문로 62,33.503873257,126.50107145,,,,,200,단독,50,,,Y,9,9
3559,제주EV파크(빌리카지점),KP005014,02,04,제주특별자치도 제주시 용문로 62,33.503873257,126.50107145,,,,,200,단독,50,,,Y,9,9
3560,제주EV파크(빌리카지점),KP005014,03,04,제주특별자치도 제주시 용문로 62,33.503873257,126.50107145,,,,,200,단독,50,,,Y,9,9
3561,제주EV파크(빌리카지점),KP005014,04,04,제주특별자치도 제주시 용문로 62,33.503873257,126.50107145,,,,,200,단독,50,,,Y,9,9
3562,제주EV파크(빌리카지점),KP005014,05,04,제주특별자치도 제주시 용문로 62,33.503873257,126.50107145,,,,,200,단독,50,,,Y,9,9
3563,제주EV파크(빌리카지점),KP005014,06,04,제주특별자치도 제주시 용문로 62,33.503873257,126.50107145,,,,,200,단독,50,,,Y,9,9
3564,제주EV파크(빌리카지점),KP005014,07,04,제주특별자치도 제주시 용문로 62,33.503873257,126.50107145,,,,,200,단독,50,,,Y,9,9
3565,제주EV파크(빌리카지점),KP005014,08,04,제주특별자치도 제주시 용문로 62,33.503873257,126.50107145,,,,,200,단독,50,,,Y,9,9
3566,제주EV파크(빌리카지점),KP005014,09,04,제주특별자치도 제주시 용문로 62,33.503873257,126.50107145,,,,,200,단독,50,,,Y,9,9
3567,제주EV파크(빌리카지점),KP005014,10,04,제주특별자치도 제주시 용문로 62,33.503873257,126.50107145,,,,,200,단독,50,,,Y,9,9
3568,레드캡렌트카,LH900100,01,02,제주특별자치도 제주시 첨단로 213-3,33.4537845,126.5724986,20220625125004,20220625112044,20220625124905,20220625112044,7,단독,50,,,N,2,2
3569,레드캡렌트카,LH900100,02,02,제주특별자치도 제주시 첨단로 213-3,33.4537845,126.5724986,20220624123004,20220624113255,20220624122011,20220624113255,7,단독,50,,,N,2,2
3570,레드캡렌트카,LH900100,03,02,제주특별자치도 제주시 첨단로 213-3,33.4537845,126.5724986,20220625175004,20220625151515,20220625165349,20220625151515,7,단독,50,,,N,2,2
3571,레드캡투어 제주 차고지,LH900200,01,04,제주특별자치도 제주시 다호길 130,33.503202261,126.49399393,20220620151958,,,,100,단독,50,,,Y,1,1
3572,카이로스빌리지,MO501104,01,02,제주특별자치도 제주시 신비마을1길 56-3,33.4,126.4,20220626000418,20220612133000,20220612133001,20220529165543,7,단독,50,,,Y,2,2
3573,카이로스빌리지,MO501104,02,02,제주특별자치도 제주시 신비마을1길 56-3,33.4,126.4,20220620234917,20220616150058,20220617070847,20220620193736,7,단독,50,,,Y,2,2
3574,양산수눌음,MO501105,01,02,제주특별자치도 제주시 연삼로 29-9,33.495045,126.4961389,20220625213618,20220625194106,20220625210537,20220625194106,7,단독,50,,,Y,2,2
3575,담소락,MO501106,01,02,제주특별자치도 제주시 조천읍 함덕서1길 7-3,33.5414858,126.6584386,20220620180457,20220612162112,20220612162234,20220612162112,7,단독,50,,,Y,2,2
3576,소낭펜션,MO501107,01,02,제주특별자치도 제주시 한림읍 월계로 38,33.4017533,126.2555673,20220620180457,20220611170826,20220611170928,20220611170826,7,단독,50,,,Y,2,2
3577,한성개발주식회사(그라벨호텔),MO501126,01,02,제주특별자치도 제주시 일주서로 7316,33.493472,126.455899,20220625202919,20220624160112,20220624201035,20220625163456,7,단독,50,,,Y,3,3
3578,한성개발주식회사(그라벨호텔),MO501126,02,02,제주특별자치도 제주시 일주서로 7316,33.493472,126.455899,20220625175216,20220623201823,20220624000550,20220625175201,7,단독,50,,,Y,3,3
3579,일성제주비치콘도,MO501128,01,02,제주특별자치도 제주시 한림읍 한림로 127,33.385253,126.2213,20220614124324,20220613214918,20220614001530,20220613214918,7,단독,50,,,Y,2,2
3580,일성제주비치콘도,MO501128,02,02,제주특별자치도 제주시 한림읍 한림로 127,33.385253,126.2213,20220625224520,20220625183027,20220625224108,20220625183027,7,단독,50,,,Y,2,2
3581,일등정육식당,MO501129,01,02,제주특별자치도 제주시 한림읍 한림상로 145,33.4118984,126.2678085,20220625064417,20220623054056,20220623084450,20220624234005,7,단독,50,,,Y,2,2
3582,일등정육식당,MO501129,02,02,제주특별자치도 제주시 한림읍 한림상로 145,33.4118984,126.2678085,20220625205116,20220614234314,20220615073313,20220625205101,7,단독,50,,,Y,3,3
3583,코이노니아 펜션,MO501130,01,02,제주특별자치도 제주시 한림읍 금능6길 19,33.3885931,126.231281,20220620180510,20220615101505,20220615101515,20220605150644,7,단독,50,,,Y,2,2
3584,위리아,MO501131,01,02,제주특별자치도 제주시 구좌읍 김녕남8길 55-87,33.5429134,126.761275,20220620180511,20220612185118,20220612185224,20220612185118,7,단독,50,,,Y,2,2
3585,위리아,MO501131,02,02,제주특별자치도 제주시 구좌읍 김녕남8길 55-87,33.5429134,126.761275,20220620180511,20220612185528,20220612185642,20220307094918,7,단독,50,,,Y,2,2
3586,청도,MO501132,01,02,제주특별자치도 제주시 서해안로 546,33.5199305,126.4969892,20220625111418,20220623101005,20220623105535,20220625092327,7,단독,50,,,Y,2,2
3587,청도,MO501132,02,02,제주특별자치도 제주시 서해안로 546,33.5199305,126.4969892,20220620180511,20220617193619,20220617195916,20220617193619,7,단독,50,,,Y,2,2
3588,제주여행가야밀면,MO501134,01,02,제주특별자치도 제주시 원노형9길 14,33.4880414,126.4848892,20220625201215,20220625010801,20220625054726,20220625010801,7,단독,50,,,Y,3,3
3589,제주여행가야밀면,MO501134,02,02,제주특별자치도 제주시 원노형9길 14,33.4880414,126.4848892,20220625223316,20220624001044,20220624075413,20220625223307,7,단독,50,,,Y,3,3
3590,캐피탈모텔,MO501135,01,02,제주특별자치도 제주시 서광로2길 11-11,33.4991258,126.5138675,20220620180510,20220612103851,20220612103954,20220612103851,7,단독,50,,,Y,2,2
3591,캐피탈모텔,MO501135,02,02,제주특별자치도 제주시 서광로2길 11-11,33.4991258,126.5138675,20220620180510,20220612104045,20220612104153,20220612104045,7,단독,50,,,Y,2,2
3592,하버호텔,MO501136,01,02,제주특별자치도 제주시 임항로 260,33.5176948,126.5382653,20220625233118,20220625193545,20220625232435,20220625193545,7,단독,50,,,Y,2,2
3593,하버호텔,MO501136,02,02,제주특별자치도 제주시 임항로 260,33.5176948,126.5382653,20220625212616,20220625185037,20220625212254,20220625185037,7,단독,50,,,Y,2,2
3594,힐스템 화북점,MO501138,01,02,제주특별자치도 제주시 연삼로 690,33.5093118,126.5603252,20220623054018,20220622190741,20220623002431,20220622190741,7,단독,50,,,Y,2,2
3595,(주)건흥,MO501139,01,02,제주특별자치도 제주시 기자서길 34,33.4813112,126.5466305,20220622200715,20220622182250,20220622200250,20220622182250,7,단독,50,,,Y,2,2
3596,뉴월드여관,MO501140,01,02,제주특별자치도 제주시 한림읍 한림북동길 26,33.417404,126.2639488,20220620180453,20220611165204,20220611165216,20220611165204,7,단독,50,,,Y,2,2
3597,말로,MO501141,01,02,제주특별자치도 제주시 조천읍 남조로 1785-12,33.4274696,126.6721183,20220623162619,20220621211318,20220622023033,20220623122910,7,단독,50,,,Y,2,2
3598,말로,MO501141,02,02,제주특별자치도 제주시 조천읍 남조로 1785-12,33.4274696,126.6721183,20220623033616,20220622234116,20220623033039,20220622234116,7,단독,50,,,Y,2,2
3599,머들하우스,MO501142,01,02,제주특별자치도 제주시 구좌읍 덕행로 490,33.5102781,126.7778249,20220620180457,20220612182913,20220612182922,20220612182913,7,단독,50,,,Y,2,2
3600,머들하우스,MO501142,02,02,제주특별자치도 제주시 구좌읍 덕행로 490,33.5102781,126.7778249,20220620180457,20220612182822,20220612182838,20220612182822,7,단독,50,,,Y,2,2
3601,방림원,MO501143,01,02,제주특별자치도 제주시 한경면 용금로 864,33.3372157,126.2681559,20220620180457,20220618110942,20220618130740,20220618110942,7,단독,50,,,Y,2,2
3602,방림원,MO501143,02,02,제주특별자치도 제주시 한경면 용금로 864,33.3372157,126.2681559,20220625181017,20220625132818,20220625162442,20220625132818,7,단독,50,,,Y,2,2
3603,앳코너,MO501144,01,02,제주특별자치도 제주시 백포북길 25,33.5027448,126.4587689,20220620180508,20220612140128,20220612140245,20220612140128,7,단독,50,,,Y,2,2
3604,앳코너,MO501144,02,02,제주특별자치도 제주시 백포북길 25,33.5027448,126.4587689,20220623215814,20220623205815,20220623215243,20220623205815,7,단독,50,,,Y,2,2
3605,예원,MO501145,01,02,제주특별자치도 제주시 구좌읍 비자림로 2542,33.5135086,126.8306186,20220620180509,20220612165925,20220612170030,20220612165925,7,단독,50,,,Y,2,2
3606,좋은날키친,MO501146,01,02,제주특별자치도 제주시 구좌읍 덕평로 14,33.4835833,126.7467256,20220620180458,20220619200233,20220620010219,20220619200233,7,단독,50,,,Y,2,2
3607,임팩트골프클럽,MO501147,01,02,제주특별자치도 제주시 애월읍 광령평화10길 96,33.4480164,126.4461383,20220624153717,20220624134315,20220624153437,20220624134315,7,단독,50,,,Y,2,2
3608,임팩트골프클럽,MO501147,02,02,제주특별자치도 제주시 애월읍 광령평화10길 96,33.4480164,126.4461383,20220624184417,20220624173354,20220624184217,20220624173354,7,단독,50,,,Y,2,2
3609,바캉스 샤브샤브,MO501148,01,02,제주특별자치도 제주시 조천읍 신북로 595,33.5400596,126.6730804,20220620180458,20220612160944,20220612161002,20220612160944,7,단독,50,,,Y,2,2
3610,도평골프연습장,MO501149,01,02,제주특별자치도 제주시 고래소길 71,33.4718675,126.452873,20220620180451,20220612112801,20220612112914,20220612112801,7,단독,50,,,Y,2,2
3611,마스터스롯지,MO501150,01,02,제주특별자치도 제주시 조천읍 와흘로 84,33.4956749,126.6364176,20220625061816,20220620000311,20220620061310,20220624225230,7,단독,50,,,Y,2,2
3612,스튜디오13,MO501151,01,02,제주특별자치도 제주시 구좌읍 중산간동로 2126,33.4714517,126.7702677,20220620180454,20220617094943,20220617095056,20220617094943,7,단독,50,,,Y,2,2
3613,비자향,MO501152,01,02,제주특별자치도 제주시 구좌읍 비자림로 2270,33.495948,126.8114176,20220625184118,20220625125542,20220625183416,20220625125542,7,단독,50,,,Y,2,2
3614,월정리카페 스쿠버스,MO501153,01,02,제주특별자치도 제주시 구좌읍 월정3길 14,33.5528322,126.792192,20220625204317,20220625063744,20220625090143,20220625204301,7,단독,50,,,Y,3,3
3615,뜰향기,MO501154,01,02,제주특별자치도 제주시 조천읍 남조로 2326,33.472713,126.6589263,20220625164617,20220625160450,20220625164249,20220625160450,7,단독,50,,,Y,2,2
3616,목장카페 드르쿰다,MO501310,01,02,제주특별자치도 서귀포시 표선면 번영로 2454,33.409213,126.770655,20220625122016,20220625113147,20220625121505,20220625113147,7,단독,50,,,Y,2,2
3617,목장카페 드르쿰다,MO501310,02,02,제주특별자치도 서귀포시 표선면 번영로 2454,33.409213,126.770655,20220625160815,20220625143943,20220625160248,20220625143943,7,단독,50,,,Y,2,2
3618,섬오름리조트,MO501311,01,02,제주특별자치도 서귀포시 막숙포로 114,33.23294,126.510568,20220625215217,20220623212311,20220623231726,20220625215119,7,단독,50,,,Y,3,3
3619,루멘하임,MO501312,01,02,제주특별자치도 서귀포시 태평로 40-1,33.244739,126.527494,20220614094924,20220614094317,20220614094429,20220614094317,7,단독,50,,,Y,2,2
3620,루멘하임,MO501312,02,02,제주특별자치도 서귀포시 태평로 40-1,33.244739,126.527494,20220625140715,20220625132905,20220625140428,20220625132905,7,단독,50,,,Y,2,2
3621,강셰프의 키친,MO501313,01,02,제주특별자치도 서귀포시 대정읍 대한로 558,33.276321,126.244224,20220625233821,20220625232233,20220625233616,20220625232233,7,단독,50,,,Y,2,2
3622,갈마못,MO501314,01,02,제주특별자치도 서귀포시 성산읍 중산간동로 4538,33.387695,126.803659,20220620180452,20220613114624,20220613114736,20220613114624,7,단독,50,,,Y,2,2
3623,갈마못,MO501314,02,02,제주특별자치도 서귀포시 성산읍 중산간동로 4538,33.387695,126.803659,20220620180452,20220613114348,20220613114507,20220613114348,7,단독,50,,,Y,2,2
3624,제일행복해 1단지,MO501315,01,02,제주특별자치도 서귀포시 호근남로 26,33.2553933,126.5288466,20220625181217,20220624220537,20220625043543,20220625181142,7,단독,50,,,Y,3,3
3625,제일행복해 1단지,MO501315,02,02,제주특별자치도 서귀포시 호근남로 26,33.2553933,126.5288466,20220624110615,20220624011408,20220624080407,20220624011408,7,단독,50,,,Y,2,2
3626,제일행복해 2단지,MO501316,01,02,제주특별자치도 서귀포시 호근남로 25,33.2554867,126.528895,20220621083516,20220621010848,20220621060746,20220621010848,7,단독,50,,,Y,2,2
3627,제일행복해 2단지,MO501316,02,02,제주특별자치도 서귀포시 호근남로 25,33.2554867,126.528895,20220620180456,20220613152526,20220613152633,20220613152526,7,단독,50,,,Y,2,2
3628,녹두카페,MO501317,01,02,제주특별자치도 서귀포시 성산읍 서성일로747번길 8,33.4326087,126.8626745,20220625084216,20220624205749,20220625021026,20220624205749,7,단독,50,,,Y,2,2
3629,녹두카페,MO501317,02,02,제주특별자치도 서귀포시 성산읍 서성일로747번길 8,33.4326087,126.8626745,20220625225218,20220625172411,20220625221142,20220625172411,7,단독,50,,,Y,2,2
3630,카페오션브릭,MO501318,01,02,제주특별자치도 서귀포시 안덕면 산방로 75-5,33.241737,126.3246472,20220620180450,20220614103950,20220614104058,20220615092156,7,단독,50,,,Y,3,3
3631,카페오션브릭,MO501318,02,02,제주특별자치도 서귀포시 안덕면 산방로 75-5,33.241737,126.3246472,20220621115916,20220621112222,20220621115342,20220621112222,7,단독,50,,,Y,2,2
3632,카페더라이트,MO501319,01,02,제주특별자치도 서귀포시 성산읍 한도로 269,33.4656364,126.9359954,20220625222118,20220625213209,20220625221547,20220625213209,7,단독,50,,,Y,2,2
3633,카페더라이트,MO501319,02,02,제주특별자치도 서귀포시 성산읍 한도로 269,33.4656364,126.9359954,20220625203319,20220625141815,20220625184309,20220625141815,7,단독,50,,,Y,2,2
3634,오르또,MO501321,01,02,제주특별자치도 서귀포시 성산읍 한도로 117,33.4689648,126.9207246,20220620180458,20220613123834,20220613123848,20220617080733,7,단독,50,,,Y,2,2
3635,오르또,MO501321,02,02,제주특별자치도 서귀포시 성산읍 한도로 117,33.4689648,126.9207246,20220625035316,20220621194252,20220621215249,20220624210534,7,단독,50,,,Y,2,2
3636,제주고가네식당,MO501323,01,02,제주특별자치도 서귀포시 성산읍 성산중앙로19번길 14,33.4627525,126.9313067,20220620180458,20220613154339,20220613154803,20220613154339,7,단독,50,,,Y,2,2
3637,제주고가네식당,MO501323,02,02,제주특별자치도 서귀포시 성산읍 성산중앙로19번길 14,33.4627525,126.9313067,20220620180456,20220613121750,20220613121755,20220613121750,7,단독,50,,,Y,2,2
3638,빅썸호스텔(태흥리조트),MO501324,01,02,제주특별자치도 서귀포시 남원읍 태위로 984-7,33.2879683,126.7498181,20220625060216,20220624231629,20220625055658,20220624231629,7,단독,50,,,Y,2,2
3639,빅썸호스텔(태흥리조트),MO501324,02,02,제주특별자치도 서귀포시 남원읍 태위로 984-7,33.2879683,126.7498181,20220620180458,20220614090944,20220614122813,20220614090944,7,단독,50,,,Y,2,2
3640,유러하우스,MO501325,01,02,제주특별자치도 서귀포시 막숙포로 136,33.2318402,126.5086907,20220620180508,20211010131601,20211010172426,20210921180158,7,단독,50,,,Y,2,2
3641,유러하우스,MO501325,02,02,제주특별자치도 서귀포시 막숙포로 136,33.2318402,126.5086907,20220620180508,20220613154520,20220613154705,20220613154520,7,단독,50,,,Y,2,2
3642,천제연토속,MO501326,01,02,제주특별자치도 서귀포시 천제연로 45,33.2567037,126.4107054,20220625163715,20220625133044,20220625163358,20220625133044,7,단독,50,,,Y,2,2
3643,솔바람풍경소리,MO501327,01,02,제주특별자치도 서귀포시 남원읍 태수로143번길 132-37,33.2905567,126.7246334,20220620180456,20220613135610,20220613135718,20220613135610,7,단독,50,,,Y,2,2
3644,솔바람풍경소리,MO501327,02,02,제주특별자치도 서귀포시 남원읍 태수로143번길 132-37,33.2905567,126.7246334,20220620180456,20220613135856,20220613140022,20220613135856,7,단독,50,,,Y,2,2
3645,38photography,MO501328,01,02,제주특별자치도 서귀포시 보목포로65번길 40-6,33.2429595,126.6068627,20220624133915,20220623182624,20220624002513,20220623182624,7,단독,50,,,Y,2,2
3646,제주 목석원뜨래별아파트,NT100132,01,02,제주특별자치도 제주시 중앙로 628,33.46789852,126.5483831,20220617122810,,,,7,단독,50,,,Y,9,9
3647,제주 목석원뜨래별아파트,NT100132,02,02,제주특별자치도 제주시 중앙로 628,33.46789852,126.5483831,20220617122810,,,,7,단독,50,,,Y,9,9
3648,제주 목석원뜨래별아파트,NT100132,03,02,제주특별자치도 제주시 중앙로 628,33.46789852,126.5483831,20220617122810,,,,7,단독,50,,,Y,9,9
3649,제주 목석원뜨래별아파트,NT100132,04,02,제주특별자치도 제주시 중앙로 628,33.46789852,126.5483831,20220617122810,,,,7,단독,50,,,Y,9,9
3650,제주 목석원뜨래별아파트,NT100132,05,02,제주특별자치도 제주시 중앙로 628,33.46789852,126.5483831,20220617122810,,,,7,단독,50,,,Y,9,9
3651,제주 목석원뜨래별아파트,NT100132,06,02,제주특별자치도 제주시 중앙로 628,33.46789852,126.5483831,20220617122810,,,,7,단독,50,,,Y,9,9
3652,제주 목석원뜨래별아파트,NT100132,07,02,제주특별자치도 제주시 중앙로 628,33.46789852,126.5483831,20220617122810,,,,7,단독,50,,,Y,9,9
3653,제주 오렌지,PC000035,01,02,제주특별자치도 제주시 구좌읍 동김길 81,33.5493999,126.7256273,20220622103152,,,,7,단독,50,,,Y,1,1
3654,제주 오렌지,PC000035,02,02,제주특별자치도 제주시 구좌읍 동김길 81,33.5493999,126.7256273,20220625175251,,,,7,단독,50,,,Y,2,2
3655,서귀포시 이마트(서귀포점),PI000164,01,02,제주특별자치도 서귀포시 일주동로 9209,33.248314849,126.50886373,20220623231039,20220616135904,20220615144830,20220616135904,,,50,,,,2,2
3656,서귀포시 이마트(서귀포점),PI000164,02,02,제주특별자치도 서귀포시 일주동로 9209,33.248314849,126.50886373,20220624203734,20220615215204,20220615221743,20220615215204,,,50,,,,2,2
3657,서귀포시 블루핸즈(성산점),PI000168,01,02,제주특별자치도 서귀포시 성산읍 서성일로 1194,33.44601148237,126.9061262530,20220607032414,20220322230028,20220322230959,20220322230028,,,50,,,,2,2
3658,서귀포시 블루핸즈(천지자동차),PI000170,01,02,제주특별자치도 서귀포시 토평공단로139번길 6,33.293734,126.581476,20220607032432,20220526093539,20220526094136,20220509101037,,,50,,,,2,2
3659,제주시 자연인,PI000171,01,02,제주특별자치도 제주시 아란서길 110,33.4687253996,126.539956067,20220625223735,20220620182543,20220616121057,20220620182543,,,50,,,,2,2
3660,제주시 자연인,PI000171,02,02,제주특별자치도 제주시 아란서길 110,33.4687253996,126.539956067,20220625084649,20220620203039,20220621111005,20220620203039,,,50,,,,2,2
3661,제주시 자연인,PI000171,03,02,제주특별자치도 제주시 아란서길 110,33.4687253996,126.539956067,20220623231810,20220615195904,20220616072828,20220615195904,,,50,,,,2,2
3662,제주시 자연인,PI000171,04,02,제주특별자치도 제주시 아란서길 110,33.4687253996,126.539956067,20220625202516,20220616111450,20220616125550,20220616111450,,,50,,,,3,3
3663,제주시 자연인,PI000171,05,02,제주특별자치도 제주시 아란서길 110,33.4687253996,126.539956067,20220625212125,20220616061043,20220616125724,20220616061043,,,50,,,,3,3
3664,제주시 카카오 본사,PI000206,01,02,제주특별자치도 제주시 첨단로 242,33.4495029,126.571032,20220624191149,,,,,,50,,,,2,2
3665,제주시 카카오 본사,PI000206,02,02,제주특별자치도 제주시 첨단로 242,33.4495029,126.571032,20220613172617,,,,,,50,,,,2,2
3666,제주시 카카오 본사,PI000206,03,02,제주특별자치도 제주시 첨단로 242,33.4495029,126.571032,20220619205620,,,,,,50,,,,2,2
3667,제주시 카카오 본사,PI000206,04,02,제주특별자치도 제주시 첨단로 242,33.4495029,126.571032,20220624153142,20220615065511,20220615112517,20220615065511,,,50,,,Y,2,2
3668,제주시 카카오 본사,PI000206,05,02,제주특별자치도 제주시 첨단로 242,33.4495029,126.571032,20220615070240,20220614183442,20220530185257,20220530093736,,,50,,,Y,1,1
3669,제주시 한국수산자원관리공단 제주본부,PI000727,01,02,제주특별자치도 제주시 한림읍 옹포7길 23,33.4068794373,126.2524813412,20220617154815,20220617151459,20220604143227,20220617151459,,,50,,,Y,2,2
3670,도천동행정복지센터,PI121398,01,02,"경상남도 통영시 평인일주로 36 (인평동, 도천동행정복지센터)",34.8394,128.401,20220621213712,20220621184046,20220621213506,20220621184046,,,50,,,N,2,2
3671,북신동행정복지센터,PI121401,01,02,"경상남도 통영시 여황로 403-6 (북신동, 북신동행정복지센터)",34.8571,128.426,20220624112813,20220621222919,20220620133405,20220621222919,,,50,,,N,2,2
3672,거가주차빌딩,PI121404,01,02,경상남도 진주시 에나로128번길 7 (충무공동),35.1769,128.143,20220623113831,20220623075252,20220623113513,20220623075252,,,50,,,N,2,2
3673,롯데캐슬아일랜드,PI121456,01,02,"경상남도 거제시 능포로2길 62 (능포동, 롯데캐슬아일랜드)",34.8762,128.733,20220624112334,20220623232025,20220612082725,20220623232025,,,50,,,N,2,2
3674,롯데캐슬아일랜드,PI121456,02,02,"경상남도 거제시 능포로2길 62 (능포동, 롯데캐슬아일랜드)",34.8762,128.733,20220617073836,20220617053320,20220617073113,20220617053320,,,50,,,N,2,2
3675,롯데캐슬아일랜드,PI121456,03,02,"경상남도 거제시 능포로2길 62 (능포동, 롯데캐슬아일랜드)",34.8762,128.733,20220522055115,20220521231742,20220502071527,20220521231742,,,50,,,N,2,2
3676,롯데캐슬아일랜드,PI121456,04,02,"경상남도 거제시 능포로2길 62 (능포동, 롯데캐슬아일랜드)",34.8762,128.733,20220619113232,20220619064805,20220619112927,20220619064805,,,50,,,N,2,2
3677,제주도농아복지관,PI121465,01,02,제주특별자치도 제주시 우령서로16길 19,33.4849,126.426,20220617163557,20220616225324,20220514132500,20220616225324,,,50,,,N,2,2
3678,제주도농아복지관,PI121465,02,02,제주특별자치도 제주시 우령서로16길 19,33.4849,126.426,20220625172441,20220625133333,20220625172024,20220625133333,,,50,,,N,2,2
3679,마리면사무소,PI121533,01,02,"경상남도 거창군 마리면 빼재로 18 (말흘리, 마리면사무소)",35.7012,127.855,20220622190157,20220622151747,20220620105430,20220622151747,,,50,,,N,2,2
3680,아이존빌2차아파트,PI121536,01,02,"경상남도 고성군 고성읍 동외로168번길 99 (동외리, 디에스아이존빌2차)",34.977,128.332,20220602102516,20220602071243,20220602101915,20220602071243,,,50,,,N,2,2
3681,아이존빌2차아파트,PI121536,02,02,"경상남도 고성군 고성읍 동외로168번길 99 (동외리, 디에스아이존빌2차)",34.977,128.332,20220522211734,20220522135908,20220522211023,20220522135908,,,50,,,N,2,2
3682,아이존빌2차아파트,PI121536,03,02,"경상남도 고성군 고성읍 동외로168번길 99 (동외리, 디에스아이존빌2차)",34.977,128.332,20220624112755,20220620152804,20220510172356,20220620152804,,,50,,,N,2,2
3683,아이존빌2차아파트,PI121536,04,02,"경상남도 고성군 고성읍 동외로168번길 99 (동외리, 디에스아이존빌2차)",34.977,128.332,20220624112755,20220619165036,20220602174142,20220602151722,,,50,,,N,2,2
3684,남하면사무소,PI121561,01,02,"경상남도 거창군 남하면 영서로 41 (무릉리, 남하면사무소)",35.6677,127.944,20220620204209,20220620202520,20220620203940,20220620202520,,,50,,,N,2,2
3685,국립김해박물관,PI121564,01,02,"경상남도 김해시 가야의길 190 (구산동, 국립김해박물관)",35.2431,128.873,20220625202859,20220625143944,20220624203319,20220625143944,,,50,,,N,2,2
3686,주상면행정복지센터,PI121569,01,02,"경상남도 거창군 주상면 주곡로 655 (도평리, 주상면사무소)",35.7492,127.913,20220623193659,20220623165914,20220617150412,20220623165914,,,50,,,N,2,2
3687,거창읍행정복지센터,PI121591,01,02,"경상남도 거창군 거창읍 거열로 90 (상림리, 거창읍사무소)",35.6828,127.904,20220625222301,20220625161543,20220625155950,20220625161543,,,50,,,N,2,2
3688,봉평동행정복지센터,PI121596,01,02,"경상남도 통영시 도남로 185 (도남동, 봉평동주민센터)",34.8296,128.424,20220623215717,20220623180409,20220623180156,20220623180409,,,50,,,N,2,2
3689,양산물금양우내안애3차센트럴아파트,PI121618,01,02,"경상남도 양산시 물금읍 야리로 89 (가촌리, 양산물금양우내안애3차센트럴아파트) 301동~306동",35.3126,129.006,20220625233557,20220625002423,20220624222914,20220625233231,,,50,,,N,3,3
3690,양산물금양우내안애3차센트럴아파트,PI121618,02,02,"경상남도 양산시 물금읍 야리로 89 (가촌리, 양산물금양우내안애3차센트럴아파트) 301동~306동",35.3126,129.006,20220625080510,20220625001757,20220621232016,20220625001757,,,50,,,N,2,2
3691,양산물금양우내안애3차센트럴아파트,PI121618,03,02,"경상남도 양산시 물금읍 야리로 89 (가촌리, 양산물금양우내안애3차센트럴아파트) 301동~306동",35.3126,129.006,20220625001138,20220624220246,20220621213951,20220624220246,,,50,,,N,2,2
3692,양산물금양우내안애3차센트럴아파트,PI121618,04,02,"경상남도 양산시 물금읍 야리로 89 (가촌리, 양산물금양우내안애3차센트럴아파트) 301동~306동",35.3126,129.006,20220625075753,20220624230957,20220527100423,20220624230957,,,50,,,N,2,2
3693,창원문성대학,PI121876,01,02,"경상남도 창원시 의창구 충혼로 91 (두대동, 창원문성대학)",35.233,128.66,20220611125723,20220611084530,20220611125628,20220611084530,,,50,,,N,2,2
3694,창원문성대학,PI121876,02,02,"경상남도 창원시 의창구 충혼로 91 (두대동, 창원문성대학)",35.233,128.66,20220625105344,20220625092248,20220625105244,20220625092248,,,50,,,N,2,2
3695,산청삼한사랑채아파트,PI121878,01,02,"경상남도 산청군 산청읍 중앙로 41 (지리, 산청삼한사랑채)",35.4156,127.88,20220625234642,20220625191310,20220624175948,20220625191310,,,50,,,N,2,2
3696,산청삼한사랑채아파트,PI121878,02,02,"경상남도 산청군 산청읍 중앙로 41 (지리, 산청삼한사랑채)",35.4156,127.88,20220625224431,20220625205415,20220623195256,20220625205415,,,50,,,N,2,2
3697,산청삼한사랑채아파트,PI121878,03,02,"경상남도 산청군 산청읍 중앙로 41 (지리, 산청삼한사랑채)",35.4156,127.88,20220622125144,20220622091743,20220509154942,20220622091743,,,50,,,N,2,2
3698,하동읍사무소,PI121882,01,02,"경상남도 하동군 하동읍 중앙로 70 (읍내리, 하동읍사무소)",35.0719,127.745,20220625060333,20220618173941,20220618185941,20220618173941,,,50,,,N,2,2
3699,엠에스주차타워,PI121886,01,02,경상남도 진주시 충의로 20-21 (충무공동),35.1752,128.149,20220617163528,20220609182511,20220415134514,20220417192941,,,50,,,N,2,2
3700,김해관동서희스타힐스,PI121916,01,02,"경상남도 김해시 관동로27번길 95 (관동동, 관동서희스타힐스)",35.1781,128.814,20220624112812,20220623185529,20220623222631,20220623185529,,,50,,,N,2,2
3701,김해관동서희스타힐스,PI121916,02,02,"경상남도 김해시 관동로27번길 95 (관동동, 관동서희스타힐스)",35.1781,128.814,20220624112812,20220619074922,20220619212033,20220619074922,,,50,,,N,2,2
3702,김해관동서희스타힐스,PI121916,03,02,"경상남도 김해시 관동로27번길 95 (관동동, 관동서희스타힐스)",35.1781,128.814,20220625235725,20220625235029,20220607185009,20220625235029,,,50,,,N,3,3
3703,김해관동서희스타힐스,PI121916,04,02,"경상남도 김해시 관동로27번길 95 (관동동, 관동서희스타힐스)",35.1781,128.814,20220623110806,20220623105852,20220623110418,20220623105852,,,50,,,N,2,2
3704,김해관동서희스타힐스,PI121916,05,02,"경상남도 김해시 관동로27번길 95 (관동동, 관동서희스타힐스)",35.1781,128.814,20220625193548,20220625002433,20220621095408,20220625193116,,,50,,,N,3,3
3705,금남면사무소,PI121922,01,02,"경상남도 하동군 금남면 미법마을길 10 (송문리, 금남면사무소)",34.9505,127.859,20220625104253,20220625084815,20220621165928,20220625084815,,,50,,,N,2,2
3706,적량면사무소,PI121924,01,02,"경상남도 하동군 적량면 대티길 9 (관리, 적량면사무소)",35.0831,127.777,20220623113334,20220623105655,20220623112753,20220623105655,,,50,,,N,2,2
3707,코오롱하늘채1차아파트,PI121937,01,02,"경상남도 창원시 마산회원구 내서읍 호원로 361-3 (호계리, 코오롱하늘채1차아파트) 101동~122동,상가",35.2657,128.525,20220625103919,20220625064505,20220624162051,20220625064505,,,50,,,N,2,2
3708,마산대학,PI121938,01,02,"경상남도 창원시 마산회원구 내서읍 함마대로 2640 (용담리, 마산대학)",35.2661,128.505,20220622122632,20220622090831,20220621154755,20220622090831,,,50,,,N,2,2
3709,마산대학,PI121938,02,02,"경상남도 창원시 마산회원구 내서읍 함마대로 2640 (용담리, 마산대학)",35.2661,128.505,20220624112406,20220623130819,20220623140905,20220623130819,,,50,,,N,2,2
3710,마산대학,PI121938,03,02,"경상남도 창원시 마산회원구 내서읍 함마대로 2640 (용담리, 마산대학)",35.2661,128.505,20220623073944,20220623071342,20220623073609,20220623071342,,,50,,,N,2,2
3711,마산대학,PI121938,04,02,"경상남도 창원시 마산회원구 내서읍 함마대로 2640 (용담리, 마산대학)",35.2661,128.505,20220603170550,20220603153315,20220601181638,20220603153315,,,50,,,N,2,2
3712,마산대학,PI121938,05,02,"경상남도 창원시 마산회원구 내서읍 함마대로 2640 (용담리, 마산대학)",35.2661,128.505,20220624112406,20220611134809,20220611152641,20220611134809,,,50,,,N,2,2
3713,마산대학,PI121938,06,02,"경상남도 창원시 마산회원구 내서읍 함마대로 2640 (용담리, 마산대학)",35.2661,128.505,20220624112812,20220622113317,20220622114725,20220622113317,,,50,,,N,2,2
3714,한일타운1차아파트,PI121949,01,02,"경상남도 창원시 마산회원구 양덕옛2길 58 (양덕동, 한일1차아파트)",35.2306,128.579,20220617163211,20220529200841,20220506180956,20220529200841,,,50,,,N,2,2
3715,한일타운1차아파트,PI121949,02,02,"경상남도 창원시 마산회원구 양덕옛2길 58 (양덕동, 한일1차아파트)",35.2306,128.579,20220625055930,20220622085315,20220622180724,20220622085315,,,50,,,N,1,1
3716,하동군청,PI121951,01,02,경상남도 하동군 하동읍 군청로 23 (읍내리),35.0672,127.751,20220625125904,20220625113847,20220624164041,20220625113847,,,50,,,N,2,2
3717,동성가든타워,PI121957,01,02,"경상남도 진주시 진주대로 901 (강남동, 동성가든타워)",35.1808,128.089,20220625223408,20220625222742,20220624044617,20220625222742,,,50,,,N,3,3
3718,경남테크노파크(정보산업진흥본부),PI121967,01,02,"경상남도 창원시 마산회원구 봉암북7길 21 (봉암동, 경남지능형홈산업화센터)",35.2247,128.598,20220602061927,20220321181630,20220208151909,20220307114107,,,50,,,N,2,2
3719,경남테크노파크(정보산업진흥본부),PI121967,02,02,"경상남도 창원시 마산회원구 봉암북7길 21 (봉암동, 경남지능형홈산업화센터)",35.2247,128.598,20220625232748,20220613233426,20220614070743,20220625232522,,,50,,,N,3,3
3720,악양면사무소,PI121988,01,02,"경상남도 하동군 악양면 악양서로 357 (정서리, 악양면사무소)",35.1624,127.709,20220623124407,20220623104816,20220623124008,20220623104816,,,50,,,N,2,2
3721,정동면삼성아파트,PI121990,01,02,"경상남도 사천시 정동면 옥산로 328 (풍정리, 삼성아파트)",35.0651,128.11,20220617163533,20220611230312,20220609063223,20220611230312,,,50,,,N,2,2
3722,정동면삼성아파트,PI121990,02,02,"경상남도 사천시 정동면 옥산로 328 (풍정리, 삼성아파트)",35.0651,128.11,20220625065717,20220624230323,20220623063845,20220624230323,,,50,,,N,2,2
3723,경남테크노파크(과학기술진흥센터),PI121996,01,02,"경상남도 창원시 의창구 창원대로18번길 22 (팔용동, 경남테크노파크)",35.2515,128.604,20220625185017,20220625184306,20220624170616,20220625184306,,,50,,,N,3,3
3724,경남테크노파크(과학기술진흥센터),PI121996,02,02,"경상남도 창원시 의창구 창원대로18번길 22 (팔용동, 경남테크노파크)",35.2515,128.604,20220624230546,20220624164836,20220624230241,20220624164836,,,50,,,N,2,2
3725,제주퍼시픽호텔,PI122056,01,02,제주특별자치도 제주시 서사로 20 (용담일동     제주퍼시픽호텔),33.510600,126.519000,20220617163551,20220516170549,20220516170619,20211007000000,,,50,,,Y,2,2
3726,제주퍼시픽호텔,PI122056,02,02,제주특별자치도 제주시 서사로 20 (용담일동     제주퍼시픽호텔),33.510600,126.519000,20220624112404,20220516171308,20220516171310,20211105204608,,,50,,,Y,2,2
3727,마중물(주),PI122057,01,02,제주특별자치도 제주시 연화남길 41 (연동),33.473300,126.488000,20220621200401,20220621181425,20220621195821,20220621181425,,,50,,,Y,2,2
3728,마중물(주),PI122057,02,02,제주특별자치도 제주시 연화남길 41 (연동),33.473300,126.488000,20220624112406,20211001000000,20211001000000,20211007000000,,,50,,,Y,2,2
3729,해호텔,PI201178,01,02,"제주특별자치도 제주시 서해안로 526 (용담삼동, 해호텔)",33.519600,126.495000,20220508022236,20211001000000,20211001000000,20211007000000,,,50,,,N,1,1
3730,헤리티지,PI201179,01,02,제주특별자치도 제주시 애월읍 하광로 530 (광령리),33.444300,126.430000,20220622190214,20220622180553,20220622185853,20220622180553,,,50,,,N,2,2
3731,헤리티지,PI201179,02,02,제주특별자치도 제주시 애월읍 하광로 530 (광령리),33.444300,126.430000,20220531192603,20220531181911,20220531192357,20220531181911,,,50,,,N,2,2
3732,신도1리마을회관,PI201180,01,02,"제주특별자치도 서귀포시 대정읍 도원로 217 (신도리, 신도1리사무소)",33.278645,126.191784,20220625114139,20220625100639,20220625113358,20220625100639,,,50,,,N,2,2
3733,신도1리마을회관,PI201180,02,02,"제주특별자치도 서귀포시 대정읍 도원로 217 (신도리, 신도1리사무소)",33.278645,126.191784,20220624162045,20220624145118,20220620105444,20220624145118,,,50,,,N,2,2
3734,(주)레이크힐리조트제주,PI201182,01,02,"제주특별자치도 서귀포시 존제로 24 (상예동, 레이크힐스)",33.266100,126.377000,20220508022125,,,,,,50,,,N,9,9
3735,(주)레이크힐리조트제주,PI201182,02,02,"제주특별자치도 서귀포시 존제로 24 (상예동, 레이크힐스)",33.266100,126.377000,20220508022125,,,,,,50,,,N,9,9
3736,주식회사 프라미스,PI201183,01,02,제주특별자치도 제주시 논세길 51 (내도동),33.489400,126.442000,20220623214623,20220623211407,20220623214520,20220623211407,,,50,,,N,2,2
3737,(재)대한예수회장로하귀교회,PI201185,01,02,"제주특별자치도 제주시 애월읍 하귀로19길 41 (하귀2리, 하귀교회)",33.436300,126.677000,20220621053849,20220620205541,20220614173536,20220620205541,,,50,,,N,2,2
3738,엠마오연수원,PI201186,01,02,"제주특별자치도 제주시 한림읍 한창로 992 (금악리, 한국천주교주교회의엠마오성당)",33.341000,126.321000,20220625031857,20220613190145,20220613231537,20220613190145,,,50,,,N,2,2
3739,엠마오연수원,PI201186,02,02,"제주특별자치도 제주시 한림읍 한창로 992 (금악리, 한국천주교주교회의엠마오성당)",33.341000,126.321000,20220608151523,20220605174226,20220605175457,20220605174226,,,50,,,N,2,2
3740,마사회육성농장,PI201187,02,02,"제주특별자치도 제주시 조천읍 남조로 1660 (교래리, 제주경마목장)",33.417200,126.681000,20220616152856,20220616145114,20220616152703,20220616145114,,,50,,,N,2,2
3741,월드그린골프연습장,PI201188,01,02,제주특별자치도 제주시 연미2길 24 (오라삼동),33.492300,126.505000,20220508022152,20211217233240,20211217233240,20211007000000,,,50,,,N,2,2
3742,곶자왈,PI201189,01,02,제주특별자치도 제주시 조천읍 비자림로 631 (교래리),33.435100,126.673000,20220624112745,20211001000000,20211001000000,20211007000000,,,50,,,N,2,2
3743,탐라신들의고향,PI201190,01,02,제주특별자치도 제주시 조천읍 선교로 474,33.463800,126.711000,20220520153548,20220517182123,20220517193727,20220517182123,,,50,,,N,2,2
3744,탐라신들의고향,PI201190,02,02,제주특별자치도 제주시 조천읍 선교로 474,33.463800,126.711000,20220611053031,20220609182447,20220609221750,20220609182447,,,50,,,N,2,2
3745,숮불애,PI201192,01,02,제주특별자치도 제주시 한경면 녹차분재로 504 (저지리),33.317100,126.270000,20220625102836,20220625084530,20220625083939,20220625084530,,,50,,,N,2,2
3746,호텔샬롬,PI201193,01,02,"제주특별자치도 제주시 동광로 34 (이도이동, 호텔샬롬)",33.502000,126.533000,20220614215419,20220614182048,20220610132450,20220614182048,,,50,,,N,2,2
3747,호텔샬롬,PI201193,02,02,"제주특별자치도 제주시 동광로 34 (이도이동, 호텔샬롬)",33.502000,126.533000,20220624163931,20220624153859,20220624163839,20220624153859,,,50,,,N,2,2
3748,호텔샬롬,PI201193,03,02,"제주특별자치도 제주시 동광로 34 (이도이동, 호텔샬롬)",33.502000,126.533000,20220625223338,20220625204402,20220619084831,20220625204402,,,50,,,N,2,2
3749,신비의사랑,PI201197,01,02,제주특별자치도 제주시 1100로 2933 (노형동),33.4488,126.486,20220617163522,20220308181753,20220130152023,20211007000000,,,50,,,N,2,2
3750,신비의사랑,PI201197,02,02,제주특별자치도 제주시 1100로 2933 (노형동),33.4488,126.486,20220617075536,20220617010320,20220507134950,20220617010320,,,50,,,N,2,2
3751,천주교제주교구연동성당,PI201199,01,02,"제주특별자치도 제주시 1100로 3157 (노형동, 연동천주교회)",33.468200,126.484000,20220620120007,20220620062714,20220620115617,20220620062714,,,50,,,N,2,2
3752,천주교제주교구연동성당,PI201199,02,02,"제주특별자치도 제주시 1100로 3157 (노형동, 연동천주교회)",33.468200,126.484000,20220625192019,20220623160433,20220623192325,20220623160433,,,50,,,N,2,2
3753,계룡길벽돌가,PI201203,01,02,제주특별자치도 제주시 구좌읍 계룡길 26-13 (한동리),33.539000,126.836000,20220622054747,20220607140215,20220607145756,20220607140215,,,50,,,N,2,2
3754,덕천리새마을회,PI201204,01,02,"제주특별자치도 제주시 구좌읍 덕평로 365 (덕천리, 덕천리사무소)",33.502160,126.771474,20220617163158,20220416183304,20220401204309,20220416183304,,,50,,,N,2,2
3755,하도리새마을회,PI201207,01,02,제주특별자치도 제주시 구좌읍 문주란로 1 (하도리),33.518400,126.883000,20220623212745,20220623192809,20220623212715,20220623192809,,,50,,,N,2,2
3756,상도리새마을회,PI201210,01,02,"제주특별자치도 제주시 구좌읍 상도남길 37 (상도리, 상도리사무소)",33.515200,126.865000,20220625195318,20220625183305,20220625195049,20220625183305,,,50,,,N,2,2
3757,종달리새마을회,PI201214,01,02,"제주특별자치도 제주시 구좌읍 종달동길 3 (종달리, 종달웰빙소금밭체험시설)",33.492600,126.901000,20220625151200,20220625090821,20220625150811,20220625090821,,,50,,,N,2,2
3758,종달리새마을회,PI201214,02,02,"제주특별자치도 제주시 구좌읍 종달동길 3 (종달리, 종달웰빙소금밭체험시설)",33.492600,126.901000,20220623100726,20220623035304,20220623035001,20220623035304,,,50,,,N,2,2
3759,해바라기지역아동센터,PI201216,01,02,"제주특별자치도 제주시 구좌읍 평대13길 46 (평대리, 구좌제일교회)",33.526400,126.854000,20220624112742,20220616143118,20220608142039,20220608133850,,,50,,,N,2,2
3760,해바라기지역아동센터,PI201216,02,02,"제주특별자치도 제주시 구좌읍 평대13길 46 (평대리, 구좌제일교회)",33.526400,126.854000,20220625152209,20220625145756,20220625151410,20220625145756,,,50,,,N,2,2
3761,행원리새마을회,PI201220,01,02,제주특별자치도 제주시 구좌읍 행원로7길 18-21,33.555260,126.807433,20220612212859,20220612175506,20220610111505,20220610080510,,,50,,,N,1,1
3762,대한예수교장로회태흥교회,PI201221,01,02,"제주특별자치도 서귀포시 남원읍 태신로 50 (태흥리, 태흥교회)",33.290608,126.744688,20220621051412,20220603202017,20220531152547,20220531111907,,,50,,,N,2,2
3763,새순지역아동센터,PI201222,01,02,"제주특별자치도 제주시 대통길 3 (내도동, 내도동마을회관)",33.492700,126.442000,20220624112752,20220615032136,20220615070500,20220615032136,,,50,,,N,2,2
3764,오젠정식,PI201227,01,02,제주특별자치도 제주시 명림로 220 (봉개동),33.467400,126.611000,20220520153537,20220430121053,20211213065947,20220428213112,,,50,,,N,2,2
3765,오젠정식,PI201227,02,02,제주특별자치도 제주시 명림로 220 (봉개동),33.467400,126.611000,20220625051930,20220518124417,20220518124419,20211213052708,,,50,,,N,2,2
3766,대한예수교장로회금성교회,PI201229,01,02,"제주특별자치도 제주시 애월읍 금성하안길 3 (금성리, 금성교회)",33.446400,126.303000,20220623145527,20220623145017,20220623145220,20220623145017,,,50,,,N,2,2
3767,대한예수교장로회금성교회,PI201229,02,02,"제주특별자치도 제주시 애월읍 금성하안길 3 (금성리, 금성교회)",33.446400,126.303000,20220623112354,20220507123022,20220507164621,20211007000000,,,50,,,N,2,2
3768,성진교회,PI201231,01,02,제주특별자치도 제주시 삼봉로 162 (도련일동),33.507000,126.591000,20220520153550,20211216191101,20211216191348,20211216191101,,,50,,,N,2,2
3769,성진교회,PI201231,02,02,제주특별자치도 제주시 삼봉로 162 (도련일동),33.507000,126.591000,20220617161449,20220320125852,20211217001224,20211216191831,,,50,,,N,2,2
3770,썬비치리조트,PI201233,01,02,제주특별자치도 제주시 서해안로 114 (이호일동),33.502600,126.461000,20220612175455,20220531132603,20220531150432,20220531132603,,,50,,,N,2,2
3771,썬비치리조트,PI201233,02,02,제주특별자치도 제주시 서해안로 114 (이호일동),33.502600,126.461000,20220608151540,20220414050206,20220412162933,20220412162646,,,50,,,N,2,2
3772,씨엘블루호텔,PI201235,01,02,"제주특별자치도 제주시 서해안로 368-3 (용담삼동, cielbleu호텔)",33.511500,126.485000,20220625010838,20220624220016,20220625010155,20220624220016,,,50,,,N,2,2
3773,씨엘블루호텔,PI201235,02,02,"제주특별자치도 제주시 서해안로 368-3 (용담삼동, cielbleu호텔)",33.511500,126.485000,20220625195636,20220625165235,20220625195450,20220625165235,,,50,,,N,2,2
3774,주식회사제주인,PI201237,01,02,"제주특별자치도 제주시 신산마을길 20 (내도동, 제주인관광호텔)",33.491900,126.345000,20220625200331,20220625164544,20220623141619,20220625164544,,,50,,,N,2,2
3775,주식회사제주인,PI201237,02,02,"제주특별자치도 제주시 신산마을길 20 (내도동, 제주인관광호텔)",33.491900,126.345000,20220625212449,20220625200538,20220625212149,20220625200538,,,50,,,N,2,2
3776,아라요양병원,PI201239,01,02,제주특별자치도 제주시 한북로 309 (아라일동),33.456500,126.547000,20220619230830,20220619205500,20220603142057,20220619205500,,,50,,,N,2,2
3777,아라요양병원,PI201239,02,02,제주특별자치도 제주시 한북로 309 (아라일동),33.456500,126.547000,20220625003625,20220624205322,20220622173438,20220624205322,,,50,,,N,2,2
3778,제주시 샐리스호텔,PI201241,01,02,제주특별자치도 제주시 애월읍 고내로 46,33.4647,126.342,20220625191243,20220625163851,20220625190916,20220625163851,7,단독,50,,,N,2,2
3779,제주시 샐리스호텔,PI201241,02,02,제주특별자치도 제주시 애월읍 고내로 46,33.4647,126.342,20220624070220,20220616170820,20220614151443,20220615201046,7,단독,50,,,N,2,2
3780,충북학생해양수련원,PI201243,01,02,"제주특별자치도 제주시 애월읍 곽지9길 29 (곽지리, 충청북도교육청제주교육원)",33.450600,126.307000,20220625114512,20220625105025,20220625114434,20220625105025,,,50,,,N,2,2
3781,충북학생해양수련원,PI201243,02,02,"제주특별자치도 제주시 애월읍 곽지9길 29 (곽지리, 충청북도교육청제주교육원)",33.450600,126.307000,20220625211322,20220625104821,20220619133937,20220625211101,,,50,,,N,3,3
3782,선앤문,PI201245,01,02,제주특별자치도 제주시 애월읍 곽지7길 1 (곽지리),33.450200,126.308000,20220625060258,20220624220509,20220623110903,20220624220509,,,50,,,N,2,2
3783,선앤문,PI201245,02,02,제주특별자치도 제주시 애월읍 곽지7길 1 (곽지리),33.450200,126.308000,20220512014819,20220511084408,20220509174845,20220511084408,,,50,,,N,2,2
3784,어반네이처,PI201247,01,02,"제주특별자치도 제주시 애월읍 광령평화2길 116-20 (광령리, 청아대리조트)",33.434500,126.433000,20220624112347,20220616175332,20220616214849,20220616175332,,,50,,,N,2,2
3785,솔베이지펜션,PI201248,01,02,제주특별자치도 제주시 애월읍 광상로 115,33.445300,126.429000,20220623154253,20220623090549,20220621151655,20220623090549,,,50,,,N,2,2
3786,솔베이지펜션,PI201248,02,02,제주특별자치도 제주시 애월읍 광상로 115,33.445300,126.429000,20220625181805,20220531152439,20220522165527,20220524004328,,,50,,,N,2,2
3787,수앤수가족호텔,PI201250,01,02,제주특별자치도 제주시 애월읍 부룡수길 60 (신엄리),33.4746,126.359,20220625212134,20220625211719,20220625211744,20220625211418,,,50,,,N,2,2
3788,수앤수가족호텔,PI201250,02,02,제주특별자치도 제주시 애월읍 부룡수길 60 (신엄리),33.4746,126.359,20220625100814,20220625100138,20220625100429,20220625100138,,,50,,,N,2,2
3789,소길리새마을회,PI201252,01,02,"제주특별자치도 제주시 애월읍 소길1길 11 (소길리, 소길리종합복지회관)",33.440500,126.380000,20220620071224,20220618142150,20220615113658,20220616232231,,,50,,,N,2,2
3790,소길리새마을회,PI201252,02,02,"제주특별자치도 제주시 애월읍 소길1길 11 (소길리, 소길리종합복지회관)",33.440500,126.380000,20220625152849,20220625151824,20220625152540,20220625151824,,,50,,,N,2,2
3791,대한예수교애월교회,PI201254,01,02,"제주특별자치도 제주시 애월읍 애월로18길 5 (애월리, 애월교회)",33.462900,126.326000,20220624222349,20220624183021,20220624222035,20220624183021,,,50,,,N,2,2
3792,대한예수교애월교회,PI201254,02,02,"제주특별자치도 제주시 애월읍 애월로18길 5 (애월리, 애월교회)",33.462900,126.326000,20220624061212,20220623191055,20220622225343,20220623191055,,,50,,,N,2,2
3793,토비스콘도,PI201256,01,02,"제주특별자치도 제주시 애월읍 애월로1길 8 (애월리, 제주토비스콘도)",33.462500,126.312000,20220617163143,20220616190428,20220616190200,20220616190428,,,50,,,N,2,2
3794,토비스콘도,PI201256,02,02,"제주특별자치도 제주시 애월읍 애월로1길 8 (애월리, 제주토비스콘도)",33.462500,126.312000,20220623113451,20220623105601,20220623113249,20220623105601,,,50,,,N,2,2
3795,루스톤,PI201258,01,02,제주특별자치도 제주시 애월읍 애월해안로 408 (고내리),33.472600,126.352000,20220623055556,20220615090852,20220615100445,20220615090852,,,50,,,N,2,2
3796,루스톤,PI201258,02,02,제주특별자치도 제주시 애월읍 애월해안로 408 (고내리),33.472600,126.352000,20220624112330,20220322235610,20220321112520,20220322235610,,,50,,,N,2,2
3797,오제이상사,PI201262,01,02,제주특별자치도 제주시 애월읍 유수암평화길 162 (유수암리),33.429800,126.409000,20220625152236,20220625130844,20220625151844,20220625130844,,,50,,,N,2,2
3798,오제이상사,PI201262,02,02,제주특별자치도 제주시 애월읍 유수암평화길 162 (유수암리),33.429800,126.409000,20220624112420,20220613104520,20220613111932,20220613104520,,,50,,,N,2,2
3799,장전리사무소,PI201264,01,02,"제주특별자치도 제주시 애월읍 장전로 106 (장전리, 장전리사무소)",33.450600,126.389000,20220625160502,20220625131801,20220623210005,20220625131801,,,50,,,N,2,2
3800,제주힐,PI201271,01,02,제주특별자치도 제주시 애월읍 하소로 507 (장전리),33.434800,126.393000,20220617163552,20220606232052,20220607035013,20220606232052,,,50,,,N,2,2
3801,제주힐,PI201271,02,02,제주특별자치도 제주시 애월읍 하소로 507 (장전리),33.434800,126.393000,20220623051551,20220421114851,20220421115533,20220421114851,,,50,,,N,2,2
3802,프라임산후조리원,PI201273,01,02,제주특별자치도 제주시 오남로 82 (오라이동),33.488500,126.518000,20220625163801,20220625151352,20220625163424,20220625151352,,,50,,,N,2,2
3803,프라임산후조리원,PI201273,02,02,제주특별자치도 제주시 오남로 82 (오라이동),33.488500,126.518000,20220625065757,20220624204620,20220624204517,20220624204620,,,50,,,N,2,2
3804,연강의료재단,PI201275,01,02,"제주특별자치도 제주시 죽성서길 6 (오등동, 연강병원)",33.461300,126.533000,20220624141226,20220624085824,20220624140742,20220624085824,,,50,,,N,2,2
3805,김순선조산원,PI201278,01,02,제주특별자치도 제주시 오남로 224 (오라이동),33.476100,126.514000,20220624190817,20220624185837,20220624190248,20220624185837,,,50,,,N,2,2
3806,김순선조산원,PI201278,02,02,제주특별자치도 제주시 오남로 224 (오라이동),33.476100,126.514000,20220508022128,20211001000000,20211001000000,20211007000000,,,50,,,N,1,1
3807,성김대건신부제주표착기념관,PI201280,01,02,제주특별자치도 제주시 한경면 용수1길 108,33.507100,126.513000,20220625055554,20220619080442,20220505170139,20220505144907,,,50,,,N,2,2
3808,성김대건신부제주표착기념관,PI201280,02,02,제주특별자치도 제주시 한경면 용수1길 108,33.507100,126.513000,20220619083728,20220619080628,20220619083600,20220619080628,,,50,,,N,2,2
3809,제이드림주식회사,PI201284,01,02,제주특별자치도 제주시 은남1길 40 (연동),33.489500,126.492000,20220619051404,20220616163557,20220616183539,20220616163557,,,50,,,N,2,2
3810,뉴월드삼화점,PI201285,01,02,제주특별자치도 제주시 일주동로 233 (화북일동),33.519500,126.570000,20220624112805,20220610150331,20220610152816,20220610150331,,,50,,,N,2,2
3811,뉴월드삼화점,PI201285,02,02,제주특별자치도 제주시 일주동로 233 (화북일동),33.519500,126.570000,20220624172145,20220624135510,20220624172020,20220624135510,,,50,,,N,2,2
3812,대신자동차매매상사,PI201287,01,02,제주특별자치도 제주시 일주동로 91-6 (화북일동),33.513400,126.556000,20220617163540,20220602163928,20220602172848,20220602163928,,,50,,,N,2,2
3813,대신자동차매매상사,PI201287,02,02,제주특별자치도 제주시 일주동로 91-6 (화북일동),33.513400,126.556000,20220623134820,20220623112323,20220623134440,20220623112323,,,50,,,N,2,2
3814,메이풀하우스유스호스텔,PI201289,01,02,제주특별자치도 제주시 조천읍 곱은달서길 165 (대흘리),33.510600,126.661000,20220508022216,20211001000000,20211001000000,20211007000000,,,50,,,N,1,1
3815,메이풀하우스유스호스텔,PI201289,02,02,제주특별자치도 제주시 조천읍 곱은달서길 165 (대흘리),33.510600,126.661000,20220530184147,20220530181424,20220530184112,20220530181424,,,50,,,N,2,2
3816,교래리새마을회,PI201292,01,02,제주특별자치도 제주시 조천읍 교래3길 98 (교래리),33.431600,126.675000,20220617163553,20220604155920,20220604164102,20220604155920,,,50,,,N,2,2
3817,교래리새마을회,PI201292,02,02,제주특별자치도 제주시 조천읍 교래3길 98 (교래리),33.431600,126.675000,20220620135752,20220620125755,20220603103124,20220620125755,,,50,,,N,2,2
3818,청지목,PI201294,01,02,제주특별자치도 제주시 조천읍 교래4길 20 (교래리),33.426000,126.673000,20220624075807,20220622193339,20220612170604,20220612135723,,,50,,,N,2,2
3819,대흘이리사무소,PI201298,01,02,"제주특별자치도 제주시 조천읍 곱은달길 19 (대흘리, 대흘2리사무소)",33.514100,126.671000,20220608151204,20220426180441,20220426203127,20220426180441,,,50,,,N,2,2
3820,제주오름승마랜드,PI201299,02,02,제주특별자치도 제주시 조천읍 번영로 1734-15 (선흘리),33.448959,126.713387,20220617163204,20220603150618,20220211111754,20220211100216,,,50,,,N,2,2
3821,열방대학선교훈련원,PI201301,01,02,"제주특별자치도 제주시 조천읍 북흘로 135 (북촌리, 사단법인예수전도단열방선교원)",33.537200,126.702000,20220616054352,20220609000925,20220609002017,20220609000925,,,50,,,N,2,2
3822,열방대학선교훈련원,PI201301,02,02,"제주특별자치도 제주시 조천읍 북흘로 135 (북촌리, 사단법인예수전도단열방선교원)",33.537200,126.702000,20220624112406,20220609003941,20220211122440,20220609003941,,,50,,,N,2,2
3823,안다미로,PI201303,01,02,제주특별자치도 제주시 조천읍 비자림로 648 (교래리),33.436200,126.676000,20220621194927,20220621171242,20220612183558,20220621171242,,,50,,,N,2,2
3824,다락,PI201304,01,02,제주특별자치도 제주시 조천읍 비자림로 658 (교래리),33.436900,126.677000,20220624114719,20211001000000,20211001000000,20211007000000,,,50,,,N,2,2
3825,선흘이리마을회,PI201306,01,02,"제주특별자치도 제주시 조천읍 선진길 7-10 (선흘리, 선흘2리복지회관)",33.459400,126.703000,20220624062242,20220623213440,20220605122630,20220623213440,,,50,,,N,2,2
3826,선흘이리마을회,PI201306,02,02,"제주특별자치도 제주시 조천읍 선진길 7-10 (선흘리, 선흘2리복지회관)",33.459400,126.703000,20220625232424,20220625192425,20220619235406,20220625192425,,,50,,,N,2,2
3827,라마다제주함덕호텔,PI201308,01,02,"제주특별자치도 제주시 조천읍 신북로 470 (함덕리, 제주함덕라마다호텔)",33.543300,126.660000,20220624215408,20220624183602,20220624160002,20220624183602,,,50,,,N,2,2
3828,라마다제주함덕호텔,PI201308,02,02,"제주특별자치도 제주시 조천읍 신북로 470 (함덕리, 제주함덕라마다호텔)",33.543300,126.660000,20220625211350,20220625165120,20220625164309,20220625165120,,,50,,,N,2,2
3829,신촌리사무소,PI201310,01,02,"제주특별자치도 제주시 조천읍 신북로 54 (신촌리, 신촌리사무소)",33.533400,126.620000,20220625183631,20220625151516,20220619220522,20220625151516,,,50,,,N,2,2
3830,신촌리사무소,PI201310,02,02,"제주특별자치도 제주시 조천읍 신북로 54 (신촌리, 신촌리사무소)",33.533400,126.620000,20220625230310,20220625195507,20220625230144,20220625195507,,,50,,,N,2,2
3831,어머니영농조합법인,PI201312,01,02,제주특별자치도 제주시 조천읍 신촌남8길 264-3,33.531533,126.617556,20220624165200,20220624133013,20220624164957,20220624133013,,,50,,,N,2,2
3832,어머니영농조합법인,PI201312,02,02,제주특별자치도 제주시 조천읍 신촌남8길 264-3,33.531533,126.617556,20220508022240,20220316152333,20220316171245,20220316152333,,,50,,,N,2,2
3833,삼육구,PI201314,01,02,제주특별자치도 제주시 조천읍 와흘로 369 (와흘리),33.473200,126.645000,20220625051947,20220624231538,20220618051437,20220624231538,,,50,,,N,2,2
3834,삼육구,PI201314,02,02,제주특별자치도 제주시 조천읍 와흘로 369 (와흘리),33.473200,126.645000,20220624231957,20220624231402,20220624231322,20220624231402,,,50,,,N,2,2
3835,북촌리사무소,PI201316,01,02,"제주특별자치도 제주시 조천읍 일주동로 1514 (북촌리, 북촌리사무소)",33.548100,126.696000,20220617163556,20220528142611,20220528165800,20220528142611,,,50,,,N,2,2
3836,북촌리사무소,PI201316,02,02,"제주특별자치도 제주시 조천읍 일주동로 1514 (북촌리, 북촌리사무소)",33.548100,126.696000,20220617163216,20220530143114,20220530154553,20220530143114,,,50,,,N,2,2
3837,천주교조천성당,PI201318,01,02,"제주특별자치도 제주시 조천읍 조천2길 19 (조천리, 천주교조천성당)",33.533379,126.631225,20220623100324,20220620062227,20220620074239,20220620062227,,,50,,,N,2,2
3838,천주교조천성당,PI201318,02,02,"제주특별자치도 제주시 조천읍 조천2길 19 (조천리, 천주교조천성당)",33.533379,126.631225,20220625055923,20220613093927,20220613122039,20220613093927,,,50,,,N,1,1
3839,조천교회,PI201320,01,02,"제주특별자치도 제주시 조천읍 조와로 10 (조천리, 조천교회)",33.534500,126.636000,20220508022135,20220428151459,20211215142815,20220428151459,,,50,,,N,2,2
3840,조천교회,PI201320,02,02,"제주특별자치도 제주시 조천읍 조와로 10 (조천리, 조천교회)",33.534500,126.636000,20220617163524,20220602110900,20220602111126,20220602110900,,,50,,,N,2,2
3841,아이미제주비치호텔,PI201322,01,02,"제주특별자치도 제주시 조천읍 조함해안로 474 (함덕리, 제주비치)",33.543400,126.663000,20220625163432,20220625155410,20220625162920,20220625155410,,,50,,,N,2,2
3842,아이미제주비치호텔,PI201322,02,02,"제주특별자치도 제주시 조천읍 조함해안로 474 (함덕리, 제주비치)",33.543400,126.663000,20220624060916,20220623224217,20220624060809,20220623224217,,,50,,,N,2,2
3843,스카이라인휴양펜션,PI201324,01,02,제주특별자치도 제주시 축산마을길 40 (노형동),33.4469,126.484,20220624180540,20220624175517,20220614143458,20220624175517,7,단독,50,,,N,2,2
3844,스카이라인휴양펜션,PI201324,02,02,제주특별자치도 제주시 축산마을길 40 (노형동),33.4469,126.484,20220625234327,20220625001047,20220624180455,20220625234028,7,단독,50,,,N,3,3
3845,말이랑흑도새기랑,PI201326,01,02,제주특별자치도 제주시 축산마을길 48 (노형동),33.446600,126.483000,20220624112416,20220619175435,20220611142105,20220618155159,,,50,,,N,2,2
3846,말이랑흑도새기랑,PI201326,02,02,제주특별자치도 제주시 축산마을길 48 (노형동),33.446600,126.483000,20220624190514,20220624121327,20220622222922,20220624121327,,,50,,,N,2,2
3847,이레순복음교회,PI201328,01,02,제주특별자치도 제주시 태성로5길 42-1 (일도이동),33.499600,126.549000,20220617163557,20220518135057,20220202084240,20220201192220,,,50,,,N,2,2
3848,두모리에리조트,PI201329,01,02,제주특별자치도 제주시 한경면 두모11길 52-1,33.959700,126.185000,20220624022839,20220623213016,20220620052523,20220623213016,,,50,,,N,2,2
3849,웃뜨르운영협의회,PI201333,01,02,제주특별자치도 제주시 한경면 연명로 348 (청수리),33.302300,126.259000,20220625222948,20220625220122,20220625222653,20220625220122,,,50,,,N,2,2
3850,웃뜨르운영협의회,PI201333,02,02,제주특별자치도 제주시 한경면 연명로 348 (청수리),33.302300,126.259000,20220615082504,20220615064331,20220614170844,20220615064331,,,50,,,N,2,2
3851,청수지역아동센터,PI201335,01,02,제주특별자치도 제주시 한경면 중산간서로 3481-6 (청수리),33.320600,126.244000,20220611131839,20220320083746,20220320083747,20211007000000,,,50,,,N,2,2
3852,청수지역아동센터,PI201335,02,02,제주특별자치도 제주시 한경면 중산간서로 3481-6 (청수리),33.320600,126.244000,20220508022232,,,,,,50,,,N,9,9
3853,조수일리마을회,PI201340,01,02,"제주특별자치도 제주시 한경면 홍수암로 565 (조수리, 조수리복지회관)",33.337200,126.228000,20220624153544,20220624144636,20220624153246,20220624144636,,,50,,,N,2,2
3854,조수일리마을회,PI201340,02,02,"제주특별자치도 제주시 한경면 홍수암로 565 (조수리, 조수리복지회관)",33.337200,126.228000,20220624124219,20220624080734,20220622174645,20220624080734,,,50,,,N,2,2
3855,노형골프클럽,PI201342,01,02,제주특별자치도 제주시 한라대학로 114 (노형동),33.476000,126.483000,20220622154848,20220622132909,20220621164528,20220622132909,,,50,,,N,2,2
3856,노형골프클럽,PI201342,02,02,제주특별자치도 제주시 한라대학로 114 (노형동),33.476000,126.483000,20220625112302,20220625101422,20220625111949,20220625101422,,,50,,,N,2,2
3857,한림정낭장례식장,PI201346,01,02,"제주특별자치도 제주시 한림읍 명랑로 76 (한림리, 한림탐라장례식장)",33.412800,126.272000,20220624050629,20220509234345,20220510011758,20220509234345,,,50,,,N,2,2
3858,한림정낭장례식장,PI201346,02,02,"제주특별자치도 제주시 한림읍 명랑로 76 (한림리, 한림탐라장례식장)",33.412800,126.272000,20220624170944,20220624141146,20220507123844,20220624141146,,,50,,,N,2,2
3859,명월리마을회,PI201348,01,02,"제주특별자치도 제주시 한림읍 명월로 71 (명월리, 명월리사무소)",33.387000,126.267000,20220623151123,20220623110659,20220623150859,20220623110659,,,50,,,N,2,2
3860,스웨덴호스텔,PI201349,01,02,제주특별자치도 제주시 한림읍 명재로 100-47 (협재리),33.390900,126.260000,20220624092632,20220502212149,20220502212851,20220502212149,,,50,,,N,2,2
3861,스웨덴호스텔,PI201349,02,02,제주특별자치도 제주시 한림읍 명재로 100-47 (협재리),33.390900,126.260000,20220508022221,20220502210242,20220502212024,20220502210242,,,50,,,N,2,2
3862,용포리새마을회,PI201351,01,02,"제주특별자치도 제주시 한림읍 월계로 21 (옹포리, 옹포리사무소)",33.403000,126.255000,20220625194154,20220625193752,20220624202324,20220625193752,,,50,,,N,3,3
3863,용포리새마을회,PI201351,02,02,"제주특별자치도 제주시 한림읍 월계로 21 (옹포리, 옹포리사무소)",33.403000,126.255000,20220623155449,20220623140035,20220623154946,20220623140035,,,50,,,N,2,2
3864,월령리사무소,PI201353,01,02,"제주특별자치도 제주시 한림읍 월령1길 11 (월령리, 월령리사무소)",33.375900,126.216000,20220622114453,20220622104833,20220622114055,20220622104833,,,50,,,N,2,2
3865,상대리마을회,PI201354,01,02,제주특별자치도 제주시 한림읍 중산간서로 4950 (상대리),33.407300,126.293000,20220623215339,20220623190500,20220623215005,20220623190500,,,50,,,N,2,2
3866,한림이리새마을회,PI201355,01,02,"제주특별자치도 제주시 한림읍 한림남길 6 (한림리, 한림2리복지회관)",33.411500,126.269000,20220625213144,20220625173307,20220416171524,20220625173307,,,50,,,N,2,2
3867,대한예수교한림교회,PI201356,01,02,"제주특별자치도 제주시 한림읍 한림로14길 13 (한림리, 한림교회)",33.415900,126.266000,20220622203324,20220622192346,20220622203106,20220622192346,,,50,,,N,2,2
3868,대한예수교한림교회,PI201356,02,02,"제주특별자치도 제주시 한림읍 한림로14길 13 (한림리, 한림교회)",33.415900,126.266000,20220624152055,20220624133019,20220622131252,20220624133019,,,50,,,N,2,2
3869,한수리새마을회,PI201358,01,02,"제주특별자치도 제주시 한림읍 한림로 739 (한수리, 한수리사무소)",33.420900,126.264000,20220617163531,20220321131714,20220114172232,20220114170751,,,50,,,N,2,2
3870,한수리새마을회,PI201358,02,02,"제주특별자치도 제주시 한림읍 한림로 739 (한수리, 한수리사무소)",33.420900,126.264000,20220624101541,20220518083758,20220427194608,20220427163705,,,50,,,N,2,2
3871,한사랑지역아동센터,PI201360,01,02,제주특별자치도 제주시 한림읍 명랑남동길 25 (한림리),33.416900,126.274000,20220508022121,20211231233459,20211231233500,20211007000000,,,50,,,N,2,2
3872,한사랑지역아동센터,PI201360,02,02,제주특별자치도 제주시 한림읍 명랑남동길 25 (한림리),33.416900,126.274000,20220520153502,20211231233439,20220101002647,20211231233439,,,50,,,N,2,2
3873,동명새마을회,PI201364,01,02,"제주특별자치도 제주시 한림읍 한림중앙로 62 (동명리, 동명리사무소)",33.409300,126.266000,20220625211327,20220625163742,20220625154502,20220625163742,,,50,,,N,2,2
3874,동명새마을회,PI201364,02,02,"제주특별자치도 제주시 한림읍 한림중앙로 62 (동명리, 동명리사무소)",33.409300,126.266000,20220625200312,20220625170714,20220625200027,20220625170714,,,50,,,N,2,2
3875,대림리새마을회,PI201366,01,02,"제주특별자치도 제주시 한림읍 한수풀로 180 (대림리, 대림리사무소)",33.422466,126.281061,20220616071026,20220616000231,20220527155429,20220616000231,,,50,,,N,2,2
3876,대림리새마을회,PI201366,02,02,"제주특별자치도 제주시 한림읍 한수풀로 180 (대림리, 대림리사무소)",33.422466,126.281061,20220624112742,20220623192747,20220624001640,20220623192747,,,50,,,N,2,2
3877,한림성당,PI201368,01,02,"제주특별자치도 제주시 한림읍 한수풀로 20 (한림리, 천주교한림성당)",33.417700,126.265000,20220624061542,20220623232307,20220624061308,20220623232307,,,50,,,N,2,2
3878,수원종합씽크,PI201369,01,02,제주특별자치도 제주시 한림읍 한수풀로 97 (대림리),33.420500,126.272000,20220617163531,20211110163428,20211110163536,20211007000000,,,50,,,N,2,2
3879,마린뷰펜션,PI201370,01,02,제주특별자치도 제주시 한림읍 협재3길 9 (협재리),33.398400,126.245000,20220624112421,20220427153653,20220427165504,20220427153653,,,50,,,N,2,2
3880,마린뷰펜션,PI201370,02,02,제주특별자치도 제주시 한림읍 협재3길 9 (협재리),33.398400,126.245000,20220521005803,20220520212517,20220520132919,20220520212517,,,50,,,N,2,2
3881,태윤탁구클럽,PI201372,01,02,제주특별자치도 제주시 황사평6길 9 (화북이동),33.497100,126.556000,20220621073835,20220610194754,20220610221309,20220610194754,,,50,,,N,2,2
3882,태윤탁구클럽,PI201372,02,02,제주특별자치도 제주시 황사평6길 9 (화북이동),33.497100,126.556000,20220625165523,20220625130833,20220617215700,20220625130833,,,50,,,N,2,2
3883,꿈꾸는노마드,PI201377,01,02,제주특별자치도 서귀포시 선반로 54 (강정동),33.241600,126.500000,20220624112339,20220614220021,20220613111152,20220614220021,,,50,,,N,2,2
3884,무릉이리마을회,PI201378,01,02,"제주특별자치도 서귀포시 대정읍 중산간서로 2868 (무릉리, 무릉2리사무소)",33.274800,126.235000,20220625223344,20220625180409,20220619191637,20220625180409,,,50,,,N,2,2
3885,무릉이리마을회,PI201378,02,02,"제주특별자치도 서귀포시 대정읍 중산간서로 2868 (무릉리, 무릉2리사무소)",33.274800,126.235000,20220624181236,20220624144123,20220624140234,20220624144123,,,50,,,N,2,2
3886,신평리마을회,PI201380,01,02,"제주특별자치도 서귀포시 대정읍 중산간서로 2610 (신평리, 신평리사무소)",33.265300,126.259000,20220625152517,20220625150658,20220625152343,20220625150658,,,50,,,N,2,2
3887,빅토르투자개발,PI201381,01,02,제주특별자치도 서귀포시 516로277번길 45 (토평동),33.279500,126.582000,20220619161156,20220619144939,20220619161107,20220619144939,,,50,,,N,2,2
3888,빅토르투자개발,PI201381,02,02,제주특별자치도 서귀포시 516로277번길 45 (토평동),33.279500,126.582000,20220625051907,20220619144910,20220618000711,20220617200900,,,50,,,N,2,2
3889,빅토르투자개발,PI201381,03,02,제주특별자치도 서귀포시 516로277번길 45 (토평동),33.279500,126.582000,20220625213508,20220625172622,20220625213137,20220625172622,,,50,,,N,2,2
3890,빅토르투자개발,PI201381,04,02,제주특별자치도 서귀포시 516로277번길 45 (토평동),33.279500,126.582000,20220620163434,20220620160543,20220620163325,20220620160543,,,50,,,N,2,2
3891,뉴월드골프타운,PI201387,01,02,"제주특별자치도 서귀포시 중산간서로 30 (강정동, 뉴월드 골프타운)",33.261581,126.506938,20220624112420,20220622000606,20220619175451,20220622000606,,,50,,,N,2,2
3892,뉴월드골프타운,PI201387,02,02,"제주특별자치도 서귀포시 중산간서로 30 (강정동, 뉴월드 골프타운)",33.261581,126.506938,20220624113609,20220406093535,20220406111640,20220406093535,,,50,,,N,2,2
3893,주식회사선샤인,PI201391,01,02,"제주특별자치도 서귀포시 남성중로 135 (서홍동, 파크선샤인제주)",33.243600,126.554000,20220625222630,20220625210623,20220625222312,20220625210623,,,50,,,N,2,2
3894,주식회사선샤인,PI201391,02,02,"제주특별자치도 서귀포시 남성중로 135 (서홍동, 파크선샤인제주)",33.243600,126.554000,20220625213131,20220625183613,20220625183138,20220625183613,,,50,,,N,2,2
3895,풍경호텔,PI201393,01,02,제주특별자치도 서귀포시 남성중로 147 (서홍동),33.244924,126.553442,20220621105857,20220621084331,20220621105630,20220621084331,,,50,,,N,2,2
3896,풍경호텔,PI201393,02,02,제주특별자치도 서귀포시 남성중로 147 (서홍동),33.244924,126.553442,20220624101521,20220624090307,20220624101059,20220624090307,,,50,,,N,2,2
3897,세계유산본부,PI201397,01,02,제주특별자치도 서귀포시 대정읍 추사로 44 (안성리),33.249930,126.278254,20220624115517,20220621112449,20220621114142,20220621112449,,,50,,,N,2,2
3898,세계유산본부,PI201397,02,02,제주특별자치도 서귀포시 대정읍 추사로 44 (안성리),33.249930,126.278254,20220624165215,20220624142757,20220624164501,20220624142757,,,50,,,N,2,2
3899,세계유산본부,PI201397,03,02,제주특별자치도 서귀포시 대정읍 추사로 44 (안성리),33.249930,126.278254,20220624174358,20220624171339,20220624173951,20220624171339,,,50,,,N,2,2
3900,인성리사무실,PI201400,01,02,"제주특별자치도 서귀포시 대정읍 향교로75번길 60 (인성리, 인성리사무소)",33.247700,126.280000,20220624112332,20220618104147,20220603000427,20220602194706,,,50,,,N,2,2
3901,한빛분향소,PI201403,01,02,제주특별자치도 서귀포시 장수로 36 (동홍동),33.256500,126.564000,20220625060656,20220624152118,20220622045207,20220624152118,,,50,,,N,2,2
3902,서귀포교회,PI201404,01,02,"제주특별자치도 서귀포시 동홍로 56 (동홍동, 서귀포교회)",33.253492,126.568082,20220625205839,20220625195701,20220605214020,20220625195701,,,50,,,N,2,2
3903,서귀포교회,PI201404,02,02,"제주특별자치도 서귀포시 동홍로 56 (동홍동, 서귀포교회)",33.253492,126.568082,20220625034719,20220625011450,20220622174232,20220625011450,,,50,,,N,2,2
3904,샤뜰레펜션,PI201417,01,02,제주특별자치도 서귀포시 서호호근로 20 (서호동),33.248300,126.529000,20220624112721,20220314084756,20220314121931,20220314084756,,,50,,,N,2,2
3905,샤뜰레펜션,PI201417,02,02,제주특별자치도 서귀포시 서호호근로 20 (서호동),33.248300,126.529000,20220530120901,20220530085256,20220516122447,20220530085256,,,50,,,N,2,2
3906,휴마루 호스텔 카페,PI201419,01,02,"제주특별자치도 서귀포시 중산간동로8183번길 16 (서홍동, 휴마루호스텔)",33.261281,126.542718,20220624112334,20220617163126,20220617003609,20220617003717,,,50,,,N,2,2
3907,휴마루 호스텔 카페,PI201419,02,02,"제주특별자치도 서귀포시 중산간동로8183번길 16 (서홍동, 휴마루호스텔)",33.261281,126.542718,20220624112334,20220617112523,20220617113130,20220617112523,,,50,,,N,2,2
3908,성산포 성당,PI201421,01,02,제주특별자치도 서귀포시 성산읍 고성오조로 120 (오조리),33.454217,126.913783,20220623173215,20220623132643,20220622200539,20220623132643,,,50,,,N,2,2
3909,성산포 성당,PI201421,02,02,제주특별자치도 서귀포시 성산읍 고성오조로 120 (오조리),33.454217,126.913783,20220625223347,20220625202753,20220625223151,20220625202753,,,50,,,N,2,2
3910,지에스 수산삼거리점,PI201425,01,02,제주특별자치도 서귀포시 성산읍 서성일로 1029 (수산리),33.443587,126.888667,20220623055937,20220623004130,20220616142524,20220623004130,,,50,,,N,2,2
3911,주식회사 어라운드폴리,PI201427,01,02,제주특별자치도 서귀포시 성산읍 서성일로 433 (난산리),33.414880,126.836329,20220623214946,20220623180951,20220623104019,20220623180951,,,50,,,N,2,2
3912,주식회사 어라운드폴리,PI201427,02,02,제주특별자치도 서귀포시 성산읍 서성일로 433 (난산리),33.414880,126.836329,20220623234424,20220623202306,20220622213023,20220623202306,,,50,,,N,2,2
3913,브리즈베이호텔,PI201429,01,02,제주특별자치도 서귀포시 성산읍 성산등용로 42 (성산리),33.466553,126.930762,20220616012943,20220615215105,20220615214348,20220615215105,,,50,,,N,2,2
3914,신풍지역아동센터,PI201430,01,02,제주특별자치도 서귀포시 성산읍 신풍상동로14번길 6 (신풍리),33.361686,126.834367,20220624233820,20220624200556,20220622171256,20220624200556,,,50,,,N,2,2
3915,신풍리 사무소,PI201431,01,02,"제주특별자치도 서귀포시 성산읍 풍천로 227 (신풍리, 신풍리사무소)",33.361184,126.835474,20220617163546,20220520142640,20220510183654,20220325151952,,,50,,,N,2,2
3916,신풍리 사무소,PI201431,02,02,"제주특별자치도 서귀포시 성산읍 풍천로 227 (신풍리, 신풍리사무소)",33.361184,126.835474,20220617163204,20220606191354,20220606215326,20220606191354,,,50,,,N,2,2
3917,주식회사아름다운리조트,PI201433,01,02,제주특별자치도 서귀포시 성산읍 해맞이해안로 2644 (시흥리),33.475199,126.910048,20220626000056,20220625200306,20220621205110,20220625200306,,,50,,,N,2,2
3918,서귀포시 산림조합,PI201434,01,02,제주특별자치도 서귀포시 안덕면 신화역사로 545-14 (동광리),33.311378,126.346537,20220621211430,20220621065149,20220621065150,20220319143729,,,50,,,N,2,2
3919,서귀포시 산림조합,PI201434,02,02,제주특별자치도 서귀포시 안덕면 신화역사로 545-14 (동광리),33.311378,126.346537,20220623165734,20220623165152,20220623165315,20220623165152,,,50,,,N,2,2
3920,에스케이핀스크주식회사,PI201436,01,02,제주특별자치도 서귀포시 안덕면 산록남로 863 (상천리),33.314400,126.393000,20220508022211,,,,,,50,,,N,9,9
3921,에스케이핀스크주식회사,PI201436,02,02,제주특별자치도 서귀포시 안덕면 산록남로 863 (상천리),33.314400,126.393000,20220508022211,,,,,,50,,,N,9,9
3922,서귀포시 축협,PI201438,01,02,제주특별자치도 서귀포시 안덕면 중산간서로 1914-11 (서광리),33.291111,126.318436,20220624112820,20220504010901,20220504011456,20220504010901,,,50,,,N,2,2
3923,서귀포시 축협,PI201438,02,02,제주특별자치도 서귀포시 안덕면 중산간서로 1914-11 (서광리),33.291111,126.318436,20220625124056,20220625095805,20220623215826,20220625095805,,,50,,,N,2,2
3924,상예일동 마을회관,PI201440,01,02,"제주특별자치도 서귀포시 예래로144번길 42 (상예동, 상예1복지회관)",33.248700,126.390000,20220625085955,20220623195115,20220601051056,20220623195115,,,50,,,N,1,1
3925,상예일동 마을회관,PI201440,02,02,"제주특별자치도 서귀포시 예래로144번길 42 (상예동, 상예1복지회관)",33.248700,126.390000,20220625222951,20220625222318,20220621213659,20220625222318,,,50,,,N,2,2
3926,상예2동복지타운,PI201449,01,02,제주특별자치도 서귀포시 존제로 10,33.265600,126.377000,20220623210555,20220623182246,20220623162725,20220623182246,,,50,,,N,2,2
3927,중문스테이,PI201450,01,02,제주특별자치도 서귀포시 중문관광로 288 (대포동),33.245900,126.429000,20220617231854,20220617212333,20220617194133,20220617212333,,,50,,,N,2,2
3928,중문스테이,PI201450,02,02,제주특별자치도 서귀포시 중문관광로 288 (대포동),33.245900,126.429000,20220608151536,20220605165823,20220605182249,20220605165823,,,50,,,N,2,2
3929,제주에코스위츠,PI201452,01,02,제주특별자치도 서귀포시 중문상로 207-13 (중문동),33.265400,126.428000,20220617163530,20220612214713,20220612234636,20220612214713,,,50,,,N,2,2
3930,제주에코스위츠,PI201452,02,02,제주특별자치도 서귀포시 중문상로 207-13 (중문동),33.265400,126.428000,20220621233210,20220621204624,20220621165554,20220621204624,,,50,,,N,2,2
3931,제이하우스,PI201454,01,02,"제주특별자치도 서귀포시 중산간서로 241 (강정동, JJHOUSE)",33.260823,126.485571,20220616231228,20220616194726,20220520041415,20220616194726,,,50,,,N,2,2
3932,제이하우스,PI201454,02,02,"제주특별자치도 서귀포시 중산간서로 241 (강정동, JJHOUSE)",33.260823,126.485571,20220615020657,20220614213023,20220614212554,20220614213023,,,50,,,N,2,2
3933,남쪽나라빌,PI201457,01,02,"제주특별자치도 서귀포시 천제연로 133-1 (중문동, 남쪽나라펜션)",33.254107,126.419757,20220623015434,20220622182850,20220604221556,20220622182850,,,50,,,N,2,2
3934,남쪽나라빌,PI201457,02,02,"제주특별자치도 서귀포시 천제연로 133-1 (중문동, 남쪽나라펜션)",33.254107,126.419757,20220617163540,20220609194419,20220429145122,20220609194419,,,50,,,N,2,2
3935,펠리체리조트,PI201463,01,02,제주특별자치도 서귀포시 태평로 111 (호근동),33.244321,126.535072,20220621224931,20220621201644,20220621185533,20220621201644,,,50,,,N,2,2
3936,펠리체리조트,PI201463,02,02,제주특별자치도 서귀포시 태평로 111 (호근동),33.244321,126.535072,20220625222253,20220625210200,20220625205922,20220625210200,,,50,,,N,2,2
3937,오렌지호스텔,PI201465,01,02,제주특별자치도 서귀포시 태평로335번길 3 (서귀동),33.247171,126.557378,20220617163537,20220614172558,20220602002733,20220614172558,,,50,,,N,2,2
3938,오렌지호스텔,PI201465,02,02,제주특별자치도 서귀포시 태평로335번길 3 (서귀동),33.247171,126.557378,20220623040113,20220622230548,20220603210903,20220622230548,,,50,,,N,2,2
3939,록샤인빌파크컨크리클럽,PI201468,01,02,"제주특별자치도 서귀포시 표선면 가시로 384 (가시리, 샤인빌골프장)",33.345361,126.788144,20220624102834,20220622071333,20220622122142,20220622071333,,,50,,,N,2,2
3940,록샤인빌파크컨크리클럽,PI201468,02,02,"제주특별자치도 서귀포시 표선면 가시로 384 (가시리, 샤인빌골프장)",33.345361,126.788144,20220624112353,20220619074323,20220619133106,20220619074323,,,50,,,N,2,2
3941,록샤인빌파크컨크리클럽,PI201468,03,02,"제주특별자치도 서귀포시 표선면 가시로 384 (가시리, 샤인빌골프장)",33.345361,126.788144,20220617163159,20220615103614,20220531173404,20220604133419,,,50,,,N,2,2
3942,패밀리펜션,PI201473,01,02,제주특별자치도 서귀포시 표선면 번영로 3340 (하천리),33.350449,126.823740,20220624092603,20220601200749,20220601232959,20220601200749,,,50,,,N,2,2
3943,패밀리펜션,PI201473,02,02,제주특별자치도 서귀포시 표선면 번영로 3340 (하천리),33.350449,126.823740,20220617163151,20220613194759,20220605221535,20220613194759,,,50,,,N,2,2
3944,고금삼계탕,PI201475,01,02,제주특별자치도 서귀포시 표선면 번영로3428번길 7,33.350449,126.823740,20220527054811,20220510165948,20220510170124,20211007000000,,,50,,,N,2,2
3945,고금삼계탕,PI201475,02,02,제주특별자치도 서귀포시 표선면 번영로3428번길 7,33.350449,126.823740,20220625052958,20220603173751,20220603190122,20220603173751,,,50,,,N,2,2
3946,제주통나무휴야펜션,PI201479,01,02,"제주특별자치도 서귀포시 표선면 번영로 3328 (하천리, 제주통나무펜션)",33.351125,126.823788,20220625031224,20220510181622,20220510181753,20220510181622,,,50,,,N,2,2
3947,제주통나무휴야펜션,PI201479,02,02,"제주특별자치도 서귀포시 표선면 번영로 3328 (하천리, 제주통나무펜션)",33.351125,126.823788,20220617163538,20220424182145,20220424091249,20220424182145,,,50,,,N,2,2
3948,대명레져제주지점,PI201483,01,02,"제주특별자치도 서귀포시 표선면 일주동로 6347-17 (토산리, 대명샤인빌리조트)",33.305900,126.792000,20220508022154,20211108170450,20211109105943,20211109094712,,,50,,,N,1,1
3949,대명레져제주지점,PI201483,02,02,"제주특별자치도 서귀포시 표선면 일주동로 6347-17 (토산리, 대명샤인빌리조트)",33.305900,126.792000,20220508022154,20211108193856,20211109015957,20211108193903,,,50,,,N,1,1
3950,대명레져제주지점,PI201483,03,02,"제주특별자치도 서귀포시 표선면 일주동로 6347-17 (토산리, 대명샤인빌리조트)",33.305900,126.792000,20220508022154,20211108195306,20211108235908,20211108195307,,,50,,,N,1,1
3951,대명레져제주지점,PI201483,04,02,"제주특별자치도 서귀포시 표선면 일주동로 6347-17 (토산리, 대명샤인빌리조트)",33.305900,126.792000,20220508022154,20211001000000,20211001000000,20211007000000,,,50,,,N,1,1
3952,대명레져제주지점,PI201483,05,02,"제주특별자치도 서귀포시 표선면 일주동로 6347-17 (토산리, 대명샤인빌리조트)",33.305900,126.792000,20220508022154,20211001000000,20211001000000,20211007000000,,,50,,,N,1,1
3953,꿈쟁이지역아동센터,PI201526,01,02,제주특별자치도 제주시 용문로17길 23-6 (용담이동),33.507300,126.507000,20220626000052,20220620182135,20220621094326,20220620182135,,,50,,,N,9,2
3954,덕천리새마을회,PI201527,01,02,"제주특별자치도 제주시 구좌읍 덕평로 365 (덕천리, 덕천리사무소)",33.502160,126.771474,20220624134939,20220623230726,20220624094244,20220623230726,,,50,,,N,2,2
3955,제주나인리조트,PI201529,01,02,제주특별자치도 제주시 해안마을북길 14-5 (해안동),33.464600,126.453000,20220622043647,20211001000000,20211001000000,20211007000000,,,50,,,N,2,2
3956,제주나인리조트,PI201529,02,02,제주특별자치도 제주시 해안마을북길 14-5 (해안동),33.464600,126.453000,20220624221958,20220603170757,20220603180243,20220603170757,,,50,,,N,2,2
3957,중문제일행복한홈스쿨아동센터,PI201530,01,02,"제주특별자치도 서귀포시 1100로49번길 11 (중문동, 중문제일교회)",33.254100,126.433000,20220621083330,20220603135155,20220603135156,20211007000000,,,50,,,N,2,2
3958,중문제일행복한홈스쿨아동센터,PI201530,02,02,"제주특별자치도 서귀포시 1100로49번길 11 (중문동, 중문제일교회)",33.254100,126.433000,20220625221600,20220620110154,20220620110436,20220620110154,,,50,,,N,2,2
3959,신흥일리새마을회,PI201531,01,02,"제주특별자치도 서귀포시 남원읍 신흥로 34 (신흥리, 신흥1리사무소)",33.304100,126.767000,20220619182052,20220611154612,20220611154849,20220521140153,,,50,,,N,1,1
3960,신흥일리새마을회,PI201531,02,02,"제주특별자치도 서귀포시 남원읍 신흥로 34 (신흥리, 신흥1리사무소)",33.304100,126.767000,20220625194605,20220625172035,20220625194047,20220625172035,,,50,,,N,2,2
3961,구억리마을회,PI201532,01,02,"제주특별자치도 서귀포시 대정읍 중산간서로 2380 (구억리, 구억리사무소)",33.272800,126.279000,20220508022239,,,,,,50,,,N,1,1
3962,안성리마을회,PI201533,01,02,"제주특별자치도 서귀포시 대정읍 추사로 10-1 (안성리, 안성리사무소)",33.250100,126.282000,20220623073945,20220425155401,20220425161247,20220425155401,,,50,,,N,2,2
3963,안성리마을회,PI201533,02,02,"제주특별자치도 서귀포시 대정읍 추사로 10-1 (안성리, 안성리사무소)",33.250100,126.282000,20220508022242,,,,,,50,,,N,9,9
3964,하예일마을회,PI201534,01,02,제주특별자치도 서귀포시 하예로 1-3 (하예동),33.243500,126.386000,20220625075110,20220624150955,20220624171813,20220624150955,,,50,,,N,2,2
3965,하예일마을회,PI201534,02,02,제주특별자치도 서귀포시 하예로 1-3 (하예동),33.243500,126.386000,20220625065005,20220624164408,20220624181046,20220624164408,,,50,,,N,2,2
3966,현광협오크라,PI201544,01,02,제주특별자치도 제주시 신광로4길 38 (연동),33.489100,126.486000,20220620103316,20220410223140,20220410234010,20220410223140,,,50,,,N,2,2
3967,현광협오크라,PI201544,02,02,제주특별자치도 제주시 신광로4길 38 (연동),33.489100,126.486000,20220625234326,20220611191936,20220611224904,20220611191936,,,50,,,N,2,2
3968,우도면진천리,PI201549,01,02,"제주특별자치도 제주시 우도면 천진길 10 (연평리, 천진리사무소)",33.494900,126.951000,20220624113216,20220620193349,20220620195527,20220620193349,,,50,,,N,2,2
3969,우도면진천리,PI201549,02,02,"제주특별자치도 제주시 우도면 천진길 10 (연평리, 천진리사무소)",33.494900,126.951000,20220620193715,20220421153541,20220422073811,20220421153541,,,50,,,N,2,2
3970,에바다호스텔,PI201550,01,02,제주특별자치도 제주시 현사길 45 (이호일동),33.497400,126.448000,20220625121131,20220617182256,20220617213956,20220617182256,,,50,,,N,2,2
3971,서귀포중앙골프연습장,PI201554,01,02,제주특별자치도 서귀포시 동홍로303번길 30 (동홍동),33.253500,126.568000,20220623133317,20220623101728,20220623133136,20220623101728,,,50,,,N,2,2
3972,서귀포중앙골프연습장,PI201554,02,02,제주특별자치도 서귀포시 동홍로303번길 30 (동홍동),33.253500,126.568000,20220622010904,20220621201428,20220622010714,20220621201428,,,50,,,N,2,2
3973,주왕산업개발주식회사,PI201565,01,02,제주특별자치도 서귀포시 성산읍 한도로 269-37 (성산리),33.468700,126.936000,20220624103239,20220622085805,20220611155753,20220620204814,,,50,,,N,2,2
3974,주왕산업개발주식회사,PI201565,02,02,제주특별자치도 서귀포시 성산읍 한도로 269-37 (성산리),33.468700,126.936000,20220624103239,20220623202320,20220623210237,20220623202320,,,50,,,N,2,2
3975,다인오세아노호텔,PI201566,01,02,제주특별자치도 제주시 애월읍 애월해안로 394 (고내리),33.472600,126.351000,20220625002907,20220625002426,20220625002646,20220625002426,,,50,,,N,2,2
3976,다인오세아노호텔,PI201566,02,02,제주특별자치도 제주시 애월읍 애월해안로 394 (고내리),33.472600,126.351000,20220624103606,20220623153630,20220623183208,20220623153630,,,50,,,N,2,2
3977,주식회사보민,PI201569,01,02,제주특별자치도 제주시 도두봉2길 2 (도두일동),33.505400,126.470000,20220624103604,20220621051744,20220526133509,20220525185822,,,50,,,N,2,2
3978,주식회사보민,PI201569,02,02,제주특별자치도 제주시 도두봉2길 2 (도두일동),33.505400,126.470000,20220624103231,20220623133426,20220623134310,20220623133426,,,50,,,N,2,2
3979,흰수염고래리조트,PI201586,01,02,제주특별자치도 제주시 애월읍 일주서로 6818 (구엄리),33.475400,126.380000,20220624103229,20220623195250,20220623205304,20220623195250,,,50,,,N,2,2
3980,흰수염고래리조트,PI201586,02,02,제주특별자치도 제주시 애월읍 일주서로 6818 (구엄리),33.475400,126.380000,20220624195450,20220624173826,20220622205935,20220624173826,,,50,,,N,2,2
3981,호텔빠레브주식회사,PI201631,01,02,"제주특별자치도 서귀포시 김정문화로 15 (강정동, 호텔빠레브)",33.252300,126.507000,20220624115119,20220623215434,20220624002110,20220623215434,,,50,,,N,2,2
3982,호텔빠레브주식회사,PI201631,02,02,"제주특별자치도 서귀포시 김정문화로 15 (강정동, 호텔빠레브)",33.252300,126.507000,20220624200940,20220624182856,20220611181104,20220624182856,,,50,,,N,2,2
3983,호텔빠레브주식회사,PI201631,03,02,"제주특별자치도 서귀포시 김정문화로 15 (강정동, 호텔빠레브)",33.252300,126.507000,20220625235040,20220625222501,20220623182459,20220625222501,,,50,,,N,2,2
3984,아우룸숲아파트입대위,PI201637,01,02,제주특별자치도 서귀포시 홍중로21번길 14 (서홍동),33.254600,126.558000,20220618193915,20220618173826,20220319110554,20220618173826,,,50,,,N,2,2
3985,아우룸숲아파트입대위,PI201637,02,02,제주특별자치도 서귀포시 홍중로21번길 14 (서홍동),33.254600,126.558000,20220625045300,20220624234800,20220619183105,20220624234800,,,50,,,N,2,2
3986,엔알누리빌삼차아파트입대위,PI201638,01,02,제주특별자치도 제주시 서회천서1길 11-1 (회천동),33.498800,126.605000,20220625022656,20220624235448,20220601182823,20220624235448,,,50,,,N,2,2
3987,엔알누리빌삼차아파트입대위,PI201638,02,02,제주특별자치도 제주시 서회천서1길 11-1 (회천동),33.498800,126.605000,20220624115031,20220623172212,20220616210914,20220623172212,,,50,,,N,2,2
3988,에스케이엘이씨 주식회사,PI201639,01,02,제주특별자치도 서귀포시 토평공단로 78-27 (토평동),33.289500,126.589000,20220624115033,20220620123245,20220620132538,20220620123245,,,50,,,N,2,2
3989,에스케이엘이씨 주식회사,PI201639,02,02,제주특별자치도 서귀포시 토평공단로 78-27 (토평동),33.289500,126.589000,20220624115033,20220620121122,20220618175514,20220620121122,,,50,,,N,2,2
3990,함덕태영주택,PI201640,01,02,"제주특별자치도 제주시 조천읍 함덕남12길 19-3 (함덕리, 태영주택)",33.533142,126.674195,20220625221204,20220625133045,20220623224217,20220625220854,,,50,,,N,3,3
3991,함덕진우파크빌,PI201641,01,02,"제주특별자치도 제주시 조천읍 함덕남12길 19-6 (함덕리, 진우파크빌)",33.532900,126.674000,20220625223018,20220624213145,20220623192016,20220625222856,,,50,,,N,3,3
3992,함덕진우파크빌,PI201641,02,02,"제주특별자치도 제주시 조천읍 함덕남12길 19-6 (함덕리, 진우파크빌)",33.532900,126.674000,20220625053027,20220624234235,20220623123941,20220624234235,,,50,,,N,2,2
3993,함덕진우파크빌,PI201641,03,02,"제주특별자치도 제주시 조천읍 함덕남12길 19-6 (함덕리, 진우파크빌)",33.532900,126.674000,20220625224443,20220625152249,20220624182231,20220625224203,,,50,,,N,3,3
3994,제주황금다래영농조합법인,PI201642,01,02,"제주특별자치도 서귀포시 성산읍 남산봉로 120 (신풍리, 제주황금다래영농조합법인)",33.372500,126.827000,20220525162652,20220317190552,,,,,50,,,N,1,1
3995,제주황금다래영농조합법인,PI201642,02,02,"제주특별자치도 서귀포시 성산읍 남산봉로 120 (신풍리, 제주황금다래영농조합법인)",33.372500,126.827000,20220624115120,20220408152908,20220403150159,20220403140718,,,50,,,N,2,2
3996,JJP골프클럽,PI201645,01,02,제주특별자치도 서귀포시 중문상로 140 (중문동),33.260100,126.430000,20220624115116,20220623204253,20220617191020,20220621151737,,,50,,,N,2,2
3997,JJP골프클럽,PI201645,02,02,제주특별자치도 서귀포시 중문상로 140 (중문동),33.260100,126.430000,20220624103254,20220614145423,20220614173416,20220614145423,,,50,,,N,2,2
3998,도원자동차공업사,PI201646,01,02,제주특별자치도 서귀포시 토평공단로139번길 11-1 (토평동),33.2927,126.582,20220625213932,20220625161025,20220420174016,20220625161025,,단독,50,,,N,2,2
3999,서귀포강정엘에치아파트,PI201647,01,02,"제주특별자치도 서귀포시 대청로25번길 9 (강정동, 서귀포강정엘에이치아파트) 101동~106동",33.253400,126.503000,20220611203731,20220611145814,20220611145525,20220611100618,,,50,,,N,1,1
4000,서귀포강정엘에치아파트,PI201647,02,02,"제주특별자치도 서귀포시 대청로25번길 9 (강정동, 서귀포강정엘에이치아파트) 101동~106동",33.253400,126.503000,20220624204825,20220624180247,20220623155555,20220624180247,,,50,,,N,2,2
4001,한림코아루아파트입주자대표회의,PI201648,01,02,"제주특별자치도 제주시 한림읍 동명북2길 15 (동명리, 제주한림코아루)",33.407700,126.264000,20220625194540,20220625194149,20220601050046,20220625194149,,,50,,,N,3,3
4002,한림코아루아파트입주자대표회의,PI201648,02,02,"제주특별자치도 제주시 한림읍 동명북2길 15 (동명리, 제주한림코아루)",33.407700,126.264000,20220625001823,20220624165141,20220623113940,20220624165141,,,50,,,N,2,2
4003,더포그레이스리조트,PI201664,01,06,제주특별자치도 서귀포시 성산읍 해맞이해안로 2670,33.473235,126.910942,20220625153630,20220625144518,20220625153040,20220625144518,,,50,,,N,2,2
4004,더포그레이스리조트,PI201664,02,06,제주특별자치도 서귀포시 성산읍 해맞이해안로 2670,33.473235,126.910942,20220625184710,20220625180614,20220623191806,20220625180614,,,50,,,N,2,2
4005,월드씨엔에스 주식회사,PI201686,01,02,제주특별자치도 제주시 조천읍 남조로1길 174 (조천리),33.517000,126.654000,20220625121554,20220514170325,20220514170524,20220514170325,,,50,,,Y,2,2
4006,월드씨엔에스 주식회사,PI201686,02,02,제주특별자치도 제주시 조천읍 남조로1길 174 (조천리),33.517000,126.654000,20220625181828,20220625141228,20220624181310,20220625141228,,,50,,,Y,2,2
4007,의료법인중앙의료재단 중앙병원,PI201719,01,02,"제주특별자치도 제주시 월랑로 91 (이호이동, S중앙병원)",33.492200,126.471000,20220625114226,20220625092743,20220623234024,20220625092743,,,50,,,Y,2,2
4008,의료법인중앙의료재단 중앙병원,PI201719,02,02,"제주특별자치도 제주시 월랑로 91 (이호이동, S중앙병원)",33.492200,126.471000,20220624114720,20220624082145,20220620215239,20220624082145,,,50,,,Y,2,2
4009,의료법인중앙의료재단 중앙병원,PI201719,03,02,"제주특별자치도 제주시 월랑로 91 (이호이동, S중앙병원)",33.492200,126.471000,20220625220111,20220623180626,20220623211255,20220625215754,,,50,,,Y,3,2
4010,노형맨션아아파트,PI201742,01,02,"제주특별자치도 제주시 정존3길 12 (노형동, 노형맨션)",33.482900,126.473000,20220624212051,20220624173105,20220621125933,20220624173105,,,50,,,Y,2,2
4011,뉴코리아유스호스텔,PI201795,01,02,"제주특별자치도 제주시 애월읍 하소로 769-15 (유수암리, 뉴코리아유스호호텔)",33.416900,126.398000,20220624103555,20220622224755,20220621104636,20220622224755,,,50,,,Y,2,2
4012,주식회사 삼광개발,PI202183,01,02,"제주특별자치도 제주시 탑동로 47 (삼도이동, 제주오리엔탈호텔)",33.516900,126.522000,20220624220130,20220624173559,20220613191324,20220624173559,,,50,,,Y,2,2
4013,주식회사 삼광개발,PI202183,02,02,"제주특별자치도 제주시 탑동로 47 (삼도이동, 제주오리엔탈호텔)",33.516900,126.522000,20220624114719,20220614210729,20220613165347,20220614210729,,,50,,,Y,2,2
4014,주식회사 삼광개발,PI202183,03,02,"제주특별자치도 제주시 탑동로 47 (삼도이동, 제주오리엔탈호텔)",33.516900,126.522000,20220624115112,20220618121838,20220618124825,20220618121838,,,50,,,Y,2,2
4015,소프트라인제주지점,PI202250,01,02,제주특별자치도 서귀포시 예래해안로 15 (하예동),33.233500,126.369000,20220624114718,20220622164145,20220622170743,20220622164145,,,50,,,Y,2,2
4016,소프트라인제주지점,PI202250,02,02,제주특별자치도 서귀포시 예래해안로 15 (하예동),33.233500,126.369000,20220624115111,20220623231022,20220624004335,20220623231022,,,50,,,Y,2,2
4017,에스호텔주식회사,PI202277,01,02,"제주특별자치도 제주시 오일장중길 26 (도두일동, 에스관광호텔)",33.495400,126.471000,20220624225726,20220624220206,20220624164400,20220624220206,,,50,,,Y,2,2
4018,에스호텔주식회사,PI202277,02,02,"제주특별자치도 제주시 오일장중길 26 (도두일동, 에스관광호텔)",33.495400,126.471000,20220624103615,20220621200428,20220612225353,20220621200428,,,50,,,Y,2,2
4019,대한예수교장로회봉개교회,PI202684,01,02,"제주특별자치도 제주시 번영로 561-8 (봉개동, 봉개교회)",33.487972,126.601299,20220621071103,20220620101707,20220620101928,20211207174057,,,50,,,Y,1,1
4020,대한예수교장로회봉개교회,PI202684,02,02,"제주특별자치도 제주시 번영로 561-8 (봉개동, 봉개교회)",33.487972,126.601299,20220621193720,20220619103420,20220619120806,20220619103420,,,50,,,Y,1,1
4021,케이티서귀포빌딩,PI202693,11,02,제주특별자치도 서귀포시 중앙로42번길 7 (서귀동),33.2487,126.563,20220624192931,20220624173142,20220624124759,20220624173142,,,50,,,Y,2,2
4022,케이티서귀포빌딩,PI202693,12,02,제주특별자치도 서귀포시 중앙로42번길 7 (서귀동),33.2487,126.563,20220624202325,20220624174930,20220624125056,20220624174930,,,50,,,Y,2,2
4023,케이티서귀포빌딩,PI202693,21,02,제주특별자치도 서귀포시 중앙로42번길 7 (서귀동),33.2487,126.563,20220625214614,20220625175641,20220624122852,20220625175641,,,50,,,Y,2,2
4024,케이티서귀포빌딩,PI202693,22,02,제주특별자치도 서귀포시 중앙로42번길 7 (서귀동),33.2487,126.563,20220623220452,20220623184438,20220609165020,20220623184438,,,50,,,Y,2,2
4025,케이티서귀포빌딩,PI202693,31,02,제주특별자치도 서귀포시 중앙로42번길 7 (서귀동),33.2487,126.563,20220624182045,20220624133540,20220624181732,20220624133540,,,50,,,Y,2,2
4026,케이티서귀포빌딩,PI202693,32,02,제주특별자치도 서귀포시 중앙로42번길 7 (서귀동),33.2487,126.563,20220625152857,20220625084158,20220620180319,20220625084158,,,50,,,Y,2,2
4027,케이티신제주빌딩,PI202843,11,02,"제주특별자치도 제주시 문연로 27 (연동, 한국통신신제주전화국)",33.489841,126.500313,20220624152836,20220624143542,20220622174008,20220624143542,,,50,,,Y,2,2
4028,케이티신제주빌딩,PI202843,12,02,"제주특별자치도 제주시 문연로 27 (연동, 한국통신신제주전화국)",33.489841,126.500313,20220625205529,20220625170758,20220625141229,20220625170758,,,50,,,Y,2,2
4029,케이티신제주빌딩,PI202843,21,02,"제주특별자치도 제주시 문연로 27 (연동, 한국통신신제주전화국)",33.489841,126.500313,20220624195848,20220624181523,20220622141421,20220624181523,,,50,,,Y,2,2
4030,케이티신제주빌딩,PI202843,22,02,"제주특별자치도 제주시 문연로 27 (연동, 한국통신신제주전화국)",33.489841,126.500313,20220623202203,20220623173502,20220615163313,20220623173502,,,50,,,Y,2,2
4031,케이티신제주빌딩,PI202843,31,02,"제주특별자치도 제주시 문연로 27 (연동, 한국통신신제주전화국)",33.489841,126.500313,20220625200008,20220625173617,20220618175801,20220625173617,,,50,,,Y,2,2
4032,케이티신제주빌딩,PI202843,32,02,"제주특별자치도 제주시 문연로 27 (연동, 한국통신신제주전화국)",33.489841,126.500313,20220625192817,20220625173115,20220607175521,20220625173115,,,50,,,Y,2,2
4033,케이티제주빌딩,PI202870,11,02,제주특별자치도 제주시 이도일동 1643-1 (올래케이티),33.504300,126.525000,20220617163600,20220616165022,20220602171006,20220602171032,,,50,,,Y,2,2
4034,케이티제주빌딩,PI202870,12,02,제주특별자치도 제주시 이도일동 1643-1 (올래케이티),33.504300,126.525000,20220624203444,20220624175956,20220624175927,20220624175956,,,50,,,Y,2,2
4035,케이티제주빌딩,PI202870,21,02,제주특별자치도 제주시 이도일동 1643-1 (올래케이티),33.504300,126.525000,20220624205239,20220624173757,20220624172715,20220624173757,,,50,,,Y,2,2
4036,케이티제주빌딩,PI202870,22,02,제주특별자치도 제주시 이도일동 1643-1 (올래케이티),33.504300,126.525000,20220625201442,20220625170014,20220625165938,20220625170014,,,50,,,Y,2,2
4037,케이티제주빌딩,PI202870,31,02,제주특별자치도 제주시 이도일동 1643-1 (올래케이티),33.504300,126.525000,20220624135008,20220624124652,20220623150001,20220624124652,,,50,,,Y,2,2
4038,케이티제주빌딩,PI202870,32,02,제주특별자치도 제주시 이도일동 1643-1 (올래케이티),33.504300,126.525000,20220624162545,20220624125125,20220624125052,20220624125125,,,50,,,Y,2,2
4039,(주)흥학산업개발,PI202923,01,02,"제주특별자치도 제주시 서해안로 236 (도두일동, 도두해수파크)",33.508831,126.471143,20220625152916,20220625080916,20220624215428,20220625080916,,,50,,,Y,2,2
4040,(주)흥학산업개발,PI202923,02,02,"제주특별자치도 제주시 서해안로 236 (도두일동, 도두해수파크)",33.508831,126.471143,20220625160209,20220625134148,20220625160031,20220625134148,,,50,,,Y,2,2
4041,수망관광휴양펜션,PI202931,02,02,제주특별자치도 서귀포시 남원읍 서성로 986-24 (수망리),33.336462,126.698427,20220520153534,20220513184716,20220513214955,20220513184716,,,50,,,Y,2,2
4042,한라산리조트주식회사,PI202967,01,02,"제주특별자치도 제주시 선돌목동길 56-46 (오등동, 한라산컨트리클럽)",33.445100,126.544000,20220625210617,20220625000658,20220625092756,20220625210517,,,50,,,Y,3,3
4043,한라산리조트주식회사,PI202967,02,02,"제주특별자치도 제주시 선돌목동길 56-46 (오등동, 한라산컨트리클럽)",33.445100,126.544000,20220620214911,20220620145802,20220620030037,20220620145802,,,50,,,Y,1,1
4044,디아일랜드마리나호텔,PI202970,01,02,"제주특별자치도 서귀포시 성산읍 고성오조로 94 (고성리, 디아일랜드마리나호텔)",33.452027,126.914415,20220625225935,20220625194147,20220624181719,20220625194147,,,50,,,Y,2,2
4045,디아일랜드마리나호텔,PI202970,02,02,"제주특별자치도 서귀포시 성산읍 고성오조로 94 (고성리, 디아일랜드마리나호텔)",33.452027,126.914415,20220625230259,20220625200641,20220625195130,20220625200641,,,50,,,Y,2,2
4046,블라제리조트,PI202971,01,02,제주특별자치도 서귀포시 표선면 녹산로 274 (가시리),33.378923,126.746953,20220508022234,,,,,,50,,,Y,9,9
4047,블라제리조트,PI202971,02,02,제주특별자치도 서귀포시 표선면 녹산로 274 (가시리),33.378923,126.746953,20220508022234,,,,,,50,,,Y,9,9
4048,(주)소봉하우징,PI203034,01,02,제주특별자치도 제주시 연북로 257,33.481712,126.508941,20220624113557,20220608122119,20220608131727,20220608122119,,,50,,,Y,2,2
4049,(주)소봉하우징,PI203034,02,02,제주특별자치도 제주시 연북로 257,33.481712,126.508941,20220617095852,20220617070847,20220607181939,20220617070847,,,50,,,Y,2,2
4050,(주)소봉하우징,PI203034,03,02,제주특별자치도 제주시 연북로 257,33.481712,126.508941,20220624113557,20220323184822,20220323194806,20220323184822,,,50,,,Y,2,2
4051,(주)소봉하우징,PI203034,04,02,제주특별자치도 제주시 연북로 257,33.481712,126.508941,20220625115623,20220625111309,20220616141154,20220625111309,,,50,,,Y,2,2
4052,(주)소봉하우징,PI203034,05,02,제주특별자치도 제주시 연북로 257,33.481712,126.508941,20220624115458,20220621085522,20220618152546,20220621085522,,,50,,,Y,2,2
4053,(주)소봉하우징,PI203034,06,02,제주특별자치도 제주시 연북로 257,33.481712,126.508941,20220624113557,20220608103813,20220608112410,20220608103813,,,50,,,Y,2,2
4054,(주)소봉하우징,PI203034,07,02,제주특별자치도 제주시 연북로 257,33.481712,126.508941,20220609124227,20220609115355,20220609123600,20220609115355,,,50,,,Y,2,2
4055,(주)소봉하우징,PI203034,08,02,제주특별자치도 제주시 연북로 257,33.481712,126.508941,20220617163550,20220609114454,20220605163136,20220609114454,,,50,,,Y,2,2
4056,글램블루호텔,PI203052,01,02,제주특별자치도 서귀포시 명동로 46,33.247270,126.566866,20220625204741,20220625175606,20220625173009,20220625175606,,,50,,,Y,2,2
4057,글램블루호텔,PI203052,02,02,제주특별자치도 서귀포시 명동로 46,33.247270,126.566866,20220625213918,20220625180752,20220625180516,20220625180752,,,50,,,Y,2,2
4058,아리아호텔,PI203116,01,02,제주특별자치도 서귀포시 중문관광로 23-1,33.255873,126.415472,20220625144248,20220625143932,20220621002042,20220625143631,,,50,,,Y,2,2
4059,아리아호텔,PI203116,02,02,제주특별자치도 서귀포시 중문관광로 23-1,33.255873,126.415472,20220624113559,20220622220255,20220620115821,20220619203508,,,50,,,Y,2,2
4060,더큐브리조트,PI203118,01,02,제주특별자치도 서귀포시 솔오름로105번길 24,33.286372,126.563562,20220625122252,20220625103449,20220623111924,20220625103449,,,50,,,Y,2,2
4061,더큐브리조트,PI203118,02,02,제주특별자치도 서귀포시 솔오름로105번길 24,33.286372,126.563562,20220625013641,20220624215422,20220624105659,20220624215422,,,50,,,Y,2,2
4062,한라병원,PI306058,01,02,제주특별자치도 제주시 도령로 65,33.490114,126.485089,20220624113544,20220623173449,20220623213834,20220623173449,,,50,,,N,2,2
4063,한라병원,PI306058,02,02,제주특별자치도 제주시 도령로 65,33.490114,126.485089,20220624113545,20220623065120,20220623152306,20220623065120,,,50,,,N,2,2
4064,한라병원,PI306058,03,02,제주특별자치도 제주시 도령로 65,33.490114,126.485089,20220623181927,20220605125911,20220605140602,20220605125911,,,50,,,N,1,1
4065,한라병원,PI306058,04,02,제주특별자치도 제주시 도령로 65,33.490114,126.485089,20220624113545,20220623110540,20220623113658,20220623110540,,,50,,,N,2,2
4066,한라병원,PI306058,05,02,제주특별자치도 제주시 도령로 65,33.490114,126.485089,20220624113545,20220624065208,20220623112135,20220624065208,,,50,,,N,2,2
4067,한라병원,PI306058,06,02,제주특별자치도 제주시 도령로 65,33.490114,126.485089,20220624081755,20220623172159,20220623200950,20220623172159,,,50,,,N,1,1
4068,한라병원,PI306058,07,02,제주특별자치도 제주시 도령로 65,33.490114,126.485089,20220624113545,20220622094658,20220614163642,20220622094658,,,50,,,N,2,2
4069,한라병원,PI306058,08,02,제주특별자치도 제주시 도령로 65,33.490114,126.485089,20220624113545,20220623093038,20220623105154,20220623093038,,,50,,,N,2,2
4070,한라병원,PI306058,09,02,제주특별자치도 제주시 도령로 65,33.490114,126.485089,20220624113545,20220624084541,20220621144706,20220624084541,,,50,,,N,2,2
4071,한라병원,PI306058,10,02,제주특별자치도 제주시 도령로 65,33.490114,126.485089,20220624113930,20220517113701,20220329142125,20220517113701,,,50,,,N,2,2
4072,브리타니JKDNC연립주택,PI306061,01,02,제주특별자치도 서귀포시 칠십리로 306,33.247262,126.585168,20220624113555,20220622230953,20220623204002,20220622230953,,,50,,,Y,2,2
4073,브리타니JKDNC연립주택,PI306061,02,02,제주특별자치도 서귀포시 칠십리로 306,33.247262,126.585168,20220625231656,20220625230930,20220619101923,20220625230930,,,50,,,Y,3,3
4074,연동대림2차아파트,PI306064,01,02,제주특별자치도 제주시 연화로 25,33.479509,126.488549,20220625200335,20220625143048,20220625112904,20220625143048,,,50,,,Y,2,2
4075,연동대림2차아파트,PI306064,02,02,제주특별자치도 제주시 연화로 25,33.479509,126.488549,20220625231021,20220625211000,20220625154927,20220625211000,,,50,,,Y,2,2
4076,연동대림2차아파트,PI306064,03,02,제주특별자치도 제주시 연화로 25,33.479509,126.488549,20220625221942,20220625221306,20220625201910,20220625221306,,,50,,,Y,3,3
4077,연동대림2차아파트,PI306064,04,02,제주특별자치도 제주시 연화로 25,33.479509,126.488549,20220625134919,20220625122852,20220625134118,20220625122852,,,50,,,Y,2,2
4078,연동대림2차아파트,PI306064,05,02,제주특별자치도 제주시 연화로 25,33.479509,126.488549,20220625222311,20220625195353,20220625212710,20220625222223,,,50,,,Y,3,3
4079,연동대림2차아파트,PI306064,06,02,제주특별자치도 제주시 연화로 25,33.479509,126.488549,20220625141030,20220625134931,20220625134303,20220625134931,,,50,,,Y,2,2
4080,연동대림2차아파트,PI306064,07,02,제주특별자치도 제주시 연화로 25,33.479509,126.488549,20220624214652,20220624185411,20220623043537,20220624185411,,,50,,,Y,2,2
4081,연동대림2차아파트,PI306064,08,02,제주특별자치도 제주시 연화로 25,33.479509,126.488549,20220625102859,20220625083613,20220620095112,20220625083613,,,50,,,Y,2,2
4082,연동대림2차아파트,PI306064,09,02,제주특별자치도 제주시 연화로 25,33.479509,126.488549,20220625160921,20220625130426,20220624233859,20220625130426,,,50,,,Y,2,2
4083,연동대림2차아파트,PI306064,10,02,제주특별자치도 제주시 연화로 25,33.479509,126.488549,20220625191709,20220625162659,20220624155358,20220625162659,,,50,,,Y,2,2
4084,서귀포강정엘에이치아파트,PI306135,01,02,제주특별자치도 서귀포시 대청로25번길 9,33.254165,126.502350,20220625223407,20220625222805,20220625135136,20220625222805,,,50,,,Y,3,3
4085,서귀포강정엘에이치아파트,PI306135,02,02,제주특별자치도 서귀포시 대청로25번길 9,33.254165,126.502350,20220625024043,20220624225957,20220624132855,20220624225957,,,50,,,Y,2,2
4086,서귀포강정엘에이치아파트,PI306135,03,02,제주특별자치도 서귀포시 대청로25번길 9,33.254165,126.502350,20220625225222,20220625212544,20220625071936,20220625212544,,,50,,,Y,2,2
4087,서귀포강정엘에이치아파트,PI306135,04,02,제주특별자치도 서귀포시 대청로25번길 9,33.254165,126.502350,20220624113606,20220622183902,20220619165026,20220622183902,,,50,,,Y,2,2
4088,서귀포강정엘에이치아파트,PI306135,05,02,제주특별자치도 서귀포시 대청로25번길 9,33.254165,126.502350,20220623225536,20220623155351,20220620211922,20220623155351,,,50,,,Y,2,2
4089,컴퍼트리호텔앤리조트,PI306143,01,02,제주특별자치도 제주시 해안마을서4길 100,33.451457,126.449292,20220625170611,20220625165523,20220619130153,20220625165523,,,50,,,Y,2,2
4090,컴퍼트리호텔앤리조트,PI306143,02,02,제주특별자치도 제주시 해안마을서4길 100,33.451457,126.449292,20220626000111,20220625202957,20220625164835,20220625202957,,,50,,,Y,2,2
4091,제주시 한형수정원,PI640046,01,02,제주특별자치도 제주시 한림읍 옹포2길 44,33.396955382482,126.2498365080,20220620163829,20220419194705,20220419211336,20220419194705,,,50,,,Y,2,2
4092,제주시 한형수정원,PI640046,02,02,제주특별자치도 제주시 한림읍 옹포2길 44,33.396955382482,126.2498365080,20220623123244,20220620180051,20220620190823,20220620180051,,,50,,,Y,2,2
4093,제주시 사쿠라모텔,PI640049,01,02,제주특별자치도 제주시 원노형6길 18,33.48462726,126.4826697,20220623110805,20220619110039,20220619120637,20220619110039,,,50,,,Y,2,2
4094,제주시 사쿠라모텔,PI640049,02,02,제주특별자치도 제주시 원노형6길 18,33.48462726,126.4826697,20220623110805,20220621160415,20220621162732,20220621160415,,,50,,,Y,2,2
4095,제주시 노블레스호텔,PI640051,01,02,제주특별자치도 제주시 연동8길 31,33.4830271,126.4907574,20220624153546,20220624133717,20220624153139,20220624133717,7,단독,50,,,Y,2,2
4096,서귀포시 렉스호스텔,PI640052,01,02,제주특별자치도 서귀포시 중앙로42번길 42-1,33.24906761,126.5661815,20220620163844,20220618163302,20220618163406,20220602173418,,,50,,,Y,2,2
4097,서귀포시 렉스호스텔,PI640052,02,02,제주특별자치도 서귀포시 중앙로42번길 42-1,33.24906761,126.5661815,20220612181258,20220522112646,20220522124554,20220522112646,,,50,,,Y,1,1
4098,서귀포시 스타민박,PI640053,01,02,제주특별자치도 서귀포시 성산읍 성산중앙로64번길 5-1,33.46465755,126.9355725,20220623110717,20220319155534,20220319171915,20220319155534,,,50,,,Y,2,2
4099,서귀포시 스타민박,PI640053,02,02,제주특별자치도 서귀포시 성산읍 성산중앙로64번길 5-1,33.46465755,126.9355725,20220620203429,,,,,,50,,,Y,2,2
4100,서귀포시 푸른섬게스트하우스,PI640054,01,02,제주특별자치도 서귀포시 표선면 민속해안로119번길 17,33.3079428,126.8124245,20220625203222,20220618224918,20220619104702,20220625203024,,,50,,,Y,3,3
4101,서귀포시 푸른섬게스트하우스,PI640054,02,02,제주특별자치도 서귀포시 표선면 민속해안로119번길 17,33.3079428,126.8124245,20220608172443,20220405204546,20220406074324,20220405204546,,,50,,,Y,2,2
4102,해오름,PI640276,01,02,제주특별자치도 제주시 오일장서길 21,33.495,126.476,20220624114713,20220617163441,20220428123433,,,,50,,,Y,2,2
4103,서귀포시 소노캄제주,PI640313,01,02,제주특별자치도 서귀포시 표선면 일주동로 6347-17,33.306012588,126.79289473,20220625204749,20220622155445,20220607105215,20220622155445,7,단독,50,,,Y,3,3
4104,서귀포시 소노캄제주,PI640313,02,02,제주특별자치도 서귀포시 표선면 일주동로 6347-17,33.306012588,126.79289473,20220625204749,20220623213234,20220607100018,20220623213234,7,단독,50,,,Y,3,3
4105,서귀포시 소노캄제주,PI640313,03,02,제주특별자치도 서귀포시 표선면 일주동로 6347-17,33.306012588,126.79289473,20220625232426,20220623173228,20220607091740,20220623173228,7,단독,50,,,Y,2,2
4106,서귀포시 소노캄제주,PI640313,04,02,제주특별자치도 서귀포시 표선면 일주동로 6347-17,33.306012588,126.79289473,20220625233147,20220625023309,20220607065743,20220625232954,7,단독,50,,,Y,3,3
4107,서귀포시 소노캄제주,PI640313,05,02,제주특별자치도 서귀포시 표선면 일주동로 6347-17,33.306012588,126.79289473,20220625220056,20220625025456,20220607102224,20220625025456,7,단독,50,,,Y,3,3
4108,제주기 신한은행제주지점,PI640315,01,02,제주특별자치도 제주시 중앙로 166,33.504033147,126.52644308,20220620182713,20220511141350,20220513181205,20220511141350,7,단독,50,,,Y,2,2
4109,서귀포시 호텔더본,PI640316,01,02,제주특별자치도 서귀포시 색달로 18,33.259532378,126.40649780,20220625221602,20220625113012,20220606213121,20220625113012,7,단독,50,,,Y,2,2
4110,서귀포시 호텔더본,PI640316,02,02,제주특별자치도 서귀포시 색달로 18,33.259532378,126.40649780,20220625213548,20220625212930,20220606202540,20220625212930,7,단독,50,,,Y,2,2
4111,서귀포시 호텔더본,PI640316,03,02,제주특별자치도 서귀포시 색달로 18,33.259532378,126.40649780,20220625235028,20220622131154,20220607091312,20220622131154,7,단독,50,,,Y,2,2
4112,서귀포시 호텔더본,PI640316,04,02,제주특별자치도 서귀포시 색달로 18,33.259532378,126.40649780,20220625222313,20220624212156,20220606202704,20220624212156,7,단독,50,,,Y,2,2
4113,서귀포시 대진유토피아,PI640317,01,02,제주특별자치도 서귀포시 표선면 번영로3428번길 129,33.341133658,126.81425007,20220624161713,20220603151839,20220604063744,20220603151839,7,단독,50,,,Y,2,2
4114,서귀포시 대진유토피아,PI640317,02,02,제주특별자치도 서귀포시 표선면 번영로3428번길 129,33.341133658,126.81425007,20220625205529,20220606070021,20220606152302,20220606070021,7,단독,50,,,Y,3,3
4115,서귀포시 대진유토피아,PI640317,03,02,제주특별자치도 서귀포시 표선면 번영로3428번길 129,33.341133658,126.81425007,20220625054544,20220615103058,20220606080418,20220615103058,7,단독,50,,,Y,2,2
4116,서귀포시 대진유토피아,PI640317,04,02,제주특별자치도 서귀포시 표선면 번영로3428번길 129,33.341133658,126.81425007,20220625230307,20220607003642,20220607085733,20220607003642,7,단독,50,,,Y,3,3
4117,서귀포시 대진유토피아,PI640317,05,02,제주특별자치도 서귀포시 표선면 번영로3428번길 129,33.341133658,126.81425007,20220625230700,20220607085103,20220607074326,20220607085103,7,단독,50,,,Y,3,3
4118,서귀포시 강정코아루아파트3단지,PI640318,01,02,제주특별자치도 서귀포시 신서로 89,33.258846604,126.50516561,20220623144505,20220604164752,20220604222634,20220604164752,7,단독,50,,,Y,2,2
4119,서귀포시 강정코아루아파트3단지,PI640318,02,02,제주특별자치도 서귀포시 신서로 89,33.258846604,126.50516561,20220624034259,20220607073725,20220601232117,20220607073725,7,단독,50,,,Y,2,2
4120,서귀포시 강정코아루아파트2단지,PI640319,01,02,제주특별자치도 서귀포시 신서로 85,33.258374220,126.50450355,20220625211002,20220621104333,20220607075426,20220621104333,7,단독,50,,,Y,3,3
4121,서귀포시 강정코아루아파트2단지,PI640319,02,02,제주특별자치도 서귀포시 신서로 85,33.258374220,126.50450355,20220625210640,20220606175826,20220607075809,20220606175826,7,단독,50,,,Y,2,2
4122,제주시 연동나인몰,PI640323,01,02,제주특별자치도 제주시 과원로 128,33.480695078,126.49465009,20220625195324,20220330114821,20220330114801,,7,단독,50,,,Y,2,2
4123,제주시 연동나인몰,PI640323,02,02,제주특별자치도 제주시 과원로 128,33.480695078,126.49465009,20220620182720,20220330122340,20220330122318,,7,단독,50,,,Y,2,2
4124,제주시 연동나인몰,PI640323,03,02,제주특별자치도 제주시 과원로 128,33.480695078,126.49465009,20220620183123,20220330135719,20220330135705,,7,단독,50,,,Y,2,2
4125,제주시 연동나인몰,PI640323,04,02,제주특별자치도 제주시 과원로 128,33.480695078,126.49465009,20220508022249,20220330140839,20220330140835,,7,단독,50,,,Y,1,1
4126,제주시 연동나인몰,PI640323,05,02,제주특별자치도 제주시 과원로 128,33.480695078,126.49465009,20220508022249,20220330141949,20220330141935,20220330141949,7,단독,50,,,Y,1,1
4127,제주시 연동나인몰,PI640323,06,02,제주특별자치도 제주시 과원로 128,33.480695078,126.49465009,20220508022249,20220330142845,20220330142939,,7,단독,50,,,Y,1,1
4128,제주시 연동나인몰,PI640323,07,02,제주특별자치도 제주시 과원로 128,33.480695078,126.49465009,20220508022249,20220330150537,20220330150510,,7,단독,50,,,Y,1,1
4129,제주시 연동나인몰,PI640323,08,02,제주특별자치도 제주시 과원로 128,33.480695078,126.49465009,20220508022249,20220330144230,20220330144217,,7,단독,50,,,Y,1,1
4130,제주시 연동나인몰,PI640323,09,02,제주특별자치도 제주시 과원로 128,33.480695078,126.49465009,20220508022249,20220330145104,20220330145048,,7,단독,50,,,Y,1,1
4131,제주시 연동나인몰,PI640323,10,06,제주특별자치도 제주시 과원로 128,33.480695078,126.49465009,20220508022249,20220322114144,20220322114312,20220322114144,50,단독,50,,,Y,1,1
4132,제주시 한화리조트제주,PI640325,01,02,제주특별자치도 제주시 명림로 575-107,33.4490025,126.6373581,20220625214631,20220607105236,20220607094438,20220607105236,7,단독,50,,,Y,3,3
4133,제주시 한화리조트제주,PI640325,02,02,제주특별자치도 제주시 명림로 575-107,33.4490025,126.6373581,20220625050512,20220606164943,20220606235419,20220606164943,7,단독,50,,,Y,2,2
4134,제주시 한화리조트제주,PI640325,03,02,제주특별자치도 제주시 명림로 575-107,33.4490025,126.6373581,20220623054203,20220606231610,20220607074005,20220606231610,7,단독,50,,,Y,2,2
4135,제주시 한화리조트제주,PI640325,04,02,제주특별자치도 제주시 명림로 575-107,33.4490025,126.6373581,20220625220104,20220606203924,20220607105232,20220606203924,7,단독,50,,,Y,2,2
4136,제주시 한화리조트제주,PI640325,05,02,제주특별자치도 제주시 명림로 575-107,33.4490025,126.6373581,20220625235726,20220606190727,20220606164755,20220606190727,7,단독,50,,,Y,3,3
4137,제주시 한화리조트제주,PI640325,06,02,제주특별자치도 제주시 명림로 575-107,33.4490025,126.6373581,20220625222654,20220606194545,20220606215905,20220606194545,7,단독,50,,,Y,3,3
4138,제주시 한화리조트제주,PI640325,07,02,제주특별자치도 제주시 명림로 575-107,33.4490025,126.6373581,20220622181054,20220530084158,20220530100917,20220530084158,7,단독,50,,,Y,2,2
4139,제주시 한화리조트제주,PI640325,08,02,제주특별자치도 제주시 명림로 575-107,33.4490025,126.6373581,20220625193907,20220603082512,20220603174000,20220603082512,7,단독,50,,,Y,2,2
4140,제주시 한화리조트제주,PI640325,09,02,제주특별자치도 제주시 명림로 575-107,33.4490025,126.6373581,20220624210307,20220603091706,20220603192810,20220603091706,7,단독,50,,,Y,2,2
4141,제주시 한화리조트제주,PI640325,10,02,제주특별자치도 제주시 명림로 575-107,33.4490025,126.6373581,20220625211353,20220601123152,20220601181417,20220601123152,7,단독,50,,,Y,2,2
4142,제주시 블랙스톤리조트,PI640327,01,02,제주특별자치도 제주시 한림읍 한창로 925-122,33.337766044,126.31240252,20220620183118,20220607054942,20220602125732,20220607054942,7,단독,50,,,Y,2,2
4143,제주시 블랙스톤리조트,PI640327,02,02,제주특별자치도 제주시 한림읍 한창로 925-122,33.337766044,126.31240252,20220620182717,20220607080201,20220603195854,20220607080201,7,단독,50,,,Y,2,2
4144,제주시 블랙스톤리조트,PI640327,03,02,제주특별자치도 제주시 한림읍 한창로 925-122,33.337766044,126.31240252,20220625091805,20220606080040,20220606130441,20220606080040,7,단독,50,,,Y,2,2
4145,제주시 에코랜드호텔,PI640328,01,02,제주특별자치도 제주시 조천읍 번영로 1278-169,33.455348514,126.66885276,20220530155418,20220523090102,20220523090244,,7,단독,50,,,Y,1,1
4146,제주시 에코랜드호텔,PI640328,02,02,제주특별자치도 제주시 조천읍 번영로 1278-169,33.455348514,126.66885276,20220530155418,20220518092912,20220518092928,,7,단독,50,,,Y,1,1
4147,제주시 에코랜드호텔,PI640328,03,02,제주특별자치도 제주시 조천읍 번영로 1278-169,33.455348514,126.66885276,20220530155418,20220523091123,20220523091307,,7,단독,50,,,Y,1,1
4148,제주시 에코랜드호텔,PI640328,04,02,제주특별자치도 제주시 조천읍 번영로 1278-169,33.455348514,126.66885276,20220530155418,20220523105409,20220523105542,,7,단독,50,,,Y,1,1
4149,제주시 에코랜드호텔,PI640328,05,02,제주특별자치도 제주시 조천읍 번영로 1278-169,33.455348514,126.66885276,20220530155418,20220523091618,20220523091753,,7,단독,50,,,Y,1,1
4150,제주시 에코랜드호텔,PI640328,06,02,제주특별자치도 제주시 조천읍 번영로 1278-169,33.455348514,126.66885276,20220530155418,20220523093011,20220523093219,,7,단독,50,,,Y,1,1
4151,제주시 에코랜드호텔,PI640328,07,02,제주특별자치도 제주시 조천읍 번영로 1278-169,33.455348514,126.66885276,20220530155418,,,,7,단독,50,,,Y,1,1
4152,제주시 에코랜드호텔,PI640328,08,02,제주특별자치도 제주시 조천읍 번영로 1278-169,33.455348514,126.66885276,20220530155418,20220523095821,20220523095952,,7,단독,50,,,Y,1,1
4153,제주시 에코랜드호텔,PI640328,09,02,제주특별자치도 제주시 조천읍 번영로 1278-169,33.455348514,126.66885276,20220530155418,20220523100856,20220523101031,,7,단독,50,,,Y,1,1
4154,제주시 에코랜드호텔,PI640328,10,02,제주특별자치도 제주시 조천읍 번영로 1278-169,33.455348514,126.66885276,20220530155418,20220523101335,20220523101510,,7,단독,50,,,Y,1,1
4155,제주시 에코랜드호텔,PI640328,11,02,제주특별자치도 제주시 조천읍 번영로 1278-169,33.455348514,126.66885276,20220530155418,20220523101759,20220523101935,,7,단독,50,,,Y,1,1
4156,제주시 에코랜드호텔,PI640328,12,02,제주특별자치도 제주시 조천읍 번영로 1278-169,33.455348514,126.66885276,20220530155418,20220523142656,20220523142829,,7,단독,50,,,Y,1,1
4157,제주시 에코랜드호텔,PI640328,13,02,제주특별자치도 제주시 조천읍 번영로 1278-169,33.455348514,126.66885276,20220530155418,,,,7,단독,50,,,Y,1,1
4158,제주시 에코랜드호텔,PI640328,14,02,제주특별자치도 제주시 조천읍 번영로 1278-169,33.455348514,126.66885276,20220530155418,20220523111309,20220523111438,,7,단독,50,,,Y,1,1
4159,제주시 에코랜드호텔,PI640328,15,02,제주특별자치도 제주시 조천읍 번영로 1278-169,33.455348514,126.66885276,20220530155418,20220523103954,20220523104118,,7,단독,50,,,Y,1,1
4160,제주시 에코랜드호텔,PI640328,16,02,제주특별자치도 제주시 조천읍 번영로 1278-169,33.455348514,126.66885276,20220530155418,20220523104931,20220523105103,,7,단독,50,,,Y,1,1
4161,제주시 에코랜드호텔,PI640328,17,02,제주특별자치도 제주시 조천읍 번영로 1278-169,33.455348514,126.66885276,20220530155418,20220523115600,20220523115723,,7,단독,50,,,Y,1,1
4162,제주시 에코랜드호텔,PI640328,18,02,제주특별자치도 제주시 조천읍 번영로 1278-169,33.455348514,126.66885276,20220530155418,20220523113347,20220523113521,,7,단독,50,,,Y,1,1
4163,제주시 에코랜드호텔,PI640328,19,02,제주특별자치도 제주시 조천읍 번영로 1278-169,33.455348514,126.66885276,20220530155418,20220523112515,20220523112632,,7,단독,50,,,Y,1,1
4164,제주시 에코랜드호텔,PI640328,20,04,제주특별자치도 제주시 조천읍 번영로 1278-169,33.455348514,126.66885276,20220530155418,20220518164317,20220518164402,,50,단독,50,,,Y,1,1
4165,가온누리,PW000574,01,02,제주특별자치도 서귀포시 대정읍 하모리 1394-2,33.227728,126.253499,20220623103116,20220622202112,20220623022655,20220622202112,,,50,,,Y,2,2
4166,해양경찰청,PW000666,01,02,제주특별자치도 제주시 한림읍 귀덕동길 58,33.440620,126.291898,20220625213041,20220604154758,20220604175201,20220604154758,,,50,,,Y,3,3
4167,해성상사,PW000667,01,02,제주특별자치도 제주시 용해로 114-1,33.507380,126.504819,20220419120045,20211107171546,20211107212039,20211107171546,,,50,,,Y,2,2
4168,해성상사,PW000667,02,02,제주특별자치도 제주시 용해로 114-1,33.507380,126.504819,20220326074542,20211103220212,20211104001435,20211103220212,,,50,,,Y,2,2
4169,우정골프연습장,PW000834,01,02,제주특별자치도 제주시 아연로 131-3,33.473465496217,126.5057250359,20220625083034,20220624154305,20220625021251,20220624154305,,,50,,,Y,2,2
4170,우정골프연습장,PW000834,02,02,제주특별자치도 제주시 아연로 131-3,33.473465496217,126.5057250359,20220625213037,20220625135533,20220625161126,20220625170744,,,50,,,Y,5,5
4171,서림교회,PW000835,01,02,"제주특별자치도 서귀포시 대정읍 서림중앙로 45 (일과리, 서림교회)",33.2462638,126.2255744,20220623153041,20220623093109,20220623124150,20220623093109,,,50,,,Y,2,2
4172,서림교회,PW000835,02,02,"제주특별자치도 서귀포시 대정읍 서림중앙로 45 (일과리, 서림교회)",33.2462638,126.2255744,20220625220035,20220624084129,20220624121715,20220625215637,,,50,,,Y,3,3
4173,기아오토큐외도점,PW001265,01,02,제주특별자치도 제주시 연대마을길 75,33.492520,126.423989,20220622061538,20220621214916,20220622061001,20220621214916,,,50,,,Y,2,2
4174,기아오토큐외도점,PW001265,02,02,제주특별자치도 제주시 연대마을길 75,33.492520,126.423989,20220625233044,20220617234233,20220624042425,20220617234233,,,50,,,Y,1,1
4175,오리지날로맨스,PW001266,01,02,제주특별자치도 제주시 한림읍 옹포2길 1,33.400950,126.250523,20220623153048,20220623143409,20220623152056,20220623143409,,,50,,,Y,2,2
4176,애월스테이관광호텔,PW001267,01,02,제주특별자치도 제주시 애월읍 중엄3길 50,33.477984258827,126.3716394400,20220613164551,20220613161037,20220613164048,20220613161037,,,50,,,Y,2,2
4177,애월스테이관광호텔,PW001267,02,02,제주특별자치도 제주시 애월읍 중엄3길 50,33.477984258827,126.3716394400,20220622113109,20220621225534,20220622042056,20220621225534,,,50,,,Y,2,2
4178,가시리교회,PW010082,01,02,제주특별자치도 서귀포시 표선면 중산간동로 5236-7,33.3511780572,126.771752307,20220118190006,20210820081204,20210820162742,,,,50,,,Y,1,1
4179,주식회사 까사데비발디,PW010083,01,02,제주특별자치도 서귀포시 안덕면 향교로 214,33.2341608155,126.290500382,20220215135009,,,20210704003930,,,50,,,Y,1,1
4180,주식회사 까사데비발디,PW010083,02,02,제주특별자치도 서귀포시 안덕면 향교로 214,33.2341608155,126.290500382,20220507214540,20220507171555,20220507195848,20220507171555,,,50,,,Y,1,1
4181,수원리새마을회,PW010084,01,02,제주특별자치도 제주시 한림읍 수원9길 2,33.4274579897,126.27078180,20220624064533,20220622104211,20220622141235,20220622104211,,,50,,,Y,2,2
4182,소랑호젠펜션,PW010085,01,02,제주특별자치도 서귀포시 남원읍 태위로 545,33.2758098562,126.70523884,20220624111538,20220612180848,20220612230122,20220612180848,,,50,,,Y,2,2
4183,소랑호젠펜션,PW010085,02,02,제주특별자치도 서귀포시 남원읍 태위로 545,33.2758098562,126.70523884,20220625214537,20220610171845,20220610174708,20220610171845,,,50,,,Y,5,5
4184,더풍성한교회,PW010154,01,02,제주특별자치도 서귀포시 중산간동로7929번길 12,33.2646103210,126.56889510,20220624193015,20220624135447,20220624191752,20220624135447,,,50,,,Y,2,2
4185,더풍성한교회,PW010154,02,02,제주특별자치도 서귀포시 중산간동로7929번길 12,33.2646103210,126.56889510,20220625200018,20220624231916,20220625063452,20220625195413,,,50,,,Y,3,3
4186,이야기별방,PW010155,01,02,제주특별자치도 제주시 구좌읍 해맞이해안로 2040,33.5098199069,126.90133466,20220624104550,20220616095246,20220616105729,20220616095246,,,50,,,Y,2,2
4187,제주시간여행휴양펜션,PW010156,01,02,제주특별자치도 제주시 애월읍 구엄리 1054-1,33.4720051133,126.37615467,20220626000051,20220620155337,20220620175356,20220625235608,,,50,,,Y,3,3
4188,성아자동차공업사,PW010157,01,02,제주특별자치도 제주시 한림읍 한수풀로 127-3,33.4220649328,126.27543722,20220614121549,20220215221345,20220215222554,20220215221345,,,50,,,Y,5,5
4189,성아자동차공업사,PW010157,02,02,제주특별자치도 제주시 한림읍 한수풀로 127-3,33.4220649328,126.27543722,20220623234550,20210209200603,20210210055503,20211018084900,,,50,,,Y,2,2
4190,라온프라이빗에듀,PW010265,01,02,제주특별자치도 서귀포시 대정읍 에듀시티로 74,33.287952320089,126.2813226142,20220625224528,20220624184921,20220624221946,20220625223651,,,50,,,Y,3,3
4191,라온프라이빗에듀,PW010265,02,02,제주특별자치도 서귀포시 대정읍 에듀시티로 74,33.287952320089,126.2813226142,20220625074531,20220624211945,20220625053525,20220624211945,,,50,,,Y,2,2
4192,라온프라이빗에듀,PW010265,03,02,제주특별자치도 서귀포시 대정읍 에듀시티로 74,33.287952320089,126.2813226142,20220625220029,20220624223953,20220625032522,20220625134318,,,50,,,Y,3,3
4193,라온프라이빗에듀,PW010265,04,02,제주특별자치도 서귀포시 대정읍 에듀시티로 74,33.287952320089,126.2813226142,20220625174528,20220624220304,20220625040336,20220625173847,,,50,,,Y,3,3
4194,라온프라이빗에듀,PW010265,05,02,제주특별자치도 서귀포시 대정읍 에듀시티로 74,33.287952320089,126.2813226142,20220625174528,20220625112917,20220625144440,20220625112917,,,50,,,Y,2,2
4195,라온프라이빗에듀,PW010265,06,02,제주특별자치도 서귀포시 대정읍 에듀시티로 74,33.287952320089,126.2813226142,20220625153032,20220624013511,20220624014127,20220625151739,,,50,,,Y,3,3
4196,광치기흑돼지,PW010369,01,02,제주특별자치도 서귀포시 성산읍 일출로 86,33.450036165768,126.9215366590,20220302152059,20201119105401,20201119105401,,,,50,,,Y,1,1
4197,광치기흑돼지,PW010369,02,02,제주특별자치도 서귀포시 성산읍 일출로 86,33.450036165768,126.9215366590,20220302152059,20210907123256,20210907130503,20210907123256,,,50,,,Y,1,1
4198,가나안교회,PW010372,01,02,제주특별자치도 서귀포시 표선면 성읍이리로47번길 11,33.415382755320,126.7710125286,20220215134924,20210619111702,20210619111724,,,,50,,,Y,1,1
4199,아파트먼트커피,PW010373,01,02,제주특별자치도 제주시 한경면 청수서2길 96,33.311377832030,126.2445437407,20220625134507,20220625125604,20220625131118,20220625125604,,,50,,,Y,2,2
4200,아파트먼트커피,PW010373,02,02,제주특별자치도 제주시 한경면 청수서2길 96,33.311377832030,126.2445437407,20220624200010,20220623210217,20220623224737,20220623210217,,,50,,,Y,2,2
4201,뜨레피아,PW010374,01,02,제주특별자치도 서귀포시 월평하원로 111,33.249176084000,126.4586254747,20220625211505,20220121202903,20220121232926,20220121202903,,,50,,,Y,2,2
4202,뜨레피아,PW010374,02,02,제주특별자치도 서귀포시 월평하원로 111,33.249176084000,126.4586254747,20220625171505,,,,,,50,,,Y,2,2
4203,제주교회,PW010375,01,02,제주특별자치도 제주시 애월읍 하귀26길 6,33.480158046174,126.3956000693,20220622133023,20220619102221,20220619124252,20220619102221,,,50,,,Y,2,2
4204,제주교회,PW010375,02,02,제주특별자치도 제주시 애월읍 하귀26길 6,33.480158046174,126.3956000693,20220624014517,20220619102019,20220619132516,20220619102019,,,50,,,Y,2,2
4205,제일빌리지,PW010376,01,02,제주특별자치도 제주시 애월읍 중산간서로 6703-11,33.462270805474,126.4450203548,20220625134512,20220624213224,20220625033256,20220625133208,,,50,,,Y,3,3
4206,제일빌리지,PW010376,02,02,제주특별자치도 제주시 애월읍 중산간서로 6703-11,33.462270805474,126.4450203548,20220624201514,20220622181846,20220623031928,20220624183214,,,50,,,Y,1,1
4207,고망난돌민박가든,PW010377,01,02,제주특별자치도 서귀포시 성산읍 일주동로 5464,33.353210766503,126.8579144157,20220302152630,20210304202752,20210304222806,,,,50,,,Y,1,1
4208,제주아로마모텔,PW010378,01,02,제주특별자치도 서귀포시 대정읍 상모로 210,33.225415937237,126.2663867771,20220625210046,20220222184800,20220222203319,20220222184800,,,50,,,Y,2,2
4209,제주아로마모텔,PW010378,02,02,제주특별자치도 서귀포시 대정읍 상모로 210,33.225415937237,126.2663867771,20220302152344,,,,,,50,,,Y,1,1
4210,고스트하우스,PW010379,01,02,제주특별자치도 제주시 애월읍 부룡수길 35-12,33.475865803525,126.3567704794,20220625211547,20220622213621,20220623015148,20220625211211,,,50,,,Y,3,3
4211,가시리은하수가든,PW010380,01,02,제주특별자치도 서귀포시 표선면 중산간동로 5123,33.360600830906,126.7673353903,20220625113045,20220615203939,20220616051019,20220615203939,,,50,,,Y,2,2
4212,가시리은하수가든,PW010380,02,02,제주특별자치도 서귀포시 표선면 중산간동로 5123,33.360600830906,126.7673353903,20220625223049,20220621195902,20220622044443,20220625222250,,,50,,,Y,3,3
4213,스마일공업사,PW010381,01,02,제주특별자치도 제주시 애월읍 고내로 77,33.465174926812,126.3447456005,20220624023023,20220604080847,20220604115412,20220604080847,,,50,,,Y,2,2
4214,광령자동차공업사,PW010382,01,02,제주특별자치도 제주시 애월읍 광령평화4길 6,33.444193723111,126.4342217771,20220624190015,20220509201345,20220509202241,20220509201345,,,50,,,Y,5,5
4215,경진자동차공업사,PW010383,01,02,제주특별자치도 제주시 애월읍 평화로 2681,33.444958449222,126.4326810497,20220623091512,20220206091522,20220206120805,20220206091522,,,50,,,Y,2,2
4216,예촌연수네가든,PW010384,01,02,제주특별자치도 서귀포시 남원읍 신례동로 60,33.290999361425,126.6342195131,20220622161507,20220422122739,20220422122926,20211209114327,,,50,,,Y,2,2
4217,예촌연수네가든,PW010384,02,02,제주특별자치도 서귀포시 남원읍 신례동로 60,33.290999361425,126.6342195131,20220623144508,20220623131441,20220623143956,20220623131441,,,50,,,Y,2,2
4218,함덕순복음교회,PW010385,01,02,제주특별자치도 제주시 조천읍 함대로 35,33.540872040400,126.6584418734,20220625114503,20220624233258,20220625044828,20220624233258,,,50,,,Y,2,2
4219,폴라리스,PW010386,01,02,제주특별자치도 제주시 애월읍 유수암동3길 45,33.438114177605,126.4081252326,20220624121527,20220221222207,20220222013731,20220221222207,,,50,,,Y,2,2
4220,폴라리스,PW010386,02,02,제주특별자치도 제주시 애월읍 유수암동3길 45,33.438114177605,126.4081252326,20220215134956,20210316160122,20210316160409,,,,50,,,Y,1,1
4221,더빌라스오션,PW010387,01,02,제주특별자치도 서귀포시 남원읍 태신해안로 271,33.300980617963,126.7706290467,20220625120039,20220622131710,20220622135239,20220622131710,,,50,,,Y,2,2
4222,신도2리마을회,PW010388,01,02,제주특별자치도 서귀포시 대정읍 도원로 43,33.277622352622,126.1748540540,20220625180023,20220625160830,20220625162001,20220625175420,,,50,,,Y,3,3
4223,성일교회,PW010389,01,02,제주특별자치도 제주시 우령8길 76,33.484563849226,126.4272497940,20220625191516,20220624220136,20220625040209,20220625190124,,,50,,,Y,3,3
4224,성산서부교회,PW010390,01,02,제주특별자치도 서귀포시 성산읍 고성중앙로 52,33.448566743187,126.9086660507,20220624174538,20220424081919,20220424093436,20220424081919,,,50,,,Y,2,2
4225,광명식당,PW010391,01,02,제주특별자치도 제주시 애월읍 광성로 299,33.461090213778,126.4391203313,20220624174542,20220519172722,20220519182913,20220519172722,,,50,,,Y,2,2
4226,휴식호텔중문,PW010392,01,02,제주특별자치도 서귀포시 이어도로 67,33.238872534662,126.4304107278,20220622120108,20220622104843,20220622115830,20220622104843,,,50,,,Y,2,2
4227,휴식호텔중문,PW010392,02,02,제주특별자치도 서귀포시 이어도로 67,33.238872534662,126.4304107278,20220622161547,20220611014226,20220611052752,20220611014226,,,50,,,Y,2,2
4228,바이더힐,PW010393,01,02,제주특별자치도 제주시 애월읍 항파두리로 148,33.444342181772,126.4035660309,20220625121543,20220531073343,20220531081606,20220531073343,,,50,,,Y,2,2
4229,바이더힐,PW010393,02,02,제주특별자치도 제주시 애월읍 항파두리로 148,33.444342181772,126.4035660309,20220617203049,20220613182912,20220614012947,20220617185833,,,50,,,Y,1,1
4230,무릉1리마을회,PW010394,01,02,제주특별자치도 서귀포시 대정읍 서삼중로 81,33.270138698386,126.2029889355,20220625121508,20220415193919,20220415202329,20220415193919,,,50,,,Y,2,2
4231,엠닷에이,PW010395,01,02,제주특별자치도 제주시 한경면 판포1길 6,33.364944351255,126.1992245741,20220118190015,,,20210817121038,,,50,,,Y,1,1
4232,엠닷에이,PW010395,02,02,제주특별자치도 제주시 한경면 판포1길 6,33.364944351255,126.1992245741,20220625211507,20220625204719,20220625210333,20220625204719,,,50,,,Y,2,2
4233,무릉1리마을회(다목적),PW010397,01,02,제주특별자치도 서귀포시 대정읍 무릉중앙로 8,33.270997950670,126.2008860364,20220624153017,20220624021332,20220624054154,20220624021332,,,50,,,Y,2,2
4234,비전교회(철거),PW010398,01,02,제주특별자치도 제주시 서사로7길 7,33.5074899,126.5208177,20220118190019,20210621164048,20210621224115,,,,50,,,Y,1,1
4235,비전교회(철거),PW010398,02,02,제주특별자치도 제주시 서사로7길 7,33.5074899,126.5208177,20220118190019,20210620223335,20210621043402,,,,50,,,Y,1,1
4236,제주나르샤리조트,PW010399,01,02,제주특별자치도 서귀포시 안덕면 사계북로 52,33.233898205257,126.2937854579,20220621160033,20220519212140,20220520015208,20220519212140,,,50,,,Y,2,2
4237,제주나르샤리조트,PW010399,02,02,제주특별자치도 서귀포시 안덕면 사계북로 52,33.233898205257,126.2937854579,20220622133033,20220619025937,20220619044456,20220619025937,,,50,,,Y,2,2
4238,태평양금호,PW010400,01,02,제주특별자치도 제주시 연북로 660,33.492113128033,126.5478856152,20220224101820,,,,,,50,,,Y,1,1
4239,펜션연리,PW010401,01,02,제주특별자치도 서귀포시 논짓물로 50,33.240489587574,126.3859714675,20220625140041,20220624221028,20220625011051,20220624221028,,,50,,,Y,2,2
4240,펜션연리,PW010401,02,02,제주특별자치도 서귀포시 논짓물로 50,33.240489587574,126.3859714675,20220625150043,20220620200317,20220620221113,20220624160240,,,50,,,Y,5,5
4241,빅타이어서귀포점,PW010402,01,02,제주특별자치도 서귀포시 동홍중앙로 82,33.257798737135,126.5723541315,20220302152008,20211029001024,20211029064058,20211029001024,,,50,,,Y,1,1
4242,빅타이어서귀포점,PW010402,02,02,제주특별자치도 서귀포시 동홍중앙로 82,33.257798737135,126.5723541315,20220302152008,20211028042849,20211028064410,20211028042849,,,50,,,Y,1,1
4243,서귀포흑돼지명가,PW010403,01,02,제주특별자치도 서귀포시 태평로 122,33.244073195994,126.5363637135,20220625094530,20220603220456,20220604063536,20220625061639,,,50,,,Y,1,1
4244,서귀포흑돼지명가,PW010403,02,02,제주특별자치도 서귀포시 태평로 122,33.244073195994,126.5363637135,20220325114546,20220324072904,20220324124201,20220325090202,,,50,,,Y,1,1
4245,제주레포츠랜드,PW010404,01,02,제주특별자치도 제주시 조천읍 와흘상서2길 47,33.482324175089,126.6387282392,20220623173028,20220623162809,20220623171839,20220623162809,,,50,,,Y,2,2
4246,제주레포츠랜드,PW010404,02,02,제주특별자치도 제주시 조천읍 와흘상서2길 47,33.482324175089,126.6387282392,20220509130051,20220504124957,20220504132754,20220504124957,,,50,,,Y,1,1
4247,흑돈향,PW010405,01,02,제주특별자치도 서귀포시 태평로 58,33.244720887694,126.5292483715,20220625214529,20220509154504,20220509212034,20220509154504,,,50,,,Y,5,5
4248,흑돈향,PW010405,02,02,제주특별자치도 서귀포시 태평로 58,33.244720887694,126.5292483715,20220625214529,20220625161933,20220625213915,20220625161933,,,50,,,Y,2,2
4249,어썸,PW010406,01,02,제주특별자치도 서귀포시 예래로 31,33.256496641269,126.4025662545,20220625150034,20220624012904,20220624081438,20220624012904,,,50,,,Y,2,2
4250,어썸,PW010406,02,02,제주특별자치도 서귀포시 예래로 31,33.256496641269,126.4025662545,20220625150034,20220218172224,20220218222253,20220218172224,,,50,,,Y,5,5
4251,에피소드,PW010407,01,02,제주특별자치도 제주시 한경면 고조로 62,33.305778083753,126.1880921929,20220505133022,20210902145711,20210902161837,20210902145711,,,50,,,Y,1,1
4252,에피소드,PW010407,02,02,제주특별자치도 제주시 한경면 고조로 62,33.305778083753,126.1880921929,20220505133022,20210519124758,20210519133702,,,,50,,,Y,1,1
4253,온평리마을회,PW010408,01,02,제주특별자치도 서귀포시 성산읍 온평애향로23번길 6,33.408120991365,126.9001726607,20220622181526,20220622115458,20220622174028,20220622115458,,,50,,,Y,2,2
4254,온평리마을회,PW010408,02,02,제주특별자치도 서귀포시 성산읍 온평애향로23번길 6,33.408120991365,126.9001726607,20220625234521,20220609232958,20220610053031,20220609232958,,,50,,,Y,2,2
4255,시온교회,PW010409,01,02,제주특별자치도 서귀포시 516로 453,33.291251888288,126.5936068631,20220621160021,20220610144133,20220610162640,20220610144133,,,50,,,Y,2,2
4256,시온교회,PW010409,02,02,제주특별자치도 서귀포시 516로 453,33.291251888288,126.5936068631,20220624063014,20220622080208,20220622113124,20220622080208,,,50,,,Y,2,2
4257,꿈의교회,PW010410,01,02,제주특별자치도 서귀포시 효돈로 75,33.262864512812,126.6069048480,20220622161507,20220621162613,20220621175813,20220621162613,,,50,,,Y,2,2
4258,대어,PW010411,01,02,제주특별자치도 제주시 서해안로 620-12,33.516129421873,126.5030792758,20220624034513,20220608205754,20220608230807,20220615184800,,,50,,,Y,5,5
4259,제주브릭스,PW010412,01,02,제주특별자치도 서귀포시 태평로 121,33.244619198826,126.5357771130,20220624104518,20220623223107,20220624020132,20220623223107,,,50,,,Y,2,2
4260,제주브릭스,PW010412,02,02,제주특별자치도 서귀포시 태평로 121,33.244619198826,126.5357771130,20220624114515,20220622123926,20220622154602,20220622123926,,,50,,,Y,2,2
4261,서귀포샘물교회,PW010413,01,02,제주특별자치도 서귀포시 중산간동로 7983,33.264672267218,126.5639062959,20220625194517,20220625163822,20220625175925,20220625163822,,,50,,,Y,2,2
4262,서귀포샘물교회,PW010413,02,02,제주특별자치도 서귀포시 중산간동로 7983,33.264672267218,126.5639062959,20220625214518,20220624210647,20220625022218,20220625213330,,,50,,,Y,3,3
4263,하원마을회,PW010415,01,02,제주특별자치도 서귀포시 하원로 29,33.256728159985,126.4611330073,20220224111542,20220219092221,20220219162256,20220224073505,,,50,,,Y,1,1
4264,하원마을회,PW010415,02,02,제주특별자치도 서귀포시 하원로 29,33.256728159985,126.4611330073,20220625193027,20220623201655,20220623223216,20220625181454,,,50,,,Y,3,3
4265,파란노을제주애월,PW010416,01,02,제주특별자치도 제주시 애월읍 애월로 37,33.462175252626,126.3122700791,20220625204527,20220625193253,20220625203631,20220625193253,,,50,,,Y,2,2
4266,농업회사법인주식회사블랙푸드,PW010417,01,02,제주특별자치도 제주시 조천읍 와선로 254,33.484960649830,126.6995957892,20220625140032,20220625132209,20220625132952,20220625000907,,,50,,,Y,2,2
4267,샤이니,PW010418,01,02,제주특별자치도 제주시 구좌읍 송당4길 7,33.470682451983,126.7842802629,20220625173035,20220625161210,20220625172644,20220625161210,,,50,,,Y,2,2
4268,샤이니,PW010418,02,02,제주특별자치도 제주시 구좌읍 송당4길 7,33.470682451983,126.7842802629,20220624174534,20220409145532,20220409164045,20220409145532,,,50,,,Y,2,2
4269,바다스케치,PW010419,01,02,제주특별자치도 서귀포시 안덕면 사계남로216번길 52,33.234932710894,126.3097500980,20220625163031,20220520162923,20220520170750,20220520162923,,,50,,,Y,5,5
4270,빅타이어조천점,PW010421,01,02,제주특별자치도 제주시 조천읍 일주동로 959,33.535282709036,126.6432838771,20220624074544,20220623195836,20220624045919,20220623195836,,,50,,,Y,2,2
4271,레몬트리,PW010422,01,02,제주특별자치도 제주시 애월읍 가문동길 4,33.483930930741,126.3949928569,20220118190019,20211120160937,20211120162248,20211120160937,,,50,,,Y,1,1
4272,레몬트리,PW010422,02,02,제주특별자치도 제주시 애월읍 가문동길 4,33.483930930741,126.3949928569,20220118190019,20211211183811,20211212015347,20211211183811,,,50,,,Y,1,1
4273,귀덕편의점,PW010423,01,02,제주특별자치도 제주시 한림읍 귀덕4길 1,33.437824098635,126.2802959436,20220625173016,20220625170255,20220625172506,20220625170255,,,50,,,Y,2,2
4274,귀덕편의점,PW010423,02,02,제주특별자치도 제주시 한림읍 귀덕4길 1,33.437824098635,126.2802959436,20220624111515,20210710204747,20210711061826,,,,50,,,Y,2,2
4275,어사촌도야지,PW010424,01,02,제주특별자치도 제주시 애월읍 천덕로 440-6,33.419749966550,126.3387651628,20220624150004,20210712182740,20210713015813,,,,50,,,Y,2,2
4276,중문아리랑,PW010425,01,02,제주특별자치도 서귀포시 1100로 38,33.253946190338,126.4340345167,20220118190016,,,20210705215530,,,50,,,Y,1,1
4277,중문아리랑,PW010425,02,02,제주특별자치도 서귀포시 1100로 38,33.253946190338,126.4340345167,20220118190016,20211201070709,20211201090541,20211201070709,,,50,,,Y,1,1
4278,성산스튜디오,PW010426,01,02,제주특별자치도 서귀포시 성산읍 섭지코지로25번길 64,33.444513120032,126.9190852375,20220625211522,20220625203143,20220625210732,20220625203143,,,50,,,Y,2,2
4279,성산스튜디오,PW010426,02,02,제주특별자치도 서귀포시 성산읍 섭지코지로25번길 64,33.444513120032,126.9190852375,20220624061526,20220623204651,20220623212715,20220623204651,,,50,,,Y,2,2
4280,실버스타,PW010427,01,02,제주특별자치도 서귀포시 대정읍 상모로289번길 16-7,33.222820738953,126.2569084064,20220625213029,20220605205949,20220605225951,20220605205949,,,50,,,Y,2,2
4281,그림리조트,PW010428,01,02,제주특별자치도 제주시 서해안로 620-1,33.516185138737,126.5034836647,20220625183016,20220625144330,20220625180714,20220625144330,,,50,,,Y,5,5
4282,영락리마을회,PW010429,01,02,제주특별자치도 서귀포시 대정읍 영락중동로 11,33.258555338546,126.2109753818,20220625164519,20220529125554,20220529143146,20220529125554,,,50,,,Y,5,5
4283,제주담스파빌,PW010430,01,02,제주특별자치도 제주시 한림읍 한림로 162,33.385673375319,126.2253177874,20220302153047,20211220173509,20211220213535,20211220173509,,,50,,,Y,1,1
4284,비어라운드,PW010431,01,02,제주특별자치도 제주시 구좌읍 하도9길 72,33.511660740390,126.8903283989,20220625040050,20220623071055,20220623152634,20220623071055,,,50,,,Y,1,1
4285,비어라운드,PW010431,02,02,제주특별자치도 제주시 구좌읍 하도9길 72,33.511660740390,126.8903283989,20220625034534,20220623184612,20220623184631,20220623191818,,,50,,,Y,1,1
4286,두바퀴펜션,PW010432,01,02,제주특별자치도 서귀포시 대정읍 도원로 89,33.278983411260,126.1794311100,20220624070037,20220520121048,20220520124510,20220520121048,,,50,,,Y,2,2
4287,두바퀴펜션,PW010432,02,02,제주특별자치도 서귀포시 대정읍 도원로 89,33.278983411260,126.1794311100,20220624060034,20201203133826,20201203133834,,,,50,,,Y,2,2
4288,허브인휴양펜션,PW010433,01,02,제주특별자치도 제주시 한림읍 귀덕6길 92-17,33.435641902110,126.2902457707,20220620230052,20220617173054,20220617175412,20220617214129,,,50,,,Y,5,5
4289,세계술박물관,PW010434,01,02,제주특별자치도 서귀포시 표선면 한마음초등로 431,33.353969547141,126.8175944908,20220625133033,20220625123638,20220625132123,20220625123638,,,50,,,Y,2,2
4290,세계술박물관,PW010434,02,02,제주특별자치도 서귀포시 표선면 한마음초등로 431,33.353969547141,126.8175944908,20220624210045,20220624132302,20220624141259,20220624132302,,,50,,,Y,2,2
4291,거문오름꿈의숲,PW010435,01,02,제주특별자치도 제주시 조천읍 선교로 201-24,33.486301179730,126.7021477132,20220621160032,20211102185008,20211103022045,20211102185008,,,50,,,Y,2,2
4292,거문오름꿈의숲,PW010435,02,02,제주특별자치도 제주시 조천읍 선교로 201-24,33.486301179730,126.7021477132,20220622161522,20220515140538,20220515144340,20220515140538,,,50,,,Y,2,2
4293,씨앤힐스파펜션,PW010436,01,02,제주특별자치도 제주시 애월읍 애월해안로 412,33.472965490802,126.3524585718,20220625183022,20220604181655,20220605003228,20220625182657,,,50,,,Y,3,3
4294,제주티에스유스호스텔,PW010437,01,02,제주특별자치도 서귀포시 남원읍 남조로 861-78,33.343899029791,126.6970302320,20220624104531,20211001154105,20211001161249,20211001154105,,,50,,,Y,2,2
4295,제주티에스유스호스텔,PW010437,02,02,제주특별자치도 서귀포시 남원읍 남조로 861-78,33.343899029791,126.6970302320,20220624111529,20220603194144,20220603225708,20220604184306,,,50,,,Y,5,5
4296,올레요리조트,PW010438,01,02,제주특별자치도 서귀포시 이어도로 720,33.234749401282,126.4926905584,20220623204529,20220603215108,20220604035140,20220603215108,,,50,,,Y,2,2
4297,올레요리조트,PW010438,02,02,제주특별자치도 서귀포시 이어도로 720,33.234749401282,126.4926905584,20220624214531,20220624192255,20220624212129,20220624192255,,,50,,,Y,5,5
4298,애월리에,PW010439,01,02,제주특별자치도 제주시 애월읍 엄수로 8-11,33.473753301047,126.3781302519,20220625234505,20220625185114,20220625191322,20220625185114,,,50,,,Y,1,1
4299,이도교회,PW010440,01,02,제주특별자치도 제주시 구남로 46,33.490590302027,126.5349638911,20220625213049,20220625201814,20220625212311,20220625201814,,,50,,,Y,2,2
4300,연암재,PW010441,01,02,제주특별자치도 서귀포시 안덕면 사계북로 76,33.235077218174,126.2962779260,20220625214549,20220625105247,20220625132309,20220625105247,,,50,,,Y,2,2
4301,중문미로파크,PW010442,01,02,제주특별자치도 서귀포시 일주서로 1225-5,33.263395972733,126.3819347323,20220625234543,20220609134857,20220609140852,20220609134857,,,50,,,Y,2,2
4302,중문미로파크,PW010442,02,02,제주특별자치도 서귀포시 일주서로 1225-5,33.263395972733,126.3819347323,20220624204543,20220621131157,20220621133445,20220621131157,,,50,,,Y,2,2
4303,옛정의골식당,PW010443,01,02,제주특별자치도 서귀포시 표선면 중산간동로 4592,33.389106492912,126.8050492275,20220624230107,20210208141408,20210208151943,,,,50,,,Y,5,5
4304,옛정의골식당,PW010443,02,02,제주특별자치도 서귀포시 표선면 중산간동로 4592,33.389106492912,126.8050492275,20220302152753,20210612204106,20210613053224,,,,50,,,Y,1,1
4305,하례2리마을회,PW010444,01,02,제주특별자치도 서귀포시 남원읍 하례돈야로 83,33.297204671083,126.6088595616,20220624110052,20220503125222,20220503125245,20210908003036,,,50,,,Y,1,1
4306,하례2리마을회,PW010444,02,02,제주특별자치도 서귀포시 남원읍 하례돈야로 83,33.297204671083,126.6088595616,20220624110052,20220621122126,20220621142731,20220621122126,,,50,,,Y,1,1
4307,새서귀포교회,PW010445,01,02,제주특별자치도 서귀포시 신서로48번길 20-8,33.253167277221,126.5068951879,20220623221550,20220623201330,20220623221418,20220623201330,,,50,,,Y,2,2
4308,동일1리 마을회,PW010446,01,02,제주특별자치도 서귀포시 대정읍 동일하모로 88,33.228161109747,126.2412434718,20220623223040,20220623082615,20220623084041,20220623082615,,,50,,,Y,2,2
4309,눈뫼가름협동조합,PW010447,01,02,제주특별자치도 제주시 조천읍 와산남길 20-1,33.484977606950,126.6776372731,20220625230035,20220622023814,20220622060840,20220625225619,,,50,,,Y,3,3
4310,눈뫼가름협동조합,PW010447,02,02,제주특별자치도 제주시 조천읍 와산남길 20-1,33.484977606950,126.6776372731,20220625221533,20220625085828,20220625105841,20220625220851,,,50,,,Y,3,3
4311,청우가든,PW010448,01,02,제주특별자치도 제주시 조천읍 일주동로 792,33.530745110931,126.6259056699,20220625083026,20220625000509,20220625053540,20220625000509,,,50,,,Y,2,2
4312,청우가든,PW010448,02,02,제주특별자치도 제주시 조천읍 일주동로 792,33.530745110931,126.6259056699,20220625233029,20220611175343,20220611185439,20220611175343,,,50,,,Y,5,5
4313,블랙랜드레이스,PW010449,01,02,제주특별자치도 서귀포시 표선면 일주동로 6343,33.306255157524,126.7943242151,20220324143045,20220222185654,20220222220124,20220222185654,,,50,,,Y,1,1
4314,블랙랜드레이스,PW010449,02,02,제주특별자치도 서귀포시 표선면 일주동로 6343,33.306255157524,126.7943242151,20220324143045,20220228183531,20220228210553,20220228183531,,,50,,,Y,1,1
4315,부웅크리스탈빌3차,PW010663,01,02,제주특별자치도 제주시 원남6길 69,33.483686410180,126.5307959785,20220625211540,20220625181825,20220625205128,20220625181825,,,50,,,Y,5,5
4316,부웅크리스탈빌3차,PW010663,02,02,제주특별자치도 제주시 원남6길 69,33.483686410180,126.5307959785,20220625201540,20220625020617,20220625080649,20220625020617,,,50,,,Y,2,2
4317,(주)다경주택건설,PW010664,01,02,제주특별자치도 서귀포시 성산읍 일주동로 4402,33.435731850505,126.9092946110,20220622161534,20220116111319,20220116111429,20211224080125,,,50,,,Y,2,2
4318,민오름태흥누리안빌,PW010665,01,02,제주특별자치도 제주시 연북로 254-9,33.480049583178,126.5098828073,20220625211535,20220625184655,20220625210608,20220625184655,,,50,,,Y,2,2
4319,민오름태흥누리안빌,PW010665,02,02,제주특별자치도 제주시 연북로 254-9,33.480049583178,126.5098828073,20220625130034,20220624001310,20220624045839,20220624001310,,,50,,,Y,2,2
4320,제주목화,PW010666,01,02,제주특별자치도 서귀포시 남원읍 태위로 485,33.275567511637,126.6989237893,20220622161548,20220519155704,20220519175724,20220519155704,,,50,,,Y,2,2
4321,제주목화,PW010666,02,02,제주특별자치도 서귀포시 남원읍 태위로 485,33.275567511637,126.6989237893,20220622141555,20220606111717,20220606123307,20220606111717,,,50,,,Y,2,2
4322,늘예솔,PW010667,01,02,제주특별자치도 서귀포시 성산읍 일주동로 5335,33.362769437528,126.8657038440,20220625134542,20220625124455,20220625133300,20220625124455,,,50,,,Y,2,2
4323,늘예솔,PW010667,02,02,제주특별자치도 서귀포시 성산읍 일주동로 5335,33.362769437528,126.8657038440,20220624180117,20220624163152,20220624174952,20220624163152,,,50,,,Y,2,2
4324,용담평화베스트빌1차,PW010668,01,02,제주특별자치도 제주시 용남길 2,33.508313494071,126.5155869571,20220621123043,20220615095808,20220615114328,20220621083710,,,50,,,Y,5,5
4325,이호리조트,PW010669,01,02,제주특별자치도 제주시 도리로 106-16,33.499356447242,126.4633536519,20220625180053,20220522142928,20220522175953,20220625175616,,,50,,,Y,3,3
4326,이호리조트,PW010669,02,02,제주특별자치도 제주시 도리로 106-16,33.499356447242,126.4633536519,20220622133103,20220604175415,20220604210940,20220604175415,,,50,,,Y,2,2
4327,황토기와집,PW010670,01,02,제주특별자치도 서귀포시 일주서로 1102,33.263937469561,126.3952433447,20220621183032,20220621085056,20220621182103,20220621085056,,,50,,,Y,2,2
4328,램하우스,PW010671,01,02,제주특별자치도 제주시 조천읍 교래1길 45,33.436921135464,126.6731393394,20220118190006,,,,,,50,,,Y,1,1
4329,램하우스,PW010671,02,02,제주특별자치도 제주시 조천읍 교래1길 45,33.436921135464,126.6731393394,20220622161504,20220511200118,20220512021652,20220511200118,,,50,,,Y,2,2
4330,몽땅,PW010673,01,02,제주특별자치도 제주시 한경면 연명로 385,33.305843822356,126.2580131817,20220625121509,20220625085434,20220625120724,20220625085434,,,50,,,Y,2,2
4331,월드컵흑돼지,PW010674,01,02,제주특별자치도 서귀포시 월드컵로 74,33.243040424090,126.5051365566,20220625110018,20220528165211,20220528180651,20220610133347,,,50,,,Y,5,5
4332,월드컵흑돼지,PW010674,02,02,제주특별자치도 서귀포시 월드컵로 74,33.243040424090,126.5051365566,20220624031518,20220518131245,20220518135015,20220518131245,,,50,,,Y,2,2
4333,금단영,PW010675,01,02,제주특별자치도 제주시 한경면 일주서로 4466,33.361922027024,126.1936222969,20220624094546,20220622154925,20220622171708,20220622154925,,,50,,,Y,2,2
4334,김녕성당,PW010676,01,02,제주특별자치도 제주시 구좌읍 김녕로8길 5-2,33.553605279854,126.7484271472,20220624163049,20220624132551,20220624160304,20220624132551,,,50,,,Y,5,5
4335,김녕성당,PW010676,02,02,제주특별자치도 제주시 구좌읍 김녕로8길 5-2,33.553605279854,126.7484271472,20220625183046,20220610144705,20220611004748,20220610144705,,,50,,,Y,2,2
4336,남원자동차공업사,PW010677,01,02,제주특별자치도 서귀포시 남원읍 태위로723번길 30-24,33.283783409668,126.7238780398,20220624174544,20220624125646,20220624142705,20220624125646,,,50,,,Y,2,2
4337,남원자동차공업사,PW010677,02,02,제주특별자치도 서귀포시 남원읍 태위로723번길 30-24,33.283783409668,126.7238780398,20220626000056,20220620082102,20220620104721,20220620082102,,,50,,,Y,1,1
4338,노형맨션아파트,PW010678,01,02,제주특별자치도 제주시 정존3길 12,33.483001239804,126.4733574512,20220302152954,,,,,,50,,,Y,1,1
4339,다온빌,PW010679,01,02,제주특별자치도 제주시 도평길 53,33.478261202736,126.4498201120,20220215135009,20200216124646,20200216125130,,,,50,,,Y,1,1
4340,덕우자동차공업사,PW010680,01,02,제주특별자치도 제주시 애월읍 일주서로 6372-7,33.461460728544,126.3353249441,20220625000031,20220624233655,20220624234500,20220624090454,,,50,,,Y,5,5
4341,목마,PW010681,01,02,제주특별자치도 제주시 곤을길 23,33.523083507299,126.5595868846,20220215134940,20210607174953,20210607185407,,,,50,,,Y,1,1
4342,사랑샘교회,PW010682,01,02,제주특별자치도 제주시 조천읍 조천우회로 203,33.527738407844,126.6310513678,20220624123019,20220219153520,20220219153848,,,,50,,,Y,2,2
4343,뜨레모아5차아파트,PW010683,01,02,제주특별자치도 제주시 1100로 3213-15,33.474903785235,126.4816387503,20220620211524,20220619124239,20220619165525,20220620193437,,,50,,,Y,1,1
4344,뜨레모아5차아파트,PW010683,02,02,제주특별자치도 제주시 1100로 3213-15,33.474903785235,126.4816387503,20220625211520,20220625114543,20220625132148,20220625210007,,,50,,,Y,3,3
4345,선돌선덕사,PW010684,01,02,제주특별자치도 서귀포시 516로771번길 64,33.320165151180,126.5936058975,20220620143035,20220526180622,20220526183210,20220526180622,,,50,,,Y,5,5
4346,선돌선덕사,PW010684,02,02,제주특별자치도 서귀포시 516로771번길 64,33.320165151180,126.5936058975,20220622161511,20220508125811,20220508132955,20220508125811,,,50,,,Y,2,2
4347,그린스페이스휴,PW010685,01,02,제주특별자치도 제주시 연삼로 612-1,33.504690257284,126.5533261218,20220626000014,20220625232323,20220625235317,20220625232323,,,50,,,Y,2,2
4348,그린스페이스휴,PW010685,02,02,제주특별자치도 제주시 연삼로 612-1,33.504690257284,126.5533261218,20220625141512,20220625091210,20220625140950,20220625091210,,,50,,,Y,2,2
4349,그린스페이스휴,PW010685,03,02,제주특별자치도 제주시 연삼로 612-1,33.504690257284,126.5533261218,20220625040023,20220619064939,20220619140250,20220624222424,,,50,,,Y,1,1
4350,놀놀,PW010686,01,02,제주특별자치도 제주시 구좌읍 비자림로 2228,33.494572559359,126.8068663856,20220624020007,20220619105835,20220619111349,20220619105835,,,50,,,Y,2,2
4351,별빛하늘,PW010687,01,02,제주특별자치도 서귀포시 남원읍 중산간동로 6264,33.322671436810,126.7015972140,20220622133012,20220614120337,20220614130736,20220614120337,,,50,,,Y,2,2
4352,별빛하늘,PW010687,02,02,제주특별자치도 서귀포시 남원읍 중산간동로 6264,33.322671436810,126.7015972140,20220118190017,20210712131913,20210712132322,,,,50,,,Y,1,1
4353,남건휴먼스파스텔빌리지,PW010688,01,02,제주특별자치도 제주시 애월읍 하광로 246,33.466206764731,126.4193456501,20220625171545,20220623171326,20220624001401,20220625171357,,,50,,,Y,3,3
4354,뉴스보이버거펍제주,PW010689,01,02,제주특별자치도 제주시 구좌읍 월정1길 27,33.554369071354,126.7906411865,20220625191547,20220521155929,20220521172147,20220521155929,,,50,,,Y,2,2
4355,김경희부동산,PW010690,01,02,제주특별자치도 제주시 서광로 78-9,33.499520033474,126.5052576117,20220622161539,20220616004922,20220616014004,20220616004922,,,50,,,Y,2,2
4356,김경희부동산,PW010690,02,02,제주특별자치도 제주시 서광로 78-9,33.499520033474,126.5052576117,20220624210044,20220308235400,20220309032027,20220308235400,,,50,,,Y,2,2
4357,선지왓숯불갈비,PW010691,01,02,제주특별자치도 서귀포시 토평남로48번길 15,33.262704952640,126.5920777411,20220302152039,20210911161606,20210911172458,20210911161606,,,50,,,Y,1,1
4358,선지왓숯불갈비,PW010691,02,02,제주특별자치도 서귀포시 토평남로48번길 15,33.262704952640,126.5920777411,20220625051536,20220618095420,20220618103747,20220618095420,,,50,,,Y,2,2
4359,스테이상상,PW010692,03,02,제주특별자치도 제주시 구좌읍 월정7길 55,33.55494,126.7956062,20220625191533,20220625180146,20220625190202,20220625180146,,동시,50,,,Y,2,2
4360,스테이상상,PW010692,04,02,제주특별자치도 제주시 구좌읍 월정7길 55,33.55494,126.7956062,20220625201533,20220625172908,20220625200927,20220625172908,,동시,50,,,Y,2,2
4361,센트레빌,PW010859,01,02,제주특별자치도 제주시 일주동로 441,33.522012269835,126.5921951059,20220622141555,20220302095222,20220302104206,20220302095222,,,50,,,Y,2,2
4362,센트레빌,PW010859,02,02,제주특별자치도 제주시 일주동로 441,33.522012269835,126.5921951059,20220621160118,,,,,,50,,,Y,2,2
4363,유일헤리지움,PW010860,01,02,제주특별자치도 서귀포시 법환상로 20,33.241512807184,126.5146817321,20220623080020,20220622154045,20220622221119,20220622154045,,,50,,,Y,2,2
4364,유일헤리지움,PW010860,02,02,제주특별자치도 서귀포시 법환상로 20,33.241512807184,126.5146817321,20220622154517,20220617121525,20220617131258,20220617121525,,,50,,,Y,2,2
4365,다담빌리지,PW010861,01,02,제주특별자치도 제주시 조천읍 신조로 27,33.517871775197,126.6228051531,20220625091510,20220625013725,20220625090235,20220625013725,,,50,,,Y,2,2
4366,다담빌리지,PW010861,02,02,제주특별자치도 제주시 조천읍 신조로 27,33.517871775197,126.6228051531,20220625223016,20220622230905,20220623012427,20220625222632,,,50,,,Y,3,3
4367,해피니스빌,PW010862,01,02,제주특별자치도 서귀포시 서호호근로 143,33.260080833804,126.5235166822,20220625220022,20220622123000,20220622150020,20220625215812,,,50,,,Y,3,3
4368,해피니스빌,PW010862,02,02,제주특별자치도 서귀포시 서호호근로 143,33.260080833804,126.5235166822,20220625113025,20220624233537,20220625025102,20220624233537,,,50,,,Y,2,2
4369,귀일중학교,PW010864,01,02,제주특별자치도 제주시 애월읍 항몽로 44,33.479160668401,126.4056213251,20220624161530,20220624081207,20220624094225,20220624081207,,,50,,,Y,2,2
4370,귀일중학교,PW010864,02,02,제주특별자치도 제주시 애월읍 항몽로 44,33.479160668401,126.4056213251,20220624131536,20220623082231,20220623122257,20220623082231,,,50,,,Y,2,2
4371,함덕초등학교,PW010865,01,02,제주특별자치도 제주시 조천읍 일주동로 1231,33.538682636484,126.6716500546,20220625220025,20220621213054,20220622020121,20220625210233,,,50,,,Y,5,5
4372,함덕초등학교,PW010865,02,02,제주특별자치도 제주시 조천읍 일주동로 1231,33.538682636484,126.6716500546,20220624094528,20220622215356,20220623002417,20220622215356,,,50,,,Y,2,2
4373,자유도시빌,PW010866,01,02,제주특별자치도 서귀포시 색달로64번길 71,33.261579707033,126.4142596847,20220622141540,20220115104617,20220115120506,20220115104617,,,50,,,Y,2,2
4374,통나무파크,PW010867,01,02,제주특별자치도 제주시 애월읍 도치돌길 293,33.409955602101,126.3658096432,20220625203037,20220625180653,20220625202213,20220625180653,,,50,,,Y,2,2
4375,생돈우리,PW010868,01,02,제주특별자치도 제주시 우평로 38,33.479864501703,126.4617911653,20220625183033,20220624192325,20220625042407,20220625182052,,,50,,,Y,3,3
4376,생돈우리,PW010868,02,02,제주특별자치도 제주시 우평로 38,33.479864501703,126.4617911653,20220625213033,20220625181401,20220625211950,20220625181401,,,50,,,Y,2,2
4377,휴팰리스2,PW010869,01,02,제주특별자치도 제주시 도남로 167,33.487015816280,126.5328955745,20220626000048,20220623233326,20220624053358,20220623233326,,,50,,,Y,2,2
4378,나무향기민박,PW010870,01,02,제주특별자치도 제주시 도리로 62,33.498774909014,126.4589967566,20220517193037,20220517172645,20220517192521,20220517172645,,,50,,,Y,5,5
4379,아름아이빌8차,PW010871,01,02,제주특별자치도 제주시 매촌2길 71,33.509867035580,126.5914125910,20220625171527,20220624220302,20220625034834,20220624220302,,,50,,,Y,2,2
4380,아름아이빌8차,PW010871,02,02,제주특별자치도 제주시 매촌2길 71,33.509867035580,126.5914125910,20220622161530,20220614195758,20220615022833,20220614195758,,,50,,,Y,2,2
4381,서호요양원,PW010872,01,02,제주특별자치도 서귀포시 서호호근로238번길 10,33.267939701415,126.5207778910,20220625201524,20220420124038,20220420145558,20220420124038,,,50,,,Y,2,2
4382,효돈중학교,PW010873,01,02,제주특별자치도 서귀포시 효돈로 207,33.265359690814,126.6206658546,20220624034525,20220621151515,20220621161533,20220621151515,,,50,,,Y,2,2
4383,(주)신한은행 제주중앙금융센터(늘푸른펠리스),PW010874,01,02,제주특별자치도 제주시 한경면 고산로6길 2,33.306051132352,126.1791519084,20220625204516,20220528192242,20220528192417,20220522172334,,,50,,,Y,5,5
4384,플라이진,PW010875,01,02,제주특별자치도 제주시 구좌읍 김녕항1길 22,33.557140144351,126.7452035230,20220625191514,20210912144236,20210912150511,20210912144236,,,50,,,Y,5,5
4385,플라이진,PW010875,02,02,제주특별자치도 제주시 구좌읍 김녕항1길 22,33.557140144351,126.7452035230,20220625191514,20211205200813,20211206050855,20211205200813,,,50,,,Y,5,5
4386,서귀포고등학교,PW010876,01,02,제주특별자치도 서귀포시 중앙로 140,33.257016437987,126.5631072675,20220624114511,20220609210858,20220610052436,20220609210858,,,50,,,Y,2,2
4387,서귀포고등학교,PW010876,02,02,제주특별자치도 서귀포시 중앙로 140,33.257016437987,126.5631072675,20220624111511,20220605144128,20220605164502,20220605144128,,,50,,,Y,2,2
4388,위미중학교,PW010877,01,02,제주특별자치도 서귀포시 남원읍 위미상원북로 34,33.280260250658,126.6639903635,20220624031508,20220419080947,20220419081011,,,,50,,,Y,2,2
4389,위미중학교,PW010877,02,02,제주특별자치도 서귀포시 남원읍 위미상원북로 34,33.280260250658,126.6639903635,20220622174506,20220622075451,20220622173310,20220622075451,,,50,,,Y,2,2
4390,더파스텔팬션,PW010878,01,02,제주특별자치도 서귀포시 안덕면 화순로 125,33.2460627,126.3329598,20220622161509,20220621161822,20220621173128,20220621161822,,,50,,,Y,2,2
4391,카페가드니아,PW010879,01,02,제주특별자치도 서귀포시 표선면 표선동서로 151,33.318064504662,126.8286619766,20220625003007,20220413123746,20220413132511,20220413123746,,,50,,,Y,5,5
4392,산들휴게소,PW010880,01,02,제주특별자치도 제주시 한림읍 중산간서로 4080,33.357647277435,126.2734617400,20220615154533,20220525175413,20220525222440,20220525175413,,,50,,,Y,1,1
4393,머문공간,PW010881,01,02,제주특별자치도 서귀포시 성산읍 온평포구로54번길 61,33.396987186396,126.8993985707,20220622161535,20220622100829,20220622110135,20220622100829,,,50,,,Y,2,2
4394,태홍누리안2차,PW010882,01,02,제주특별자치도 제주시 동광로9길 6,33.503214516569,126.5335533038,20220526160105,,,,,,50,,,Y,1,1
4395,태홍누리안2차,PW010882,02,02,제주특별자치도 제주시 동광로9길 6,33.503214516569,126.5335533038,20220526160105,,,,,,50,,,Y,1,1
4396,오션파크,PW010883,01,02,제주특별자치도 제주시 도두항서길 53,33.505247683865,126.4638295714,20220622194537,20220521194534,20220521214243,20220521194534,,,50,,,Y,2,2
4397,신한일,PW010884,01,02,제주특별자치도 제주시 선반로 19,33.515079648002,126.5602258888,20220622161523,20220525110720,20220525130739,20220525110720,,,50,,,Y,2,2
4398,신한일,PW010884,02,02,제주특별자치도 제주시 선반로 19,33.515079648002,126.5602258888,20220523094523,20211115133757,20211115135312,20211115133757,,,50,,,Y,5,5
4399,런호텔,PW010885,01,02,제주특별자치도 서귀포시 태평로431번길 20,33.247134383810,126.5661437936,20220625063020,20220507200235,20220508021808,20220507200235,,,50,,,Y,2,2
4400,런호텔,PW010885,02,02,제주특별자치도 서귀포시 태평로431번길 20,33.247134383810,126.5661437936,20220622161519,20220514191057,20220515005629,20220514191057,,,50,,,Y,2,2
4401,남양테크빌,PW010886,01,02,제주특별자치도 제주시 월두2길 35,33.483802975849,126.5475974015,20220625073031,20220624233545,20220625032111,20220624233545,,,50,,,Y,2,2
4402,남양테크빌,PW010886,02,02,제주특별자치도 제주시 월두2길 35,33.483802975849,126.5475974015,20220625223033,20220624224218,20220625035747,20220625222619,,,50,,,Y,3,3
4403,우성자동차공업사,PW010887,01,02,제주특별자치도 서귀포시 토평공단로 145,33.293954786932,126.5810630705,20220622161527,20220303081949,20220303094817,20220303081949,,,50,,,Y,2,2
4404,올레민박,PW010888,01,02,제주특별자치도 서귀포시 성산읍 온평포구로 63,33.40260848479,126.90241918661,20220619104508,20220308184408,20220308235939,20220619093840,,,50,,,Y,5,5
4405,올레민박,PW010888,02,02,제주특별자치도 서귀포시 성산읍 온평포구로 63,33.40260848479,126.90241918661,20220619093007,20220222192641,20220223025719,20220222192641,,,50,,,Y,5,5
4406,산방자동차공업사,PW010889,01,02,제주특별자치도 서귀포시 안덕면 서광남로 50,33.278439338191,126.3036372505,20220624193003,20211108130019,20211108183051,20211108130019,,,50,,,Y,2,2
4407,산방자동차공업사,PW010889,02,02,제주특별자치도 서귀포시 안덕면 서광남로 50,33.278439338191,126.3036372505,20220624184503,20211220175225,20211220175522,,,,50,,,Y,2,2
4408,마린뷰빌리지,PW010890,01,02,제주특별자치도 제주시 한경면 용수3길 45,33.324695247248,126.1649555143,20220624060014,20220614134728,20220614185659,20220619084129,,,50,,,Y,5,5
4409,이디오라게,PW010891,01,02,제주특별자치도 서귀포시 예래로 411,33.236187814148,126.3738263067,20220625150009,20220617220748,20220617220806,20220519195750,,,50,,,Y,2,2
4410,이디오라게,PW010891,02,02,제주특별자치도 서귀포시 예래로 411,33.236187814148,126.3738263067,20220625150009,20220617170446,20220617181126,20220617170446,,,50,,,Y,2,2
4411,물고기나무,PW010892,01,02,제주특별자치도 서귀포시 성산읍 중산간동로 4204-14,33.378947571086,126.8408111119,20220625053005,20220621202714,20220622054256,20220621202714,,,50,,,Y,1,1
4412,물고기나무,PW010892,02,02,제주특별자치도 서귀포시 성산읍 중산간동로 4204-14,33.378947571086,126.8408111119,20220622133006,20220621202812,20220622034349,20220621202812,,,50,,,Y,2,2
4413,대주개발,PW010893,01,02,제주특별자치도 제주시 구좌읍 중산간동로 1909,33.481558824495,126.7512436671,20220625204526,20220623191118,20220623224143,20220625203849,,,50,,,Y,3,3
4414,대주개발,PW010893,02,02,제주특별자치도 제주시 구좌읍 중산간동로 1909,33.481558824495,126.7512436671,20220625204526,20220625191529,20220625203443,20220625191529,,,50,,,Y,2,2
4415,(주)유림종합건설/노형휴다온,PW010894,01,02,제주특별자치도 제주시 월산남길 59,33.469359156507,126.4676394394,20220625173025,20220623152343,20220624003926,20220625171505,,,50,,,Y,3,3
4416,오조로식당,PW010895,01,02,제주특별자치도 서귀포시 성산읍 오조로 131,33.465267696316,126.9130203267,20220621160032,20210710135648,20210710190502,,,,50,,,Y,2,2
4417,오조로식당,PW010895,02,02,제주특별자치도 서귀포시 성산읍 오조로 131,33.465267696316,126.9130203267,20220624174522,20220603193508,20220604005038,20220603193508,,,50,,,Y,2,2
4418,스카이리더스호텔,PW010896,01,02,제주특별자치도 제주시 신광로 106,33.482596646138,126.4895720502,20220118190028,20210725220922,20210726055459,,,,50,,,Y,1,1
4419,스카이리더스호텔,PW010896,02,02,제주특별자치도 제주시 신광로 106,33.482596646138,126.4895720502,20220118190028,20210413191130,20210414022700,,,,50,,,Y,1,1
4420,김기량성당,PW010897,01,02,제주특별자치도 제주시 구남동2길 55,33.487506890078,126.5330564897,20220625144532,20220624234251,20220625054323,20220624234251,,,50,,,Y,2,2
4421,김기량성당,PW010897,02,02,제주특별자치도 제주시 구남동2길 55,33.487506890078,126.5330564897,20220625203040,20220625111501,20220625133021,20220625203015,,,50,,,Y,3,3
4422,제주미도민박,PW010898,01,02,제주특별자치도 서귀포시 표선면 중산간동로5570번길 53-18,33.324382730191,126.7607686007,20220420094555,20210907191817,20210907233344,20210907191817,,,50,,,Y,5,5
4423,세화마구간,PW010899,01,02,제주특별자치도 제주시 구좌읍 면수길 49,33.524885936902,126.8652600459,20220624104537,20220619012834,20220619044358,20220619012834,,,50,,,Y,2,2
4424,세화마구간,PW010899,02,02,제주특별자치도 제주시 구좌읍 면수길 49,33.524885936902,126.8652600459,20220624161533,20220427190950,20220427200448,20220427190950,,,50,,,Y,2,2
4425,난드르바당,PW010900,01,02,제주특별자치도 서귀포시 하예하동로16번길 11-1,33.234630026389,126.3710093066,20220302152734,20210910175552,20210910184322,20211001131232,,,50,,,Y,1,1
4426,난드르바당,PW010900,02,02,제주특별자치도 서귀포시 하예하동로16번길 11-1,33.234630026389,126.3710093066,20220625150050,20220620120328,20220620132705,20220620120328,,,50,,,Y,2,2
4427,성이시돌피정의집,PW010901,01,02,제주특별자치도 제주시 한림읍 산록남로 53,33.345980297617,126.3218691212,20220625174544,20220625105531,20220625173956,20220625105531,,,50,,,Y,2,2
4428,성이시돌피정의집,PW010901,02,02,제주특별자치도 제주시 한림읍 산록남로 53,33.345980297617,126.3218691212,20220626000057,20220624123858,20220624165000,20220624123858,,,50,,,Y,2,2
4429,제주아비앙또,PW010902,01,02,제주특별자치도 서귀포시 성산읍 병문로 130,33.457915366908,126.9002447114,20220623151553,20220623132216,20220623151348,20220623132216,,,50,,,Y,2,2
4430,상호네숯불구이,PW010903,01,02,제주특별자치도 제주시 남광로 146,33.499058279122,126.5496660395,20220625020049,20220529171129,20220529201609,20220618124558,,,50,,,Y,5,5
4431,홍익샤모니리조트,PW010904,01,02,제주특별자치도 서귀포시 중산간서로 68,33.263414184580,126.5043820475,20220625184535,20220621205811,20220622003058,20220621205811,,,50,,,Y,2,2
4432,김녕드림타운,PW010905,01,02,제주특별자치도 제주시 구좌읍 김녕로1길 25-1,33.556037751576,126.7475284598,20220625114528,20220625065600,20220625092621,20220625065600,,,50,,,Y,2,2
4433,한집시티빌,PW010907,01,02,제주특별자치도 제주시 통물길 125,33.482401577711,126.4386215070,20220625084518,20220624224614,20220625021639,20220624224614,,,50,,,Y,2,2
4434,이호엘리시아,PW010908,01,02,제주특별자치도 제주시 대동길 10,33.493830182504,126.4630477089,20220624134520,20220623211420,20220624041455,20220623211420,,,50,,,Y,2,2
4435,이호엘리시아,PW010908,02,02,제주특별자치도 제주시 대동길 10,33.493830182504,126.4630477089,20220625194518,20220622081819,20220622123345,20220624203308,,,50,,,Y,5,5
4436,이디하우스,PW010909,01,02,제주특별자치도 제주시 구좌읍 해녀박물관길 33-2,33.523962641213,126.8619330615,20220625091528,20220621214920,20220621220303,20220621214920,,,50,,,Y,5,5
4437,신동부삼무하이빌,PW010910,01,02,제주특별자치도 제주시 삼무로 19,33.490173999220,126.4887872922,20220624014505,20220621215904,20220622051441,20220621215904,,,50,,,Y,2,2
4438,아리하임2,PW010911,01,02,제주특별자치도 제주시 기자동길 11-9,33.485651389935,126.5451733053,20220623061506,20220622195550,20220623012621,20220622195550,,,50,,,Y,2,2
4439,아리하임2,PW010911,02,02,제주특별자치도 제주시 기자동길 11-9,33.485651389935,126.5451733053,20220625061507,20220624211143,20220625041218,20220624211143,,,50,,,Y,2,2
4440,파크하임3차,PW010912,01,02,제주특별자치도 서귀포시 홍중로27번길 4,33.255175433880,126.5575318032,20220624083057,20220623191140,20220624005712,20220623191140,,,50,,,Y,2,2
4441,파크하임3차,PW010912,02,02,제주특별자치도 서귀포시 홍중로27번길 4,33.255175433880,126.5575318032,20220625200054,20220625180036,20220625194828,20220625180036,,,50,,,Y,2,2
4442,지아니비민박,PW010913,01,02,제주특별자치도 제주시 애월읍 애월해안로 274-1,33.468791540505,126.3405616816,20220624084551,20220623200246,20220624020318,20220623200246,,,50,,,Y,2,2
4443,엔파제주호텔,PW010914,01,02,제주특별자치도 서귀포시 성산읍 서성일로 726-11,33.429762938676,126.8620866946,20220622161544,20220522192010,20220522215222,20220522192010,,,50,,,Y,2,2
4444,엔파제주호텔,PW010914,02,02,제주특별자치도 서귀포시 성산읍 서성일로 726-11,33.429762938676,126.8620866946,20220623053045,20220415180637,20220415225714,20220416075218,,,50,,,Y,2,2
4445,아마스빌호스텔,PW010915,01,02,제주특별자치도 제주시 애월읍 신엄안3길 101,33.472394524063,126.3570844419,20220622141550,20220616222630,20220617003713,20220616222630,,,50,,,Y,2,2
4446,아마스빌호스텔,PW010915,02,02,제주특별자치도 제주시 애월읍 신엄안3길 101,33.472394524063,126.3570844419,20220621160110,20201127114446,20201127114512,,,,50,,,Y,2,2
4447,아름다운교회,PW010916,01,02,제주특별자치도 제주시 중앙로 457,33.482524512434,126.5441524461,20220624064535,20220623193231,20220624033309,20220623193231,,,50,,,Y,2,2
4448,아름다운교회,PW010916,02,02,제주특별자치도 제주시 중앙로 457,33.482524512434,126.5441524461,20220624064535,20220624045337,20220624055353,20220624045337,,,50,,,Y,2,2
4449,동남한올레아파트,PW010917,01,02,제주특별자치도 서귀포시 중앙로 225,33.264579768297,126.5581369297,20220624174537,20220517232453,20220518034019,,,,50,,,Y,2,2
4450,동남한올레아파트,PW010917,02,02,제주특별자치도 서귀포시 중앙로 225,33.264579768297,126.5581369297,20220625050044,20220624221407,20220625031436,20220624221407,,,50,,,Y,2,2
4451,대자연가든,PW010918,01,02,제주특별자치도 제주시 조천읍 신북로 618,33.540059293099,126.6753829934,20220625181531,20220623222333,20220622072810,20220623222333,,,50,,,Y,2,2
4452,대자연가든,PW010918,02,02,제주특별자치도 제주시 조천읍 신북로 618,33.540059293099,126.6753829934,20220326011542,20220131144953,20220131172014,20220131144953,,,50,,,Y,1,1
4453,해운사,PW010919,01,02,제주특별자치도 제주시 한림읍 한림해안로 552-1,33.438182671471,126.2762237922,20220625050037,20220505130049,20220505131003,20220421122552,,,50,,,Y,5,5
4454,제주도그릴,PW010920,01,02,제주특별자치도 서귀포시 태평로 110,33.243477584314,126.5342895360,20220313124519,20220310124800,20220310171437,20220310124800,,,50,,,Y,1,1
4455,제주도그릴,PW010920,02,02,제주특별자치도 서귀포시 태평로 110,33.243477584314,126.5342895360,20220623171520,20220623085205,20220623143736,20220623085205,,,50,,,Y,2,2
4456,웨스티하우스,PW010921,01,02,제주특별자치도 서귀포시 안덕면 일주서로1488번길 9,33.261023766271,126.3558125966,20220622161521,20220622093453,20220622112012,20220622093453,,,50,,,Y,2,2
4457,웨스티하우스,PW010921,02,02,제주특별자치도 서귀포시 안덕면 일주서로1488번길 9,33.261023766271,126.3558125966,20220624130038,20220607155807,20220607164341,20220607155807,,,50,,,Y,2,2
4458,블랙업커피,PW010922,01,02,제주특별자치도 서귀포시 성산읍 한도로 82,33.468245738190,126.9170063147,20220610104526,20220408083118,20220408092329,20220408083118,,,50,,,Y,5,5
4459,상원가든,PW010923,01,02,제주특별자치도 서귀포시 대정읍 송악관광로 132,33.221727239450,126.2652847854,20220625184527,20220625173151,20220625183030,20220625173151,,,50,,,Y,2,2
4460,상원가든,PW010923,02,02,제주특별자치도 서귀포시 대정읍 송악관광로 132,33.221727239450,126.2652847854,20220625130024,20220623210711,20220624000305,20220623210711,,,50,,,Y,2,2
4461,멜케로그빌(철거),PW010924,01,02,제주특별자치도 서귀포시 대정읍 하모백사로14번길 1,33.2125626,126.2603158,20220215134958,20211007105511,20211007105522,,,,50,,,Y,1,1
4462,꽃돼지,PW010925,01,02,제주특별자치도 서귀포시 이어도로 227,33.242413514063,126.4438257299,20220620121530,20220511194558,20220512043139,20220612202840,,,50,,,Y,5,5
4463,꽃돼지,PW010925,02,02,제주특별자치도 서귀포시 이어도로 227,33.242413514063,126.4438257299,20220625214531,20220625211015,20220625212530,20220625211015,,,50,,,Y,2,2
4464,광진주택,PW010926,01,02,제주특별자치도 서귀포시 서호호근로 168-1,33.262375971304,126.5238819971,20220625230035,20220625181322,20220625221348,20220625181322,,,50,,,Y,2,2
4465,광진주택,PW010926,02,02,제주특별자치도 서귀포시 서호호근로 168-1,33.262375971304,126.5238819971,20220625223039,20220624210824,20220625030856,20220625221611,,,50,,,Y,3,3
4466,고평갯드르식당,PW010927,01,02,제주특별자치도 제주시 조천읍 남조로 2368,33.475539003166,126.6559356471,20220625074538,20220624222849,20220625051424,20220624222849,,,50,,,Y,2,2
4467,고평갯드르식당,PW010927,02,02,제주특별자치도 제주시 조천읍 남조로 2368,33.475539003166,126.6559356471,20220302152123,20210914230442,20210915055017,20210914230442,,,50,,,Y,1,1
4468,비지에이치코리아제주시지점,PW010928,01,02,제주특별자치도 제주시 도령로 27,33.487826311999,126.4818544472,20220625234539,20220617120706,20220617132659,20220617120706,,,50,,,Y,1,1
4469,비지에이치코리아제주시지점,PW010928,02,02,제주특별자치도 제주시 도령로 27,33.487826311999,126.4818544472,20220624221545,20220622160133,20220622171304,20220622160133,,,50,,,Y,2,2
4470,비지에이치코리아제주시지점,PW010928,03,02,제주특별자치도 제주시 도령로 27,33.487826311999,126.4818544472,20220625201541,20220624215453,20220625032523,20220625200451,,,50,,,Y,3,3
4471,(주)쎄미시스코,PW010929,01,02,제주특별자치도 제주시 연북로 746,33.496806330047,126.5552218318,20220624114542,20220624092850,20220624113018,20220624092850,,,50,,,Y,2,2
4472,(주)쎄미시스코,PW010929,02,02,제주특별자치도 제주시 연북로 746,33.496806330047,126.5552218318,20220625223048,20220625163940,20220625173340,20220625222700,,,50,,,Y,3,3
4473,화북성당,PW010930,01,02,제주특별자치도 제주시 청풍남8길 14,33.517716075749,126.5705543331,20220625203012,20220621201028,20220621213115,20220625202847,,,50,,,Y,3,3
4474,화북성당,PW010930,02,02,제주특별자치도 제주시 청풍남8길 14,33.517716075749,126.5705543331,20220625203012,20220625191416,20220625195932,20220625191416,,,50,,,Y,2,2
4475,헤르지아하임5차,PW010931,01,02,제주특별자치도 제주시 연삼로 197-7,33.493771507618,126.5125430371,20220622161517,20210919092232,20210919160806,,,,50,,,Y,2,2
4476,헤르지아하임5차,PW010931,02,02,제주특별자치도 제주시 연삼로 197-7,33.493771507618,126.5125430371,20220622161517,20211010093023,20211010161558,,,,50,,,Y,2,2
4477,천상의노을,PW010932,01,02,제주특별자치도 제주시 애월읍 애월해안로 424,33.473881320172,126.3531144616,20220624114505,20220422185248,20220422205349,20220422185248,,,50,,,Y,2,2
4478,밸리통나무빌리지,PW010933,01,02,제주특별자치도 서귀포시 남원읍 하례로 292,33.273315813006,126.6230830232,20220625163009,20220623230310,20220624013238,20220623230310,,,50,,,Y,2,2
4479,화순코아루푸르나임,PW010934,01,02,제주특별자치도 서귀포시 안덕면 화순중앙로12번길 39,33.249164744376,126.3303695619,20220625190051,20220625002004,20220625080543,20220625185556,,,50,,,Y,3,3
4480,화순코아루푸르나임,PW010934,02,02,제주특별자치도 서귀포시 안덕면 화순중앙로12번길 39,33.249164744376,126.3303695619,20220625214526,20220623204353,20220624044431,20220625213722,,,50,,,Y,3,3
4481,홍스랜드,PW010935,01,02,제주특별자치도 제주시 애월읍 어음13길 25-45,33.402891962295,126.3472774149,20220624103040,20220623212829,20220624002853,20220623212829,,,50,,,Y,2,2
4482,홍스랜드,PW010935,02,02,제주특별자치도 제주시 애월읍 어음13길 25-45,33.402891962295,126.3472774149,20220624181530,20220621201532,20220622010101,20220621201532,,,50,,,Y,2,2
4483,풍향가든,PW010936,01,02,제주특별자치도 서귀포시 이어도로 770,33.236100481031,126.4976867810,20220625103019,20220625100314,20220618195805,20220618152738,,,50,,,Y,5,5
4484,풍향가든,PW010936,02,02,제주특별자치도 서귀포시 이어도로 770,33.236100481031,126.4976867810,20220118190031,,,20210628202604,,,50,,,Y,1,1
4485,평대전복,PW010937,01,02,제주특별자치도 제주시 구좌읍 해맞이해안로 1254-2,33.531464357800,126.8469398223,20220625163022,20220625152511,20220625160555,20220625152511,,,50,,,Y,5,5
4486,오름식당,PW010938,01,02,제주특별자치도 제주시 조천읍 비자림로 657,33.436988117345,126.6766792385,20220623190041,20220623150919,20220623182442,20220623150919,,,50,,,Y,2,2
4487,도련재원카,PW010939,01,02,제주특별자치도 제주시 생목수원로 21,33.506740561282,126.5936830783,20220624171542,20220117120803,20220117131437,20220117120803,,,50,,,Y,2,2
4488,도남리치빌아파트,PW010940,01,02,제주특별자치도 제주시 신성로4길 21,33.494377028077,126.5235802303,20220624084546,20220623222032,20220624023600,20220623222032,,,50,,,Y,2,2
4489,벽성뜨레빌아파트2차,PW010998,01,02,제주특별자치도 제주시 구남로7길 25,33.493040956004,126.5345160606,20220622161544,20220526211051,20220527035623,20220526211051,,,50,,,Y,2,2
4490,벽성뜨레빌아파트2차,PW010998,02,02,제주특별자치도 제주시 구남로7길 25,33.493040956004,126.5345160606,20220622161544,20220526184935,20220527000505,20220526184935,,,50,,,Y,2,2
4491,테라시티,PW011137,01,02,제주특별자치도 제주시 아연로 135,33.472923034703,126.5061618842,20220625184537,20220625144638,20220625183121,20220625144638,,,50,,,Y,2,2
4492,테라시티,PW011137,02,02,제주특별자치도 제주시 아연로 135,33.472923034703,126.5061618842,20220526160102,,,,,,50,,,Y,5,5
4493,히페리온빌리지,PW011138,01,02,제주특별자치도 서귀포시 일주서로 566,33.253695284560,126.4488322490,20220625211539,,,,,,50,,,Y,2,2
4494,히페리온빌리지,PW011138,02,02,제주특별자치도 서귀포시 일주서로 566,33.253695284560,126.4488322490,20220625211539,20220609182535,20220609221059,20220609182535,,,50,,,Y,2,2
4495,노형휴안1차,PW011139,01,02,제주특별자치도 제주시 월산북길 52,33.475425516187,126.4610655227,20220625184523,20220625174626,20220625183142,20220625174626,,,50,,,Y,2,2
4496,로잔팰리스,PW011268,01,02,제주특별자치도 제주시 조천읍 신북로 97-1,33.536138714573,126.6242115503,20220625183016,20220622131416,20220622193722,20220625181952,,,50,,,Y,3,3
4497,에이스아크로빌4차,PW011269,01,02,제주특별자치도 제주시 광평길 56,33.480464503104,126.4662718267,20220625111512,20220625004913,20220625054942,20220625004913,,,50,,,Y,2,2
4498,편운산방,PW011270,01,02,제주특별자치도 서귀포시 성산읍 서성일로 898-38,33.437400428302,126.8747642224,20220616123051,20220609111657,20220609115611,20220616114615,,,50,,,Y,5,5
4499,편운산방,PW011270,02,02,제주특별자치도 서귀포시 성산읍 서성일로 898-38,33.437400428302,126.8747642224,20220526074547,20220506095342,20220506105204,20220506095342,,,50,,,Y,1,1
4500,수미안아파트,PW011271,01,02,제주특별자치도 제주시 서사로 73,33.505947563709,126.5201805469,20220625104543,20220524110042,20220524145215,20220524110042,,,50,,,Y,2,2
4501,수미안아파트,PW011271,02,02,제주특별자치도 제주시 서사로 73,33.505947563709,126.5201805469,20220624223056,20220623125924,20220623134301,20220624222136,,,50,,,Y,3,3
4502,비스타케이호텔,PW011272,01,02,제주특별자치도 서귀포시 김정문화로41번길 10-6,33.251905594634,126.5097824698,20220625174535,20220621165509,20220621232544,20220625173913,,,50,,,Y,3,3
4503,뜨레모아6차,PW011273,01,02,제주특별자치도 제주시 진군남4길 7-7,33.475115962035,126.4814954760,20220625063040,20220616184548,20220616211609,20220616184548,,,50,,,Y,2,2
4504,뜨레모아6차,PW011273,02,02,제주특별자치도 제주시 진군남4길 7-7,33.475115962035,126.4814954760,20220625183033,20220620213127,20220621003150,20220620213127,,,50,,,Y,2,2
4505,(주)외도339,PW011274,01,02,제주특별자치도 제주시 일주서로 7345,33.493740889799,126.4317045530,20220625194540,20220625184705,20220625194321,20220625184705,,,50,,,Y,2,2
4506,(주)외도339,PW011274,02,02,제주특별자치도 제주시 일주서로 7345,33.493740889799,126.4317045530,20220625193044,20220623140046,20220623151459,20220623140046,,,50,,,Y,2,2
4507,강정부동산컨설팅,PW011275,01,02,제주특별자치도 서귀포시 일주서로 98,33.250319932952,126.4974337522,20220626000046,20220623110557,20220623174355,20220623110557,,,50,,,Y,1,1
4508,고성2119,PW011276,01,02,제주특별자치도 서귀포시 성산읍 서성일로1136번길 10-1,33.444022947827,126.8997529920,20220625010026,20220622194943,20220623023518,20220622194943,,,50,,,Y,2,2
4509,해도빌리지,PW011277,01,02,제주특별자치도 제주시 애월읍 하광로 8,33.484353800164,126.4109053476,20220621160036,20220527212743,20220527224057,20220527212743,,,50,,,Y,2,2
4510,회성푸르니4차,PW011278,01,02,제주특별자치도 제주시 광평서길 20,33.477721757520,126.4649932967,20220118190032,,,,,,50,,,Y,1,1
4511,회성푸르니4차,PW011278,02,02,제주특별자치도 제주시 광평서길 20,33.477721757520,126.4649932967,20220118190032,,,,,,50,,,Y,1,1
4512,부강자동차공업사,PW011279,01,02,제주특별자치도 서귀포시 성산읍 서성일로 904,33.438621166643,126.8765175309,20220625121523,20220624165332,20220624213854,20220624165332,,,50,,,Y,2,2
4513,부강자동차공업사,PW011279,02,02,제주특별자치도 서귀포시 성산읍 서성일로 904,33.438621166643,126.8765175309,20220625220030,20220615155714,20220615191237,20220615155714,,,50,,,Y,2,2
4514,동방아파트,PW011435,01,02,제주특별자치도 서귀포시 일주동로 8648-6,33.254297635343,126.5645127567,20220625181527,20220624174732,20220624231802,20220625180721,,,50,,,Y,3,3
4515,(주)대양에프티시,PW011910,01,02,제주특별자치도 제주시 조천읍 남조로 2347,33.4739425,126.6566748,20220625170025,20220623152850,20220623181412,20220623152850,,,50,,,Y,2,2
4516,강정성재빌,PW011939,01,02,제주특별자치도 서귀포시 강정하로 52-14,33.235364778943,126.4736199559,20220625211541,20220517080119,20220517092238,20220517080119,,,50,,,Y,5,5
4517,거웅라피네,PW011940,01,02,제주특별자치도 제주시 조천읍 신북로 93,33.535681893950,126.6232671974,20220625104512,20200921113505,20200921114212,,,,50,,,Y,2,2
4518,건화부품,PW011941,01,02,제주특별자치도 제주시 연삼로 167,33.493406938745,126.5104935561,20220625120022,20220624173020,20220624175553,20220624173020,,,50,,,Y,2,2
4519,건화부품,PW011941,02,02,제주특별자치도 제주시 연삼로 167,33.493406938745,126.5104935561,20220623130039,20220622151009,20220622192535,20220622151009,,,50,,,Y,5,5
4520,남건휴먼스3차주민자치회,PW011942,01,02,제주특별자치도 제주시 한림읍 한림로6길 41,33.410476628564,126.2646016325,20220621160010,20220528202243,20220528222304,20220528202243,,,50,,,Y,2,2
4521,남원아이진아파트,PW011943,01,02,제주특별자치도 서귀포시 남원읍 태위로603번길 22-1,33.278565087306,126.7102733332,20220625074509,20220624220302,20220625024830,20220624220302,,,50,,,Y,2,2
4522,남원아이진아파트,PW011943,02,02,제주특별자치도 서귀포시 남원읍 태위로603번길 22-1,33.278565087306,126.7102733332,20220625210008,20220624212537,20220625045615,20220625171446,,,50,,,Y,3,3
4523,노형주원라비앙2차/(주)해원주택건설,PW011944,01,02,제주특별자치도 제주시 오도9길 84-34,33.484148222679,126.4630567813,20220625204507,20220621011320,20220621052848,20220625203753,,,50,,,Y,3,3
4524,노형주원라비앙3차,PW011945,01,02,제주특별자치도 제주시 오도9길 84-38,33.483613719041,126.4629018080,20220625094541,20220620201130,20220620231153,20220625093231,,,50,,,Y,3,3
4525,노형주원라비앙3차,PW011945,02,02,제주특별자치도 제주시 오도9길 84-38,33.483613719041,126.4629018080,20220625083048,20220624174957,20220625035042,20220624174957,,,50,,,Y,2,2
4526,대정반석타운,PW011946,01,02,제주특별자치도 서귀포시 대정읍 상모로269번길 33,33.222844823114,126.2638412118,20220623161609,20220623082558,20220623115622,20220623082558,,,50,,,Y,2,2
4527,더하스빌,PW011947,01,02,제주특별자치도 제주시 연신로 289,33.480530277329,126.5636418378,20220625063052,20220624224341,20220625062105,20220624224341,,,50,,,Y,2,2
4528,더하스빌,PW011947,02,02,제주특별자치도 제주시 연신로 289,33.480530277329,126.5636418378,20220622141549,20220618014827,20220618103407,20220618014827,,,50,,,Y,2,2
4529,동홍동대림아파트 관리사무소,PW011948,01,02,제주특별자치도 서귀포시 동홍중앙로 61,33.256015942098,126.5716722436,20220625200052,20220625100157,20220625115727,20220625195801,,,50,,,Y,3,3
4530,동홍동대림아파트 관리사무소,PW011948,02,02,제주특별자치도 서귀포시 동홍중앙로 61,33.256015942098,126.5716722436,20220625203049,20220625181455,20220625202710,20220625181455,,,50,,,Y,2,2
4531,드라마오션,PW011949,01,02,제주특별자치도 제주시 애월읍 금성5길 42-15,33.448306081357,126.3015608334,20220625203040,20220625174401,20220625181806,20220625202428,,,50,,,Y,3,3
4532,드라마오션,PW011949,02,02,제주특별자치도 제주시 애월읍 금성5길 42-15,33.448306081357,126.3015608334,20220625101535,20220625094210,20220625100635,20220625094210,,,50,,,Y,2,2
4533,매일신공항공인중개사사무소,PW011950,01,02,제주특별자치도 서귀포시 성산읍 일주동로 4420,33.434664260885,126.9090632294,20220625204507,20220625130123,20220625140902,20220625204027,,,50,,,Y,3,3
4534,부영아파트입주자대표회의,PW011951,01,02,제주특별자치도 제주시 원노형로 93,33.480413282322,126.4855437530,20220625181512,20220623125559,20220623194134,20220623125559,,,50,,,Y,2,2
4535,성산휴안1차,PW011952,01,02,제주특별자치도 서귀포시 성산읍 일주동로 4193,33.454195063363,126.9119245920,20220625004516,20220425102922,20220425111328,20220425102922,,,50,,,Y,2,2
4536,세진아파트 입주자대표회의,PW011953,01,02,제주특별자치도 제주시 평전2길 5,33.500696716514,126.5184663575,20220621191518,20220621164604,20220621190623,20220621164604,,,50,,,Y,2,2
4537,세진아파트 입주자대표회의,PW011953,02,02,제주특별자치도 제주시 평전2길 5,33.500696716514,126.5184663575,20220625083018,20220624191536,20220625004606,20220624191536,,,50,,,Y,2,2
4538,세진아파트 입주자대표회의,PW011953,03,02,제주특별자치도 제주시 평전2길 5,33.500696716514,126.5184663575,20220625230019,20220624154500,20220624231537,20220625225548,,,50,,,Y,3,3
4539,쉬젠비아체 주민자치위원회,PW011954,01,02,제주특별자치도 제주시 조천읍 함덕12길 51,33.537904809470,126.6659445011,20220625214522,20220624170715,20220624220745,20220624170715,,,50,,,Y,2,2
4540,쉬젠비아체 주민자치위원회,PW011954,02,02,제주특별자치도 제주시 조천읍 함덕12길 51,33.537904809470,126.6659445011,20220625183021,20220625142925,20220625172949,20220625142925,,,50,,,Y,2,2
4541,아리움빌,PW011955,01,02,제주특별자치도 제주시 내도11길 27-1,33.495950506000,126.4434248205,20220625001528,20210922185434,20210923021011,20210922185434,,,50,,,Y,2,2
4542,애월오션빌,PW011956,01,02,제주특별자치도 제주시 애월읍 애월해안로 384-26,33.471008993361,126.3495720697,20220621121526,20220620192101,20220620210620,20220620192101,,,50,,,Y,2,2
4543,애월클래식주민자치회,PW011957,01,02,제주특별자치도 제주시 애월읍 답동2길 40,33.478037398649,126.4039919511,20220625153032,20220625112337,20220625143511,20220625152531,,,50,,,Y,3,3
4544,애월클래식주민자치회,PW011957,02,02,제주특별자치도 제주시 애월읍 답동2길 40,33.478037398649,126.4039919511,20220624090046,20220623224840,20220624073419,20220623224840,,,50,,,Y,5,5
4545,에비뉴빌,PW011958,01,02,제주특별자치도 제주시 사송길 31,33.474959297396,126.5659243023,20220624081535,20220623192157,20220624030736,20220623192157,,,50,,,Y,2,2
4546,에스디빌신촌3차,PW011959,01,02,제주특별자치도 제주시 조천읍 신촌4길 6,33.532640468842,126.6196112570,20220625213036,20220625143753,20220625170543,20220625212408,,,50,,,Y,3,3
4547,에코그린빌8차,PW011960,01,02,제주특별자치도 제주시 원당로7길 4,33.526104393486,126.5913132104,20220625203049,20220622183849,20220623022428,20220625201610,,,50,,,Y,3,3
4548,영도그린빌라/한국토지주택공사제주,PW011961,01,02,제주특별자치도 제주시 오등1길 140,33.469566137127,126.5171502632,20220625113044,20220624142850,20220624154052,20220625112813,,,50,,,Y,3,3
4549,영도그린빌라/한국토지주택공사제주,PW011961,02,02,제주특별자치도 제주시 오등1길 140,33.469566137127,126.5171502632,20220625211543,20220625163510,20220625184335,20220625210121,,,50,,,Y,3,3
4550,우현아리움빌,PW011962,01,02,제주특별자치도 제주시 내도11길 29,33.496061508816,126.4440512592,20220625124508,20220624225206,20220625025232,20220624225206,,,50,,,Y,2,2
4551,유정빌리지 입주자회의,PW011963,01,02,제주특별자치도 제주시 남광로 176,33.500549527501,126.5523566784,20220625201514,20220625104003,20220625111018,20220625201348,,,50,,,Y,3,3
4552,유정빌리지 입주자회의,PW011963,02,02,제주특별자치도 제주시 남광로 176,33.500549527501,126.5523566784,20220625133014,20220625095817,20220625122838,20220625095817,,,50,,,Y,5,5
4553,태영하이츠빌,PW011964,01,02,제주특별자치도 제주시 애월읍 항몽로 94,33.475886424581,126.4081198464,20220624230004,20220617174109,20220617205633,20220617174109,,,50,,,Y,2,2
4554,태영하이츠빌,PW011964,02,02,제주특별자치도 제주시 애월읍 항몽로 94,33.475886424581,126.4081198464,20220625130004,20220624220031,20220625024600,20220624220031,,,50,,,Y,2,2
4555,한라서적타운,PW011965,01,02,제주특별자치도 제주시 동광로16길 5,33.505308334804,126.5388171490,20220624220012,20220624201946,20220624214926,20220624201946,,,50,,,Y,2,2
4556,한라서적타운,PW011965,02,02,제주특별자치도 제주시 동광로16길 5,33.505308334804,126.5388171490,20220625023010,20220624161627,20220624200152,20220624161627,,,50,,,Y,2,2
4557,형제집수리,PW011966,01,02,제주특별자치도 제주시 구좌읍 세화11길 8,33.521562680896,126.8609737920,20220625093025,20220624205541,20220624224101,20220624205541,,,50,,,Y,2,2
4558,휴미래빌 주민자치회,PW011967,01,02,제주특별자치도 서귀포시 호근서호로 54,33.256850694732,126.5351495632,20220625023036,20220623081531,20220623101551,20220623081531,,,50,,,Y,2,2
4559,휴미래빌 주민자치회,PW011967,02,02,제주특별자치도 서귀포시 호근서호로 54,33.256850694732,126.5351495632,20220622141530,20220621224652,20220622034722,20220621224652,,,50,,,Y,2,2
4560,고덕하이츠빌라,PW012173,01,02,제주특별자치도 제주시 고산동산5길 21-1,33.496557420204,126.5346065752,20220619124510,20220619104527,20220619122526,20220619104527,,,50,,,Y,5,5
4561,(주)비케이모터스,PW012174,01,02,제주특별자치도 제주시 청풍남8길 56,33.514546525297,126.5715427836,20220612191515,20220612173153,20220612182658,20220612173153,,,50,,,Y,5,5
4562,상록에코로빌1차,PW012175,01,02,제주특별자치도 제주시 아봉로 329,33.471766780567,126.5720557356,20220625234513,20220625210240,20220625233517,20220625210240,,,50,,,Y,2,2
4563,상록에코로빌2차,PW012176,01,02,제주특별자치도 제주시 아봉로 327,33.471969344532,126.5717612599,20220625161541,20220625110018,20220625160743,20220625110018,,,50,,,Y,2,2
4564,상록에코로빌2차,PW012176,02,02,제주특별자치도 제주시 아봉로 327,33.471969344532,126.5717612599,20220625184544,20220625132552,20220625162615,20220625132552,,,50,,,Y,2,2
4565,도련아름드림빌2차입주자치회,PW012177,01,02,제주특별자치도 제주시 생목수원로 20,33.505482747675,126.5931339483,20220625083045,20220624224915,20220625034945,20220624224915,,,50,,,Y,2,2
4566,도련아름드림빌2차입주자치회,PW012177,02,02,제주특별자치도 제주시 생목수원로 20,33.505482747675,126.5931339483,20220625131535,20220623223703,20220624032232,20220625130917,,,50,,,Y,3,3
4567,서강파인힐2차 주민자치회,PW012178,01,02,제주특별자치도 서귀포시 홍중로 46,33.256991369949,126.5575979857,20220625120100,20220625001022,20220625115612,20220625001022,,,50,,,Y,2,2
4568,서강파인힐2차 주민자치회,PW012178,02,02,제주특별자치도 서귀포시 홍중로 46,33.256991369949,126.5575979857,20220622161548,20220502125841,20220502152101,20220502125841,,,50,,,Y,2,2
4569,슈타인홀,PW012179,01,02,제주특별자치도 제주시 명림로 97,33.477700799701,126.6076578286,20220624193049,20220616184014,20220616195852,20220616184014,,,50,,,Y,2,2
4570,공간아트빌 관리사무소,PW012180,01,02,제주특별자치도 제주시 성지로 6,33.509503449295,126.5244390876,20220622114535,20220422183203,20220422195325,20220422183203,,,50,,,Y,2,2
4571,이호재영샤르빌13차,PW012181,01,02,제주특별자치도 제주시 오도11길 19-1,33.489996175591,126.4599780231,20220625224525,20220625134428,20220625144351,20220625224415,,,50,,,Y,3,3
4572,트레이712,PW012182,01,02,제주특별자치도 제주시 한경면 용금로 858,33.336937656903,126.2675195141,20220625181529,20220625093847,20220625095401,20220625093847,,,50,,,Y,2,2
4573,청담휴클래스입주자자치회,PW012183,01,02,제주특별자치도 제주시 지석10길 6,33.520716389079,126.5827406144,20220625081521,20220624211451,20220625060031,20220624211451,,,50,,,Y,2,2
4574,연동태홍누리안3차아파트자치회,PW012184,01,02,제주특별자치도 제주시 삼무로 15,33.490186786150,126.4883902708,20220624090036,20220618192335,20220618220857,20220618192335,,,50,,,Y,2,2
4575,연동태홍누리안3차아파트자치회,PW012184,02,02,제주특별자치도 제주시 삼무로 15,33.490186786150,126.4883902708,20220625073025,20220624200007,20220624220026,20220624200007,,,50,,,Y,2,2
4576,백록휴레스트이호2차,PW012185,01,02,제주특별자치도 제주시 덕지2길 7,33.494538408246,126.4507933672,20220622161511,20220515165558,20220515174158,20220515165558,,,50,,,Y,2,2
4577,글로벌시티 입주자대표회의,PW012186,01,02,제주특별자치도 제주시 연삼로 848-8,33.511086395045,126.5766308891,20220625224513,20220622014259,20220622051324,20220625224133,,,50,,,Y,3,3
4578,글로벌시티 입주자대표회의,PW012186,02,02,제주특별자치도 제주시 연삼로 848-8,33.511086395045,126.5766308891,20220625231515,20220624004538,20220624041603,20220625230233,,,50,,,Y,3,3
4579,(주)서광디앤씨,PW012187,01,02,제주특별자치도 서귀포시 안덕면 서광동로 40,33.289825932310,126.3315185221,20220625044504,20220625000907,20220625015426,20220625000907,,,50,,,Y,2,2
4580,(주)서광디앤씨,PW012187,02,02,제주특별자치도 서귀포시 안덕면 서광동로 40,33.289825932310,126.3315185221,20220622161503,20220620095516,20220620153342,20220620095516,,,50,,,Y,2,2
4581,제주아이파크스위트통합관리단,PW012555,01,02,제주특별자치도 서귀포시 대정읍 에듀시티로239번길 8,33.279042095,126.27432368,20220625221525,20220625011858,20220625090436,20220625011858,,,50,,,Y,2,2
4582,제주아이파크스위트통합관리단,PW012555,02,02,제주특별자치도 서귀포시 대정읍 에듀시티로239번길 8,33.279042095,126.27432368,20220624001532,20220613230024,20220614041553,20220613230024,,,50,,,Y,2,2
4583,제주아이파크스위트통합관리단,PW012555,03,02,제주특별자치도 서귀포시 대정읍 에듀시티로239번길 8,33.279042095,126.27432368,20220625223031,20220625083123,20220625104110,20220625083123,,,50,,,Y,2,2
4584,외도위산엘리시움아파트자치회,PW012700,01,02,제주특별자치도 제주시 우정로4길 4-4,33.491740153,126.43040366,20220626000010,20220623172720,20220623225751,20220625171747,,,50,,,Y,5,5
4585,금강라이프빌4차,PW012702,01,02,제주특별자치도 서귀포시 남원읍 태위로 54-9,33.2727117,126.6544131,20220621121518,20220510201743,20220511030424,20220510201743,,,50,,,Y,2,2
4586,에코그린리조트/에코패밀리주식회사,PW012703,01,02,제주특별자치도 제주시 한림읍 귀덕6길 94,33.435288491,126.29147764,20220624134522,20220621201918,20220622001944,20220621201918,,,50,,,Y,2,2
4587,에코그린리조트/에코패밀리주식회사,PW012703,02,02,제주특별자치도 제주시 한림읍 귀덕6길 94,33.435288491,126.29147764,20220424223025,20220422204307,20220423001332,20220422204307,,,50,,,Y,1,1
4588,에코그린리조트/에코패밀리주식회사,PW012703,03,02,제주특별자치도 제주시 한림읍 귀덕6길 94,33.435288491,126.29147764,20220625224520,20220623213911,20220623220405,20220625144315,,,50,,,Y,3,3
4589,에코그린리조트/에코패밀리주식회사,PW012703,04,02,제주특별자치도 제주시 한림읍 귀덕6길 94,33.435288491,126.29147764,20220624153025,20220617000142,20220617071718,20220617000142,,,50,,,Y,2,2
4590,에코그린리조트/에코패밀리주식회사,PW012703,05,02,제주특별자치도 제주시 한림읍 귀덕6길 94,33.435288491,126.29147764,20220625083020,20220618072202,20220618105226,20220618072202,,,50,,,Y,2,2
4591,에코그린리조트/에코패밀리주식회사,PW012703,06,02,제주특별자치도 제주시 한림읍 귀덕6길 94,33.435288491,126.29147764,20220625081523,20220617143122,20220617162141,20220617143122,,,50,,,Y,5,5
4592,유나이티드아파트 입주자대표회의,PW012704,01,02,제주특별자치도 제주시 원노형10길 28,33.483617671,126.48579207,20220625181523,20220625153048,20220625160237,20220625180523,,,50,,,Y,3,3
4593,레몬밤,PW012705,01,02,제주특별자치도 서귀포시 성산읍 난고로34번길 61,33.439696535,126.90713104,20220625184527,20220625174310,20220625183648,20220625174310,,,50,,,Y,2,2
4594,해동그린앤골드입주자대표회의,PW012800,01,02,제주특별자치도 서귀포시 대정읍 에듀시티로 23,33.292331078,126.28523392,20220625190127,20220625153442,20220625173502,20220625185526,,단독,50,,,Y,3,3
4595,해동그린앤골드입주자대표회의,PW012800,02,02,제주특별자치도 서귀포시 대정읍 에듀시티로 23,33.292331078,126.28523392,20220625190127,20220625145948,20220625185726,20220625145948,,단독,50,,,Y,2,2
4596,(주)네오플(네오마루),PW013006,01,02,제주특별자치도 제주시 1100로 3198-13,33.472874742,126.48516346,20220625194549,20220613111550,20220613124145,20220613111550,7,단독,50,,,Y,2,2
4597,(주)네오플(네오마루),PW013006,02,02,제주특별자치도 제주시 1100로 3198-13,33.472874742,126.48516346,20220625224548,20220624135447,20220624165025,20220624135447,7,단독,50,,,Y,2,2
4598,(주)네오플(네오마루),PW013006,03,02,제주특별자치도 제주시 1100로 3198-13,33.472874742,126.48516346,20220526160120,,,,7,단독,50,,,Y,9,9
4599,(주)네오플(네오마루),PW013006,04,02,제주특별자치도 제주시 1100로 3198-13,33.472874742,126.48516346,20220625184550,20220625131200,20220625132126,20220625131200,7,단독,50,,,Y,2,2
4600,(주)네오플(네오마루),PW013006,05,02,제주특별자치도 제주시 1100로 3198-13,33.472874742,126.48516346,20220625190130,20220624091615,20220624150604,20220624091615,7,단독,50,,,Y,2,2
4601,(주)네오플(네오마루),PW013006,06,02,제주특별자치도 제주시 1100로 3198-13,33.472874742,126.48516346,20220625011547,20220615123751,20220615181855,20220615123751,7,단독,50,,,Y,2,2
4602,(주)네오플(네오마루),PW013006,07,02,제주특별자치도 제주시 1100로 3198-13,33.472874742,126.48516346,20220625173049,20220602170729,20220602191929,20220602170729,7,단독,50,,,Y,2,2
4603,(주)네오플(네오마루),PW013006,08,02,제주특별자치도 제주시 1100로 3198-13,33.472874742,126.48516346,20220625023114,20220623172856,20220623183505,20220623172856,7,단독,50,,,Y,2,2
4604,(주)네오플(네오마루),PW013006,09,02,제주특별자치도 제주시 1100로 3198-13,33.472874742,126.48516346,20220624120054,20220620094244,20220620131308,20220620094244,7,단독,50,,,Y,2,2
4605,(주)네오플(네오마루),PW013006,10,02,제주특별자치도 제주시 1100로 3198-13,33.472874742,126.48516346,20220625023113,20220614113133,20220614160159,20220614113133,7,단독,50,,,Y,2,2
4606,(주)네오플(네오마루),PW013006,11,02,제주특별자치도 제주시 1100로 3198-13,33.472874742,126.48516346,20220624210054,20220623093245,20220623130310,20220623093245,7,단독,50,,,Y,2,2
4607,(주)네오플(네오마루),PW013006,12,02,제주특별자치도 제주시 1100로 3198-13,33.472874742,126.48516346,20220625233052,20220406145804,20220406145818,,7,단독,50,,,Y,2,2
4608,(주)네오플(네오마루),PW013006,13,02,제주특별자치도 제주시 1100로 3198-13,33.472874742,126.48516346,20220624130130,20220623093713,20220623130737,20220623093713,7,단독,50,,,Y,2,2
4609,(주)네오플(네오마루),PW013006,14,02,제주특별자치도 제주시 1100로 3198-13,33.472874742,126.48516346,20220625050056,20220617135833,20220617162856,20220617135833,7,단독,50,,,Y,2,2
4610,(주)네오플(네오마루),PW013006,15,02,제주특별자치도 제주시 1100로 3198-13,33.472874742,126.48516346,20220624133104,20220614110649,20220614112203,20220614110649,7,단독,50,,,Y,2,2
4611,노형부영아파트1차,PW013046,01,02,제주특별자치도 제주시 원노형로 93,33.480413282,126.48554375,20220625080041,20220625003131,20220625041656,20220625003131,7,단독,50,,,Y,2,2
4612,노형부영아파트1차,PW013046,02,02,제주특별자치도 제주시 원노형로 93,33.480413282,126.48554375,20220625230036,20220625121853,20220625141913,20220625121853,7,단독,50,,,Y,2,2
4613,노형부영아파트1차,PW013046,03,02,제주특별자치도 제주시 원노형로 93,33.480413282,126.48554375,20220625211535,20220625171844,20220625180400,20220625210432,7,단독,50,,,Y,3,3
4614,삼일아트리움오피스텔,PW100558,01,02,제주특별자치도 서귀포시 이중섭로 11,33.247080798,126.56445884,20220625184511,20220415222015,20220415222816,,7,단독,50,,,Y,2,2
4615,삼일아트리움오피스텔,PW100558,02,02,제주특별자치도 서귀포시 이중섭로 11,33.247080798,126.56445884,20220623210015,20220620135224,20220620192246,20220620135224,7,단독,50,,,Y,2,2
4616,삼일아트리움오피스텔,PW100558,03,02,제주특별자치도 서귀포시 이중섭로 11,33.247080798,126.56445884,20220623224515,20220610080033,20220610093047,20220610080033,7,단독,50,,,Y,2,2
4617,제주영어교육도시꿈에그린아파트,PW100561,01,02,제주특별자치도 서귀포시 대정읍 에듀시티로204번길 19,33.282738609,126.27030638,20220625023016,20220620220724,20220621025247,20220620220724,7,단독,50,,,Y,2,2
4618,제주영어교육도시꿈에그린아파트,PW100561,02,02,제주특별자치도 서귀포시 대정읍 에듀시티로204번길 19,33.282738609,126.27030638,20220625220012,20220623154226,20220623185753,20220623154226,7,단독,50,,,Y,2,2
4619,제주영어교육도시꿈에그린아파트,PW100561,03,02,제주특별자치도 서귀포시 대정읍 에듀시티로204번길 19,33.282738609,126.27030638,20220625204510,20220624154357,20220624185916,20220625203025,7,단독,50,,,Y,3,3
4620,제주영어교육도시꿈에그린아파트,PW100561,04,02,제주특별자치도 서귀포시 대정읍 에듀시티로204번길 19,33.282738609,126.27030638,20220624034513,20220622221357,20220623033523,20220622221357,7,단독,50,,,Y,2,2
4621,제주영어교육도시꿈에그린아파트,PW100561,05,02,제주특별자치도 서귀포시 대정읍 에듀시티로204번길 19,33.282738609,126.27030638,20220624084513,20220622205357,20220622205357,20220622205357,7,단독,50,,,Y,2,2
4622,제주영어교육도시꿈에그린아파트,PW100561,06,02,제주특별자치도 서귀포시 대정읍 에듀시티로204번길 19,33.282738609,126.27030638,20220625180014,20220622183915,20220623050547,20220622183915,7,단독,50,,,Y,2,2
4623,제주영어교육도시꿈에그린아파트,PW100561,07,02,제주특별자치도 서귀포시 대정읍 에듀시티로204번길 19,33.282738609,126.27030638,20220625230011,20220619234700,20220620051025,20220625192948,7,단독,50,,,Y,1,1
4624,제주영어교육도시꿈에그린아파트,PW100561,08,02,제주특별자치도 서귀포시 대정읍 에듀시티로204번길 19,33.282738609,126.27030638,20220625161511,20220622201006,20220623055055,20220625160944,7,단독,50,,,Y,3,3
4625,제주영어교육도시꿈에그린아파트,PW100561,09,02,제주특별자치도 서귀포시 대정읍 에듀시티로204번길 19,33.282738609,126.27030638,20220624134514,20220622231913,20220623053559,20220622231913,7,단독,50,,,Y,2,2
4626,제주영어교육도시꿈에그린아파트,PW100561,10,02,제주특별자치도 서귀포시 대정읍 에듀시티로204번길 19,33.282738609,126.27030638,20220625230011,20220625133459,20220625225034,20220625133459,7,단독,50,,,Y,2,2
4627,제주영어교육도시꿈에그린아파트,PW100561,11,02,제주특별자치도 서귀포시 대정읍 에듀시티로204번길 19,33.282738609,126.27030638,20220624223016,20220614173910,20220614190926,20220614173910,7,단독,50,,,Y,2,2
4628,제주영어교육도시꿈에그린아파트,PW100561,12,02,제주특별자치도 서귀포시 대정읍 에듀시티로204번길 19,33.282738609,126.27030638,20220625174512,20220624234302,20220625051327,20220624234302,7,단독,50,,,Y,2,2
4629,제주삼화LH3단지,PW100624,01,02,제주특별자치도 제주시 화삼로 110,33.513915351,126.58495174,20220625153013,20220624230513,20220625100548,20220625152212,7,단독,50,,,Y,3,3
4630,제주삼화LH3단지,PW100624,02,02,제주특별자치도 제주시 화삼로 110,33.513915351,126.58495174,20220623194510,20220611174846,20220611221904,20220611174846,7,단독,50,,,Y,2,2
4631,제주삼화LH3단지,PW100624,03,02,제주특별자치도 제주시 화삼로 110,33.513915351,126.58495174,20220623144516,20220604233226,20220605090558,20220604233226,7,단독,50,,,Y,2,2
4632,제주삼화LH3단지,PW100624,04,02,제주특별자치도 제주시 화삼로 110,33.513915351,126.58495174,20220625214510,20220622174638,20220622200219,20220625213609,7,단독,50,,,Y,3,3
4633,제주삼화LH3단지,PW100624,05,02,제주특별자치도 제주시 화삼로 110,33.513915351,126.58495174,20220625161509,20220622225927,20220623070001,20220622225927,7,단독,50,,,Y,2,2
4634,제주삼화LH3단지,PW100624,06,02,제주특별자치도 제주시 화삼로 110,33.513915351,126.58495174,20220624170025,20220606154418,20220606214439,20220606154418,7,단독,50,,,Y,2,2
4635,제주아이파크스위트알오피스텔,PW100795,01,02,제주특별자치도 서귀포시 대정읍 에듀시티로240번길 9,33.278450126,126.27315534,20220624133030,,,,7,단독,50,,,Y,2,2
4636,제주아이파크스위트알오피스텔,PW100795,02,02,제주특별자치도 서귀포시 대정읍 에듀시티로240번길 9,33.278450126,126.27315534,20220624093035,,,,7,단독,50,,,Y,2,2
4637,제주아이파크스위트알오피스텔,PW100795,03,02,제주특별자치도 서귀포시 대정읍 에듀시티로240번길 9,33.278450126,126.27315534,20220623183029,,,,7,단독,50,,,Y,2,2
4638,제주아이파크스위트알오피스텔,PW100795,04,02,제주특별자치도 서귀포시 대정읍 에듀시티로240번길 9,33.278450126,126.27315534,20220625224525,,,,7,단독,50,,,Y,2,2
4639,제주아이파크스위트알오피스텔,PW100795,05,02,제주특별자치도 서귀포시 대정읍 에듀시티로240번길 9,33.278450126,126.27315534,20220625111525,20220624191154,20220625004216,20220624191154,7,단독,50,,,Y,2,2
4640,제주아이파크스위트더블유,PW100796,01,02,제주특별자치도 서귀포시 대정읍 에듀시티로228번길 3,33.279419469,126.27237359,20220624113029,20220620174359,20220620234425,20220620174359,7,단독,50,,,Y,2,2
4641,제주아이파크스위트더블유,PW100796,02,02,제주특별자치도 서귀포시 대정읍 에듀시티로228번길 3,33.279419469,126.27237359,20220624141523,20220624132902,20220624140014,20220624132902,7,단독,50,,,Y,2,2
4642,목성2차아파트,PWE00230,01,02,제주특별자치도 제주시 고산동산5길 30,33.49675,126.53565,20220315105021,,,,,단독,50,,,Y,2,2
4643,목성2차아파트,PWE00230,02,02,제주특별자치도 제주시 고산동산5길 30,33.49675,126.53565,20220315105021,,,,,단독,50,,,Y,2,2
4644,목성2차아파트,PWE00230,03,02,제주특별자치도 제주시 고산동산5길 30,33.49675,126.53565,20220315105021,,,,,단독,50,,,Y,2,2
4645,목성2차아파트,PWE00230,04,02,제주특별자치도 제주시 고산동산5길 30,33.49675,126.53565,20220315105021,,,,,단독,50,,,Y,2,2
4646,제주삼화부영1차,PWE00739,01,02,제주특별자치도 제주시 화삼북로 136,33.51677,126.58683,20220315105013,,,,,단독,50,,,Y,2,2
4647,제주삼화부영1차,PWE00739,02,02,제주특별자치도 제주시 화삼북로 136,33.51677,126.58683,20220315105013,20220226074257,20220226195133,,,단독,50,,,Y,2,2
4648,제주삼화부영1차,PWE00739,03,02,제주특별자치도 제주시 화삼북로 136,33.51677,126.58683,20220315105013,20220313073942,20220313124103,,,단독,50,,,Y,2,2
4649,제주삼화부영1차,PWE00739,04,02,제주특별자치도 제주시 화삼북로 136,33.51677,126.58683,20220315105013,20220210153054,20220211141153,,,단독,50,,,Y,2,2
4650,제주삼화부영1차,PWE00739,05,02,제주특별자치도 제주시 화삼북로 136,33.51677,126.58683,20220315105013,20220307125812,20220307231604,,,단독,50,,,Y,2,2
4651,제주삼화부영1차,PWE00739,06,02,제주특별자치도 제주시 화삼북로 136,33.51677,126.58683,20220315105013,,,,,단독,50,,,Y,2,2
4652,제주삼화부영1차,PWE00739,07,02,제주특별자치도 제주시 화삼북로 136,33.51677,126.58683,20220315105013,,,,,단독,50,,,Y,2,2
4653,제주삼화부영1차,PWE00739,08,02,제주특별자치도 제주시 화삼북로 136,33.51677,126.58683,20220315105013,,,,,단독,50,,,Y,2,2
4654,제주삼화부영1차,PWE00739,09,02,제주특별자치도 제주시 화삼북로 136,33.51677,126.58683,20220315105013,,,,,단독,50,,,Y,2,2
4655,제주삼화부영1차,PWE00739,10,02,제주특별자치도 제주시 화삼북로 136,33.51677,126.58683,20220315105013,,,,,단독,50,,,Y,2,2
4656,제주삼화부영1차,PWE00739,11,02,제주특별자치도 제주시 화삼북로 136,33.51677,126.58683,20220315105013,,,,,단독,50,,,Y,2,2
4657,제주삼화부영1차,PWE00739,12,02,제주특별자치도 제주시 화삼북로 136,33.51677,126.58683,20220315105013,20210816165804,20210817025756,,,단독,50,,,Y,2,2
4658,제주삼화부영1차,PWE00739,13,02,제주특별자치도 제주시 화삼북로 136,33.51677,126.58683,20220315105013,,,,,단독,50,,,Y,2,2
4659,제주삼화부영1차,PWE00739,14,02,제주특별자치도 제주시 화삼북로 136,33.51677,126.58683,20220315105013,,,,,단독,50,,,Y,2,2
4660,제주삼화부영1차,PWE00739,15,02,제주특별자치도 제주시 화삼북로 136,33.51677,126.58683,20220315105013,,,,,단독,50,,,Y,2,2
4661,제주삼화부영1차,PWE00739,16,02,제주특별자치도 제주시 화삼북로 136,33.51677,126.58683,20220315105013,,,,,단독,50,,,Y,2,2
4662,제주삼화부영1차,PWE00739,17,02,제주특별자치도 제주시 화삼북로 136,33.51677,126.58683,20220315105013,,,,,단독,50,,,Y,2,2
4663,제주삼화부영1차,PWE00739,18,02,제주특별자치도 제주시 화삼북로 136,33.51677,126.58683,20220315105013,,,,,단독,50,,,Y,2,2
4664,제주삼화부영1차,PWE00739,19,02,제주특별자치도 제주시 화삼북로 136,33.51677,126.58683,20220315105013,,,,,단독,50,,,Y,2,2
4665,제주삼화부영1차,PWE00739,20,02,제주특별자치도 제주시 화삼북로 136,33.51677,126.58683,20220315105013,,,,,단독,50,,,Y,2,2
4666,제주노형부영5차,PWE00762,01,02,제주특별자치도 제주시 과원북2길 12,33.47861,126.48414,20220315105010,20220309163856,20220309213856,,,단독,50,,,Y,2,2
4667,제주노형부영5차,PWE00762,02,02,제주특별자치도 제주시 과원북2길 12,33.47861,126.48414,20220315105010,20220308171851,20220308225843,,,단독,50,,,Y,2,2
4668,제주노형부영5차,PWE00762,03,02,제주특별자치도 제주시 과원북2길 12,33.47861,126.48414,20220315105010,20211225132411,20211225192407,,,단독,50,,,Y,2,2
4669,제주노형부영5차,PWE00762,04,02,제주특별자치도 제주시 과원북2길 12,33.47861,126.48414,20220315105010,,,,,단독,50,,,Y,2,2
4670,제주노형부영5차,PWE00762,05,02,제주특별자치도 제주시 과원북2길 12,33.47861,126.48414,20220315105010,,,,,단독,50,,,Y,2,2
4671,제주노형부영5차,PWE00762,06,02,제주특별자치도 제주시 과원북2길 12,33.47861,126.48414,20220315105010,,,,,단독,50,,,Y,2,2
4672,제주노형부영5차,PWE00762,07,02,제주특별자치도 제주시 과원북2길 12,33.47861,126.48414,20220315105010,20220211170141,20220211222137,,,단독,50,,,Y,2,2
4673,제주노형부영5차,PWE00762,08,02,제주특별자치도 제주시 과원북2길 12,33.47861,126.48414,20220315105010,20220314191141,20220315005133,,,단독,50,,,Y,2,2
4674,하귀휴먼시아2단지,PWE00785,01,02,제주특별자치도 제주시 애월읍 하귀9길 71,33.48120,126.41520,20220315105016,,,,,단독,50,,,Y,2,2
4675,하귀휴먼시아2단지,PWE00785,02,02,제주특별자치도 제주시 애월읍 하귀9길 71,33.48120,126.41520,20220315105016,,,,,단독,50,,,Y,2,2
4676,하귀휴먼시아2단지,PWE00785,03,02,제주특별자치도 제주시 애월읍 하귀9길 71,33.48120,126.41520,20220315105016,,,,,단독,50,,,Y,2,2
4677,하귀휴먼시아2단지,PWE00785,04,02,제주특별자치도 제주시 애월읍 하귀9길 71,33.48120,126.41520,20220315105016,,,,,단독,50,,,Y,2,2
4678,하귀휴먼시아2단지,PWE00785,05,02,제주특별자치도 제주시 애월읍 하귀9길 71,33.48120,126.41520,20220315105016,,,,,단독,50,,,Y,2,2
4679,하귀휴먼시아2단지,PWE00785,06,02,제주특별자치도 제주시 애월읍 하귀9길 71,33.48120,126.41520,20220315105016,,,,,단독,50,,,Y,2,2
4680,하귀휴먼시아2단지,PWE00785,07,02,제주특별자치도 제주시 애월읍 하귀9길 71,33.48120,126.41520,20220315105016,,,,,단독,50,,,Y,2,2
4681,하귀휴먼시아2단지,PWE00785,08,02,제주특별자치도 제주시 애월읍 하귀9길 71,33.48120,126.41520,20220315105016,,,,,단독,50,,,Y,2,2
4682,하귀휴먼시아2단지,PWE00785,09,02,제주특별자치도 제주시 애월읍 하귀9길 71,33.48120,126.41520,20220315105016,,,,,단독,50,,,Y,2,2
4683,하귀휴먼시아2단지,PWE00785,10,02,제주특별자치도 제주시 애월읍 하귀9길 71,33.48120,126.41520,20220315105016,,,,,단독,50,,,Y,2,2
4684,하귀휴먼시아2단지,PWE00785,11,02,제주특별자치도 제주시 애월읍 하귀9길 71,33.48120,126.41520,20220315105016,,,,,단독,50,,,Y,2,2
4685,하귀휴먼시아2단지,PWE00785,12,02,제주특별자치도 제주시 애월읍 하귀9길 71,33.48120,126.41520,20220315105016,,,,,단독,50,,,Y,2,2
4686,제주삼화휴먼시아1단지,PWE00790,01,02,제주특별자치도 제주시 화삼북로2길 12,33.51653,126.57611,20220315105011,20210924100735,20210924183812,,,단독,50,,,Y,2,2
4687,제주삼화휴먼시아1단지,PWE00790,02,02,제주특별자치도 제주시 화삼북로2길 12,33.51653,126.57611,20220315105011,20220312130830,20220312161426,,,단독,50,,,Y,2,2
4688,제주삼화휴먼시아1단지,PWE00790,03,02,제주특별자치도 제주시 화삼북로2길 12,33.51653,126.57611,20220315105011,,,,,단독,50,,,Y,2,2
4689,제주삼화휴먼시아1단지,PWE00790,04,02,제주특별자치도 제주시 화삼북로2길 12,33.51653,126.57611,20220315105011,,,,,단독,50,,,Y,2,2
4690,제주화북3단지,PWE00792,01,02,제주특별자치도 제주시 동화로1길 35,33.51961,126.57705,20220315105015,20220220112839,20220220162833,,,단독,50,,,Y,2,2
4691,제주화북3단지,PWE00792,02,02,제주특별자치도 제주시 동화로1길 35,33.51961,126.57705,20220315105015,,,,,단독,50,,,Y,2,2
4692,제주화북3단지,PWE00792,03,02,제주특별자치도 제주시 동화로1길 35,33.51961,126.57705,20220315105015,,,,,단독,50,,,Y,2,2
4693,제주화북3단지,PWE00792,04,02,제주특별자치도 제주시 동화로1길 35,33.51961,126.57705,20220315105015,20220223093901,20220223124748,,,단독,50,,,Y,2,2
4694,제주화북3단지,PWE00792,05,02,제주특별자치도 제주시 동화로1길 35,33.51961,126.57705,20220315105015,,,,,단독,50,,,Y,2,2
4695,제주화북3단지,PWE00792,06,02,제주특별자치도 제주시 동화로1길 35,33.51961,126.57705,20220406160140,20220406132847,20220406155013,,,단독,50,,,Y,2,2
4696,제주화북3단지,PWE00792,07,02,제주특별자치도 제주시 동화로1길 35,33.51961,126.57705,20220315105015,,,,,단독,50,,,Y,2,2
4697,제주화북3단지,PWE00792,08,02,제주특별자치도 제주시 동화로1길 35,33.51961,126.57705,20220315105015,20220313172603,20220313205243,,,단독,50,,,Y,2,2
4698,제주삼화lh3단지,PWE00799,01,02,제주특별자치도 제주시 화삼로 110,33.51391,126.58495,20220603180007,,,,3,단독,50,,,Y,2,2
4699,제주삼화lh3단지,PWE00799,02,02,제주특별자치도 제주시 화삼로 110,33.51391,126.58495,20220603180007,20220319225227,20220320085222,,3,단독,50,,,Y,2,2
4700,제주삼화lh3단지,PWE00799,03,02,제주특별자치도 제주시 화삼로 110,33.51391,126.58495,20220603180007,20211203181631,20211204081627,,3,단독,50,,,Y,2,2
4701,제주삼화lh3단지,PWE00799,04,02,제주특별자치도 제주시 화삼로 110,33.51391,126.58495,20220603180007,20220228215541,20220301075533,,3,단독,50,,,Y,2,2
4702,제주삼화lh3단지,PWE00799,05,02,제주특별자치도 제주시 화삼로 110,33.51391,126.58495,20220603180007,20211102000517,20211102100517,,3,단독,50,,,Y,2,2
4703,제주삼화lh3단지,PWE00799,06,02,제주특별자치도 제주시 화삼로 110,33.51391,126.58495,20220603180007,,,,3,단독,50,,,Y,2,2
4704,제주삼화lh3단지,PWE00799,07,02,제주특별자치도 제주시 화삼로 110,33.51391,126.58495,20220603180007,,,,3,단독,50,,,Y,2,2
4705,제주삼화lh3단지,PWE00799,08,02,제주특별자치도 제주시 화삼로 110,33.51391,126.58495,20220603180007,,,,3,단독,50,,,Y,2,2
4706,제주삼화lh3단지,PWE00799,09,02,제주특별자치도 제주시 화삼로 110,33.51391,126.58495,20220603180007,,,,3,단독,50,,,Y,2,2
4707,제주정든마을3단지,PWE00800,01,02,제주특별자치도 제주시 정존11길 68,33.49043,126.47244,20220315105021,,,,,단독,50,,,Y,2,2
4708,제주정든마을3단지,PWE00800,02,02,제주특별자치도 제주시 정존11길 68,33.49043,126.47244,20220315105021,,,,,단독,50,,,Y,2,2
4709,제주정든마을3단지,PWE00800,03,02,제주특별자치도 제주시 정존11길 68,33.49043,126.47244,20220315105021,,,,,단독,50,,,Y,2,2
4710,제주정든마을3단지,PWE00800,04,02,제주특별자치도 제주시 정존11길 68,33.49043,126.47244,20220315105021,,,,,단독,50,,,Y,2,2
4711,제주정든마을3단지,PWE00800,05,02,제주특별자치도 제주시 정존11길 68,33.49043,126.47244,20220315105021,,,,,단독,50,,,Y,2,2
4712,제주정든마을3단지,PWE00800,06,02,제주특별자치도 제주시 정존11길 68,33.49043,126.47244,20220315105021,,,,,단독,50,,,Y,2,2
4713,강정중흥s클래스아파트,PWE00983,01,02,제주특별자치도 서귀포시 대청로 12,33.25232,126.50049,20220315105012,,,,,단독,50,,,Y,2,2
4714,강정중흥s클래스아파트,PWE00983,02,02,제주특별자치도 서귀포시 대청로 12,33.25232,126.50049,20220315105012,,,,,단독,50,,,Y,2,2
4715,강정중흥s클래스아파트,PWE00983,03,02,제주특별자치도 서귀포시 대청로 12,33.25232,126.50049,20220315105012,,,,,단독,50,,,Y,2,2
4716,강정중흥s클래스아파트,PWE00983,04,02,제주특별자치도 서귀포시 대청로 12,33.25232,126.50049,,,,,,단독,50,,,Y,9,9
4717,강정중흥s클래스아파트,PWE00983,05,02,제주특별자치도 서귀포시 대청로 12,33.25232,126.50049,20220315105012,,,,,단독,50,,,Y,2,2
4718,강정중흥s클래스아파트,PWE00983,06,02,제주특별자치도 서귀포시 대청로 12,33.25232,126.50049,20220315105012,,,,,단독,50,,,Y,2,2
4719,강정중흥s클래스아파트,PWE00983,07,02,제주특별자치도 서귀포시 대청로 12,33.25232,126.50049,20220315105012,,,,,단독,50,,,Y,2,2
4720,강정중흥s클래스아파트,PWE00983,08,02,제주특별자치도 서귀포시 대청로 12,33.25232,126.50049,20220315105012,,,,,단독,50,,,Y,2,2
4721,강정중흥s클래스아파트,PWE00983,09,02,제주특별자치도 서귀포시 대청로 12,33.25232,126.50049,20220315105012,,,,,단독,50,,,Y,2,2
4722,강정중흥s클래스아파트,PWE00983,10,02,제주특별자치도 서귀포시 대청로 12,33.25232,126.50049,20220315105011,,,,,단독,50,,,Y,2,2
4723,강정중흥s클래스아파트,PWE00983,11,02,제주특별자치도 서귀포시 대청로 12,33.25232,126.50049,20220315105011,,,,,단독,50,,,Y,2,2
4724,강정중흥s클래스아파트,PWE00983,12,02,제주특별자치도 서귀포시 대청로 12,33.25232,126.50049,20220315105011,,,,,단독,50,,,Y,2,2
4725,강정중흥s클래스아파트,PWE00983,13,02,제주특별자치도 서귀포시 대청로 12,33.25232,126.50049,20220315105011,,,,,단독,50,,,Y,2,2
4726,강정중흥s클래스아파트,PWE00983,14,02,제주특별자치도 서귀포시 대청로 12,33.25232,126.50049,20220315105011,,,,,단독,50,,,Y,2,2
4727,강정중흥s클래스아파트,PWE00983,15,02,제주특별자치도 서귀포시 대청로 12,33.25232,126.50049,20220315105011,20211220215946,20211221014938,,,단독,50,,,Y,2,2
4728,강정중흥s클래스아파트,PWE00983,16,02,제주특별자치도 서귀포시 대청로 12,33.25232,126.50049,20220315105011,,,,,단독,50,,,Y,2,2
4729,강정중흥s클래스아파트,PWE00983,17,02,제주특별자치도 서귀포시 대청로 12,33.25232,126.50049,20220315105011,,,,,단독,50,,,Y,2,2
4730,강정중흥s클래스아파트,PWE00983,18,02,제주특별자치도 서귀포시 대청로 12,33.25232,126.50049,20220315105011,,,,,단독,50,,,Y,2,2
4731,강정중흥s클래스아파트,PWE00983,19,02,제주특별자치도 서귀포시 대청로 12,33.25232,126.50049,20220315105011,,,,,단독,50,,,Y,2,2
4732,강정중흥s클래스아파트,PWE00983,20,02,제주특별자치도 서귀포시 대청로 12,33.25232,126.50049,20220315105011,,,,,단독,50,,,Y,2,2
4733,유승한내들퍼스트오션,PWE01041,01,02,제주특별자치도 서귀포시 대청로 34,33.25235,126.50307,20220315105010,,,,,단독,50,,,Y,2,2
4734,유승한내들퍼스트오션,PWE01041,02,02,제주특별자치도 서귀포시 대청로 34,33.25235,126.50307,20220315105010,,,,,단독,50,,,Y,2,2
4735,유승한내들퍼스트오션,PWE01041,03,02,제주특별자치도 서귀포시 대청로 34,33.25235,126.50307,20220315105010,,,,,단독,50,,,Y,2,2
4736,유승한내들퍼스트오션,PWE01041,04,02,제주특별자치도 서귀포시 대청로 34,33.25235,126.50307,20220315105010,20220104173834,20220105013825,,,단독,50,,,Y,2,2
4737,유승한내들퍼스트오션,PWE01041,05,02,제주특별자치도 서귀포시 대청로 34,33.25235,126.50307,20220315105010,,,,,단독,50,,,Y,2,2
4738,유승한내들퍼스트오션,PWE01041,06,02,제주특별자치도 서귀포시 대청로 34,33.25235,126.50307,20220315105010,,,,,단독,50,,,Y,2,2
4739,유승한내들퍼스트오션,PWE01041,07,02,제주특별자치도 서귀포시 대청로 34,33.25235,126.50307,20220315105010,20220221125848,20220221141840,,,단독,50,,,Y,2,2
4740,유승한내들퍼스트오션,PWE01041,08,02,제주특별자치도 서귀포시 대청로 34,33.25235,126.50307,20220315105010,20211105130225,20211105140221,,,단독,50,,,Y,2,2
4741,유승한내들퍼스트오션,PWE01041,09,02,제주특별자치도 서귀포시 대청로 34,33.25235,126.50307,20220315105010,20220122163806,20220122204501,,,단독,50,,,Y,2,2
4742,유승한내들퍼스트오션,PWE01041,10,02,제주특별자치도 서귀포시 대청로 34,33.25235,126.50307,20220315105010,20210821163556,20210821183551,,,단독,50,,,Y,2,2
4743,유승한내들퍼스트오션,PWE01041,11,02,제주특별자치도 서귀포시 대청로 34,33.25235,126.50307,20220617181009,20220617174933,20220617180001,,,단독,50,,,Y,2,2
4744,유승한내들퍼스트오션,PWE01041,12,02,제주특별자치도 서귀포시 대청로 34,33.25235,126.50307,20220315105010,,,,,단독,50,,,Y,2,2
4745,정든마을1단지,PWE01700,01,02,제주특별자치도 제주시 정존11길 54,33.48874,126.47442,20220315105017,,,,,단독,50,,,Y,2,2
4746,정든마을1단지,PWE01700,02,02,제주특별자치도 제주시 정존11길 54,33.48874,126.47442,20220315105017,,,,,단독,50,,,Y,2,2
4747,정든마을1단지,PWE01700,03,02,제주특별자치도 제주시 정존11길 54,33.48874,126.47442,20220315105017,,,,,단독,50,,,Y,2,2
4748,정든마을1단지,PWE01700,04,02,제주특별자치도 제주시 정존11길 54,33.48874,126.47442,20220315105017,,,,,단독,50,,,Y,2,2
4749,정든마을1단지,PWE01700,05,02,제주특별자치도 제주시 정존11길 54,33.48874,126.47442,20220315105017,,,,,단독,50,,,Y,2,2
4750,정든마을1단지,PWE01700,06,02,제주특별자치도 제주시 정존11길 54,33.48874,126.47442,20220315105017,,,,,단독,50,,,Y,2,2
4751,강정상록아파트,PWE02123,01,02,제주특별자치도 서귀포시 신서로 55,33.25491,126.50476,20220315105016,,,,,단독,50,,,Y,4,4
4752,강정상록아파트,PWE02123,02,02,제주특별자치도 서귀포시 신서로 55,33.25491,126.50476,20220315105016,,,,,단독,50,,,Y,4,4
4753,강정상록아파트,PWE02123,03,02,제주특별자치도 서귀포시 신서로 55,33.25491,126.50476,20220315105016,,,,,단독,50,,,Y,4,4
4754,강정상록아파트,PWE02123,04,02,제주특별자치도 서귀포시 신서로 55,33.25491,126.50476,20220315105016,,,,,단독,50,,,Y,4,4
4755,외도아름마을,PWE02195,01,02,제주특별자치도 제주시 우정로18길 25,33.48423,126.42847,20220315105012,,,,,단독,50,,,Y,2,2
4756,외도아름마을,PWE02195,02,02,제주특별자치도 제주시 우정로18길 25,33.48423,126.42847,20220315105012,,,,,단독,50,,,Y,2,2
4757,외도아름마을,PWE02195,03,02,제주특별자치도 제주시 우정로18길 25,33.48423,126.42847,20220315105012,,,,,단독,50,,,Y,2,2
4758,외도아름마을,PWE02195,04,02,제주특별자치도 제주시 우정로18길 25,33.48423,126.42847,20220315105012,,,,,단독,50,,,Y,2,2
4759,외도아름마을,PWE02195,05,02,제주특별자치도 제주시 우정로18길 25,33.48423,126.42847,20220607204019,,,,3,단독,50,,,Y,2,2
4760,제주영어교육도시한신더휴아파트,PWE02358,01,02,제주특별자치도 서귀포시 대정읍 에듀시티로 102,33.28692,126.28034,20220315105010,,,,,단독,50,,,Y,2,2
4761,제주영어교육도시한신더휴아파트,PWE02358,02,02,제주특별자치도 서귀포시 대정읍 에듀시티로 102,33.28692,126.28034,20220315105010,,,,,단독,50,,,Y,2,2
4762,제주영어교육도시한신더휴아파트,PWE02358,03,02,제주특별자치도 서귀포시 대정읍 에듀시티로 102,33.28692,126.28034,20220315105010,,,,,단독,50,,,Y,2,2
4763,제주영어교육도시한신더휴아파트,PWE02358,04,02,제주특별자치도 서귀포시 대정읍 에듀시티로 102,33.28692,126.28034,20220315105010,,,,,단독,50,,,Y,2,2
4764,제주영어교육도시한신더휴아파트,PWE02358,05,02,제주특별자치도 서귀포시 대정읍 에듀시티로 102,33.28692,126.28034,20220315105010,,,,,단독,50,,,Y,2,2
4765,제주영어교육도시한신더휴아파트,PWE02358,06,02,제주특별자치도 서귀포시 대정읍 에듀시티로 102,33.28692,126.28034,20220315105010,,,,,단독,50,,,Y,2,2
4766,제주영어교육도시한신더휴아파트,PWE02358,07,02,제주특별자치도 서귀포시 대정읍 에듀시티로 102,33.28692,126.28034,20220315105010,,,,,단독,50,,,Y,2,2
4767,제주영어교육도시한신더휴아파트,PWE02358,08,02,제주특별자치도 서귀포시 대정읍 에듀시티로 102,33.28692,126.28034,20220315105010,,,,,단독,50,,,Y,2,2
4768,제주영어교육도시한신더휴아파트,PWE02358,09,02,제주특별자치도 서귀포시 대정읍 에듀시티로 102,33.28692,126.28034,20220315105010,,,,,단독,50,,,Y,2,2
4769,제주영어교육도시한신더휴아파트,PWE02358,10,02,제주특별자치도 서귀포시 대정읍 에듀시티로 102,33.28692,126.28034,20220315105010,,,,,단독,50,,,Y,2,2
4770,제주영어교육도시한신더휴아파트,PWE02358,11,02,제주특별자치도 서귀포시 대정읍 에듀시티로 102,33.28692,126.28034,20220315105010,,,,,단독,50,,,Y,2,2
4771,제주영어교육도시한신더휴아파트,PWE02358,12,02,제주특별자치도 서귀포시 대정읍 에듀시티로 102,33.28692,126.28034,20220315105011,,,,,단독,50,,,Y,2,2
4772,서귀포혁신도시lh3단지,PWE04144,01,02,제주특별자치도 서귀포시 서호중앙로 56-13,33.252198722,126.52114713,20220315105014,,,,,단독,50,,,Y,2,2
4773,서귀포혁신도시lh3단지,PWE04144,02,02,제주특별자치도 서귀포시 서호중앙로 56-13,33.252198722,126.52114713,20220315105014,,,,,단독,50,,,Y,2,2
4774,서귀포혁신도시lh3단지,PWE04144,03,02,제주특별자치도 서귀포시 서호중앙로 56-13,33.252198722,126.52114713,20220315105014,,,,,단독,50,,,Y,2,2
4775,서귀포혁신도시lh3단지,PWE04144,04,02,제주특별자치도 서귀포시 서호중앙로 56-13,33.252198722,126.52114713,20220315105014,,,,,단독,50,,,Y,2,2
4776,서귀포혁신도시lh3단지,PWE04144,05,02,제주특별자치도 서귀포시 서호중앙로 56-13,33.252198722,126.52114713,20220315105014,,,,,단독,50,,,Y,2,2
4777,서귀포혁신도시lh3단지,PWE04144,06,02,제주특별자치도 서귀포시 서호중앙로 56-13,33.252198722,126.52114713,20220315105014,,,,,단독,50,,,Y,2,2
4778,서귀포혁신도시lh3단지,PWE04144,07,02,제주특별자치도 서귀포시 서호중앙로 56-13,33.252198722,126.52114713,20220315105014,,,,,단독,50,,,Y,2,2
4779,서귀포혁신도시lh3단지,PWE04144,08,02,제주특별자치도 서귀포시 서호중앙로 56-13,33.252198722,126.52114713,20220315105014,,,,,단독,50,,,Y,2,2
4780,길용파크빌라트,PWE04178,01,02,제주특별자치도 제주시 동광로 56,33.502904944,126.53466558,20220315105010,,,,,단독,50,,,Y,4,4
4781,길용파크빌라트,PWE04178,02,02,제주특별자치도 제주시 동광로 56,33.502904944,126.53466558,20220315105010,,,,,단독,50,,,Y,4,4
4782,제주삼화lh2단지아파트,PWE06067,01,02,제주특별자치도 제주시 화삼로 32,33.513401650,126.57640973,20220315105012,,,,,단독,50,,,Y,2,2
4783,제주삼화lh2단지아파트,PWE06067,02,02,제주특별자치도 제주시 화삼로 32,33.513401650,126.57640973,20220415215013,20220415190642,20220415214006,,,단독,50,,,Y,2,2
4784,제주삼화lh2단지아파트,PWE06067,03,02,제주특별자치도 제주시 화삼로 32,33.513401650,126.57640973,20220315105012,20220313145027,20220313162608,,,단독,50,,,Y,2,2
4785,제주삼화lh2단지아파트,PWE06067,04,02,제주특별자치도 제주시 화삼로 32,33.513401650,126.57640973,20220624231023,20220624195707,20220624230002,,,단독,50,,,Y,2,2
4786,제주삼화lh2단지아파트,PWE06067,05,02,제주특별자치도 제주시 화삼로 32,33.513401650,126.57640973,20220315105012,,,,,단독,50,,,Y,2,2
4787,제주삼화lh2단지아파트,PWE06067,06,02,제주특별자치도 제주시 화삼로 32,33.513401650,126.57640973,20220315105012,,,,,단독,50,,,Y,2,2
4788,제주삼화lh2단지아파트,PWE06067,07,02,제주특별자치도 제주시 화삼로 32,33.513401650,126.57640973,20220530185015,20220530182939,20220530183959,,,단독,50,,,Y,2,2
4789,제주삼화lh2단지아파트,PWE06067,08,02,제주특별자치도 제주시 화삼로 32,33.513401650,126.57640973,20220315105012,,,,,단독,50,,,Y,2,2
4790,제주삼화lh2단지아파트,PWE06067,09,02,제주특별자치도 제주시 화삼로 32,33.513401650,126.57640973,20220429211026,20220429184929,20220429210006,,,단독,50,,,Y,2,2
4791,제주삼화lh2단지아파트,PWE06067,10,02,제주특별자치도 제주시 화삼로 32,33.513401650,126.57640973,20220326210012,20220326164933,20220326205008,,,단독,50,,,Y,2,2
4792,제주삼화lh2단지아파트,PWE06067,11,02,제주특별자치도 제주시 화삼로 32,33.513401650,126.57640973,20220315105012,,,,,단독,50,,,Y,2,2
4793,제주삼화lh2단지아파트,PWE06067,12,02,제주특별자치도 제주시 화삼로 32,33.513401650,126.57640973,20220315105012,,,,,단독,50,,,Y,2,2
4794,제주삼화lh2단지아파트,PWE06067,13,02,제주특별자치도 제주시 화삼로 32,33.513401650,126.57640973,20220315105012,20220309071800,20220309095644,,,단독,50,,,Y,2,2
4795,제주삼화lh2단지아파트,PWE06067,14,02,제주특별자치도 제주시 화삼로 32,33.513401650,126.57640973,20220315105012,,,,,단독,50,,,Y,2,2
4796,제주삼화lh2단지아파트,PWE06067,15,02,제주특별자치도 제주시 화삼로 32,33.513401650,126.57640973,20220315105012,,,,,단독,50,,,Y,2,2
4797,제주삼화lh2단지아파트,PWE06067,16,02,제주특별자치도 제주시 화삼로 32,33.513401650,126.57640973,20220315105012,,,,,단독,50,,,Y,2,2
4798,제주삼화lh2단지아파트,PWE06067,17,02,제주특별자치도 제주시 화삼로 32,33.513401650,126.57640973,20220315105012,20211001184017,20211002045812,,,단독,50,,,Y,2,2
4799,제주삼화lh2단지아파트,PWE06067,18,02,제주특별자치도 제주시 화삼로 32,33.513401650,126.57640973,20220315105012,,,,,단독,50,,,Y,2,2
4800,제주삼화lh2단지아파트,PWE06067,19,02,제주특별자치도 제주시 화삼로 32,33.513401650,126.57640973,20220315105012,20211021220551,20211022021248,,,단독,50,,,Y,2,2
4801,제주삼화lh2단지아파트,PWE06067,20,02,제주특별자치도 제주시 화삼로 32,33.513401650,126.57640973,20220315105012,20211024145835,20211025011629,,,단독,50,,,Y,2,2
4802,제주삼화lh2단지아파트,PWE06067,21,02,제주특별자치도 제주시 화삼로 32,33.513401650,126.57640973,20220315105012,20210916163035,20210917025132,,,단독,50,,,Y,2,2
4803,제주삼화lh2단지아파트,PWE06067,22,02,제주특별자치도 제주시 화삼로 32,33.513401650,126.57640973,20220315105013,20220220143713,20220220204807,,,단독,50,,,Y,2,2
4804,제주삼화lh2단지아파트,PWE06067,23,02,제주특별자치도 제주시 화삼로 32,33.513401650,126.57640973,20220315105013,20210917181802,20210918003058,,,단독,50,,,Y,2,2
4805,제주삼화lh2단지아파트,PWE06067,24,02,제주특별자치도 제주시 화삼로 32,33.513401650,126.57640973,20220315105012,20220314163600,20220315025352,,,단독,50,,,Y,2,2
4806,제주삼화lh2단지아파트,PWE06067,25,02,제주특별자치도 제주시 화삼로 32,33.513401650,126.57640973,20220315105012,,,,,단독,50,,,Y,2,2
4807,제주삼화lh2단지아파트,PWE06067,26,02,제주특별자치도 제주시 화삼로 32,33.513401650,126.57640973,20220315105012,20210903181513,20210904043308,,,단독,50,,,Y,2,2
4808,제주삼화lh2단지아파트,PWE06067,27,02,제주특별자치도 제주시 화삼로 32,33.513401650,126.57640973,20220315105012,20211227073727,20211227175520,,,단독,50,,,Y,2,2
4809,제주삼화lh2단지아파트,PWE06067,28,02,제주특별자치도 제주시 화삼로 32,33.513401650,126.57640973,20220315105012,,,,,단독,50,,,Y,2,2
4810,제주삼화lh2단지아파트,PWE06067,29,02,제주특별자치도 제주시 화삼로 32,33.513401650,126.57640973,20220315105012,,,,,단독,50,,,Y,2,2
4811,제주삼화lh2단지아파트,PWE06067,30,02,제주특별자치도 제주시 화삼로 32,33.513401650,126.57640973,20220315105013,,,,,단독,50,,,Y,2,2
4812,제주삼화lh2단지아파트,PWE06067,31,02,제주특별자치도 제주시 화삼로 32,33.513401650,126.57640973,20220315105013,20220313174615,20220314040409,,,단독,50,,,Y,2,2
4813,제주삼화lh2단지아파트,PWE06067,32,02,제주특별자치도 제주시 화삼로 32,33.513401650,126.57640973,20220315105013,,,,,단독,50,,,Y,2,2
4814,제주삼화lh2단지아파트,PWE06067,33,02,제주특별자치도 제주시 화삼로 32,33.513401650,126.57640973,20220315105013,,,,,단독,50,,,Y,2,2
4815,제주삼화lh2단지아파트,PWE06067,34,02,제주특별자치도 제주시 화삼로 32,33.513401650,126.57640973,20220315105013,,,,,단독,50,,,Y,2,2
4816,제주삼화lh2단지아파트,PWE06067,35,02,제주특별자치도 제주시 화삼로 32,33.513401650,126.57640973,20220315105013,,,,,단독,50,,,Y,2,2
4817,제주삼화lh2단지아파트,PWE06067,36,02,제주특별자치도 제주시 화삼로 32,33.513401650,126.57640973,20220315105013,,,,,단독,50,,,Y,2,2
4818,아라아이파크아파트,PWE06120,01,02,제주특별자치도 제주시 인다1길 20,33.477574121,126.55012483,20220315105015,20220310093641,20220310143639,,,단독,50,,,Y,2,2
4819,아라아이파크아파트,PWE06120,02,02,제주특별자치도 제주시 인다1길 20,33.477574121,126.55012483,20220315105015,20220306161356,20220306161947,,,단독,50,,,Y,2,2
4820,아라아이파크아파트,PWE06120,03,02,제주특별자치도 제주시 인다1길 20,33.477574121,126.55012483,20220315105015,20220308074135,20220308114126,,,단독,50,,,Y,2,2
4821,아라아이파크아파트,PWE06120,04,02,제주특별자치도 제주시 인다1길 20,33.477574121,126.55012483,20220315105015,20210909114940,20210909115059,,,단독,50,,,Y,2,2
4822,아라아이파크아파트,PWE06120,05,02,제주특별자치도 제주시 인다1길 20,33.477574121,126.55012483,20220315105015,,,,,단독,50,,,Y,2,2
4823,아라아이파크아파트,PWE06120,06,02,제주특별자치도 제주시 인다1길 20,33.477574121,126.55012483,20220315105015,20220203004528,20220203044528,,,단독,50,,,Y,2,2
4824,아라아이파크아파트,PWE06120,07,02,제주특별자치도 제주시 인다1길 20,33.477574121,126.55012483,20220315105015,20211228180332,20211229110322,,,단독,50,,,Y,2,2
4825,아라아이파크아파트,PWE06120,08,02,제주특별자치도 제주시 인다1길 20,33.477574121,126.55012483,20220315105015,20210925183103,20210926083058,,,단독,50,,,Y,2,2
4826,아라아이파크아파트,PWE06120,09,02,제주특별자치도 제주시 인다1길 20,33.477574121,126.55012483,20220315105015,20220222175942,20220223123521,,,단독,50,,,Y,2,2
4827,아라아이파크아파트,PWE06120,10,02,제주특별자치도 제주시 인다1길 20,33.477574121,126.55012483,20210928231810,,,,,단독,50,,,Y,9,9
4828,아라아이파크아파트,PWE06120,11,02,제주특별자치도 제주시 인다1길 20,33.477574121,126.55012483,20220315105015,,,,,단독,50,,,Y,2,2
4829,아라아이파크아파트,PWE06120,12,02,제주특별자치도 제주시 인다1길 20,33.477574121,126.55012483,20220315105015,,,,,단독,50,,,Y,2,2
4830,아라아이파크아파트,PWE06120,13,02,제주특별자치도 제주시 인다1길 20,33.477574121,126.55012483,20220315105015,,,,,단독,50,,,Y,2,2
4831,아라아이파크아파트,PWE06120,14,02,제주특별자치도 제주시 인다1길 20,33.477574121,126.55012483,20220315105015,,,,,단독,50,,,Y,2,2
4832,아라아이파크아파트,PWE06120,15,02,제주특별자치도 제주시 인다1길 20,33.477574121,126.55012483,20220315105015,20211008192759,20211009112755,,,단독,50,,,Y,2,2
4833,아라아이파크아파트,PWE06120,16,02,제주특별자치도 제주시 인다1길 20,33.477574121,126.55012483,20220315105015,,,,,단독,50,,,Y,2,2
4834,아라아이파크아파트,PWE06120,17,02,제주특별자치도 제주시 인다1길 20,33.477574121,126.55012483,20220315105015,,,,,단독,50,,,Y,2,2
4835,아라아이파크아파트,PWE06120,18,02,제주특별자치도 제주시 인다1길 20,33.477574121,126.55012483,20220315105015,,,,,단독,50,,,Y,2,2
4836,아라아이파크아파트,PWE06120,19,02,제주특별자치도 제주시 인다1길 20,33.477574121,126.55012483,20220315105015,,,,,단독,50,,,Y,2,2
4837,아라아이파크아파트,PWE06120,20,02,제주특별자치도 제주시 인다1길 20,33.477574121,126.55012483,20220315105014,20211220172520,20211220190512,,,단독,50,,,Y,2,2
4838,아라아이파크아파트,PWE06120,21,02,제주특별자치도 제주시 인다1길 20,33.477574121,126.55012483,20220315105014,,,,,단독,50,,,Y,2,2
4839,아라아이파크아파트,PWE06120,22,02,제주특별자치도 제주시 인다1길 20,33.477574121,126.55012483,20220315105014,,,,,단독,50,,,Y,2,2
4840,아라아이파크아파트,PWE06120,23,02,제주특별자치도 제주시 인다1길 20,33.477574121,126.55012483,20220315105014,,,,,단독,50,,,Y,2,2
4841,아라아이파크아파트,PWE06120,24,02,제주특별자치도 제주시 인다1길 20,33.477574121,126.55012483,20220315105014,,,,,단독,50,,,Y,2,2
4842,아라아이파크아파트,PWE06120,25,02,제주특별자치도 제주시 인다1길 20,33.477574121,126.55012483,20220315105014,20211204061645,20211204091843,,,단독,50,,,Y,2,2
4843,아라아이파크아파트,PWE06120,26,02,제주특별자치도 제주시 인다1길 20,33.477574121,126.55012483,20220315105014,20210929173201,20210929213200,,,단독,50,,,Y,2,2
4844,아라아이파크아파트,PWE06120,27,02,제주특별자치도 제주시 인다1길 20,33.477574121,126.55012483,20220315105014,,,,,단독,50,,,Y,2,2
4845,아라아이파크아파트,PWE06120,28,02,제주특별자치도 제주시 인다1길 20,33.477574121,126.55012483,20220315105014,20220115114152,20220115131148,,,단독,50,,,Y,2,2
4846,아라아이파크아파트,PWE06120,29,02,제주특별자치도 제주시 인다1길 20,33.477574121,126.55012483,20220315105014,20210909184744,20210910000741,,,단독,50,,,Y,2,2
4847,아라아이파크아파트,PWE06120,30,02,제주특별자치도 제주시 인다1길 20,33.477574121,126.55012483,20220315105014,,,,,단독,50,,,Y,2,2
4848,아라아이파크아파트,PWE06120,31,02,제주특별자치도 제주시 인다1길 20,33.477574121,126.55012483,20220315105014,20211219094203,20211219134158,,,단독,50,,,Y,2,2
4849,아라아이파크아파트,PWE06120,32,02,제주특별자치도 제주시 인다1길 20,33.477574121,126.55012483,20220315105014,,,,,단독,50,,,Y,2,2
4850,아라아이파크아파트,PWE06120,33,02,제주특별자치도 제주시 인다1길 20,33.477574121,126.55012483,20220315105014,20220203163238,20220203181022,,,단독,50,,,Y,2,2
4851,아라아이파크아파트,PWE06120,34,02,제주특별자치도 제주시 인다1길 20,33.477574121,126.55012483,20220315105014,20220203211617,20220204003614,,,단독,50,,,Y,2,2
4852,아라아이파크아파트,PWE06120,35,02,제주특별자치도 제주시 인다1길 20,33.477574121,126.55012483,20220315105014,20211211080435,20211211103052,,,단독,50,,,Y,2,2
4853,아라아이파크아파트,PWE06120,36,02,제주특별자치도 제주시 인다1길 20,33.477574121,126.55012483,20220315105014,20210831164311,20210831212310,,,단독,50,,,Y,2,2
4854,아라아이파크아파트,PWE06120,37,02,제주특별자치도 제주시 인다1길 20,33.477574121,126.55012483,20220315105014,20211230164353,20211230204351,,,단독,50,,,Y,2,2
4855,아라아이파크아파트,PWE06120,38,02,제주특별자치도 제주시 인다1길 20,33.477574121,126.55012483,20220315105014,20220121162431,20220121201427,,,단독,50,,,Y,2,2
4856,아라아이파크아파트,PWE06120,39,02,제주특별자치도 제주시 인다1길 20,33.477574121,126.55012483,20220315105014,,,,,단독,50,,,Y,2,2
4857,아라아이파크아파트,PWE06120,40,02,제주특별자치도 제주시 인다1길 20,33.477574121,126.55012483,20220315105014,20220208163637,20220208203627,,,단독,50,,,Y,2,2
4858,이도빌리지,SF000052,01,02,제주특별자치도 서귀포시 효돈로 119,33.264114,126.611630,20220619073642,20220607150627,20220607213704,20220607150627,3,단독,50,,,N,2,2
4859,꽃누리화원,SF000117,01,02,제주특별자치도 제주시 월랑북1길 13,33.491965,126.474615,20220619073640,20211125172657,20211126040905,,3,단독,50,,,N,4,4
4860,제주 하귀휴먼시아 1단지아파트,SF000138,01,02,제주특별자치도 제주시 애월읍 하귀9길 45,33.482732,126.416483,20220619073641,20220526091846,20220526155846,20220518215204,,,50,,,N,4,4
4861,제주 하귀휴먼시아 1단지아파트,SF000138,02,02,제주특별자치도 제주시 애월읍 하귀9길 45,33.482732,126.416483,20220625182444,20220625162122,20220625181127,20220625162122,,,50,,,N,2,2
4862,제주 하귀휴먼시아 1단지아파트,SF000138,03,02,제주특별자치도 제주시 애월읍 하귀9길 45,33.482732,126.416483,20220619073641,20211216085100,20211216091254,,,,50,,,N,4,4
4863,제주 하귀휴먼시아 1단지아파트,SF000138,04,02,제주특별자치도 제주시 애월읍 하귀9길 45,33.482732,126.416483,20220619073641,20211216191719,20211217070934,,,,50,,,N,4,4
4864,제주 하귀휴먼시아 1단지아파트,SF000138,05,02,제주특별자치도 제주시 애월읍 하귀9길 45,33.482732,126.416483,20220619073641,20211219125607,20211220123522,,,,50,,,N,4,4
4865,제주 하귀휴먼시아 1단지아파트,SF000138,06,02,제주특별자치도 제주시 애월읍 하귀9길 45,33.482732,126.416483,20220619073641,20220205124249,20220205161027,20220205124249,,,50,,,N,2,2
4866,제주 하귀휴먼시아 1단지아파트,SF000138,07,02,제주특별자치도 제주시 애월읍 하귀9길 45,33.482732,126.416483,20220619225443,20220619142126,20220619223747,20220619142126,,,50,,,N,2,2
4867,제주 하귀휴먼시아 1단지아파트,SF000138,08,02,제주특별자치도 제주시 애월읍 하귀9길 45,33.482732,126.416483,20220619073641,20211112194932,20211112194940,,,,50,,,N,4,4
4868,제주 하귀휴먼시아 1단지아파트,SF000138,09,02,제주특별자치도 제주시 애월읍 하귀9길 45,33.482732,126.416483,20220625143327,20220625094408,20220625142729,20220625094408,,,50,,,N,2,2
4869,제주 하귀휴먼시아 1단지아파트,SF000138,10,02,제주특별자치도 제주시 애월읍 하귀9길 45,33.482732,126.416483,20220619073641,20220307200328,20220308021741,20220307200328,,,50,,,N,2,2
4870,제주 하귀휴먼시아 1단지아파트,SF000138,11,02,제주특별자치도 제주시 애월읍 하귀9길 45,33.482732,126.416483,20220619073641,,,,,,50,,,N,2,2
4871,제주 하귀휴먼시아 1단지아파트,SF000138,12,02,제주특별자치도 제주시 애월읍 하귀9길 45,33.482732,126.416483,20220625175731,20220625164048,20220625171204,20220625173227,,,50,,,N,3,3
4872,제주 하귀휴먼시아 1단지아파트,SF000138,13,02,제주특별자치도 제주시 애월읍 하귀9길 45,33.482732,126.416483,20220619073640,20211215165319,20211216012203,,,,50,,,N,4,4
4873,제주 하귀휴먼시아 1단지아파트,SF000138,14,02,제주특별자치도 제주시 애월읍 하귀9길 45,33.482732,126.416483,20220619073640,20211215173209,20211215233548,,,,50,,,N,4,4
4874,제주 하귀휴먼시아 1단지아파트,SF000138,15,02,제주특별자치도 제주시 애월읍 하귀9길 45,33.482732,126.416483,20220625060455,20220624172732,20220625055506,20220624172732,3,단독,50,,,N,2,2
4875,제주 하귀휴먼시아 1단지아파트,SF000138,16,02,제주특별자치도 제주시 애월읍 하귀9길 45,33.482732,126.416483,20220625175203,20220623183744,20220624103412,20220625174033,,,50,,,N,3,3
4876,제주 하귀휴먼시아 1단지아파트,SF000138,17,02,제주특별자치도 제주시 애월읍 하귀9길 45,33.482732,126.416483,20220625210401,20220625142818,20220625205144,20220625142818,3,단독,50,,,N,2,2
4877,제주 하귀휴먼시아 1단지아파트,SF000138,18,02,제주특별자치도 제주시 애월읍 하귀9길 45,33.482732,126.416483,20220625210934,20220625130517,20220625162338,20220625204312,3,단독,50,,,N,3,3
4878,제주 하귀휴먼시아 1단지아파트,SF000138,19,02,제주특별자치도 제주시 애월읍 하귀9길 45,33.482732,126.416483,20220623141906,20220622202234,20220623101056,20220622202234,3,단독,50,,,N,4,4
4879,제주 하귀휴먼시아 1단지아파트,SF000138,20,02,제주특별자치도 제주시 애월읍 하귀9길 45,33.482732,126.416483,20220625141135,20220625121455,20220625140402,20220625121455,3,단독,50,,,N,2,2
4880,제주 하귀휴먼시아 1단지아파트,SF000138,21,02,제주특별자치도 제주시 애월읍 하귀9길 45,33.482732,126.416483,20220625032505,20220624221308,20220625030009,20220624221238,3,단독,50,,,N,2,2
4881,제주 하귀휴먼시아 1단지아파트,SF000138,22,02,제주특별자치도 제주시 애월읍 하귀9길 45,33.482732,126.416483,20220625170224,20220624214751,20220625095422,20220625165713,3,단독,50,,,N,3,3
4882,제주 하귀휴먼시아 1단지아파트,SF000138,23,02,제주특별자치도 제주시 애월읍 하귀9길 45,33.482732,126.416483,20220624072551,20220623163310,20220624071109,20220623163310,3,단독,50,,,N,2,2
4883,제주특별자치도 제주시 서사로8길 24 (저압수용가),SF000144,01,02,제주특별자치도 제주시 서사로8길 24,33.507402,126.517513,20220619073640,20210702102506,20210702102620,,3,단독,50,,,N,2,2
4884,제주특별자치도 제주시 조천읍 종인내길 335-162 (저압수용가),SF000152,01,02,제주특별자치도 제주시 조천읍 종인내길 335-162,33.491052,126.634847,20220619073641,20210215195341,20210216093327,,3,단독,50,,,N,2,2
4885,제주특별자치도 서귀포시 남원읍 태수로 144번길 239-10 (저압수용가),SF000193,01,02,제주특별자치도 서귀포시 남원읍 태수로144번길 239-10,33.305554,126.737596,20220619073641,20220120083909,20220120083944,20220119164734,3,단독,50,,,N,4,4
4886,한수풀타운하우스 (저압수용가),SF000264,02,02,제주특별자치도 제주시 한림읍 협재남6길 140,33.386498986,126.25412517,20220619073648,20220617094127,20220617181557,20220617094127,3,단독,50,,,N,2,2
4887,더펠리스1차아파트 (저압수용가),SF000266,01,02,제주특별자치도 제주시 우정로10길 29,33.488080728,126.42798109,20220619073642,20220418020158,20220418071538,20220408153007,3,단독,50,,,N,4,4
4888,더펠리스1차아파트 (저압수용가),SF000266,02,02,제주특별자치도 제주시 우정로10길 29,33.488080728,126.42798109,20220625225935,20220623133456,20220623191201,20220625223551,3,단독,50,,,N,3,3
4889,한전 KDN 제주지사 주차장,SF000369,02,02,제주특별자치도 제주시 서광로 124,33.499891568,126.50940860,20220619073645,20210803174909,20210803183012,,3,단독,50,,,N,2,2
4890,한전 KDN 제주지사 주차장,SF000369,03,02,제주특별자치도 제주시 서광로 124,33.499891568,126.50940860,20220619073645,20210714102851,20210714102932,,3,단독,50,,,N,2,2
4891,한전 KDN 제주지사 주차장,SF000369,04,02,제주특별자치도 제주시 서광로 124,33.499891568,126.50940860,20220619073645,20210728151801,20210728161119,,3,단독,50,,,N,2,2
4892,제주특별자치도 제주시 한경면 낙원로 92-48 (저압수용가),SF000410,01,02,제주특별자치도 제주시 한경면 낙원로 92-48,33.324535,126.217015,20220624070931,20220623175613,20220624064125,20220623175613,3,단독,50,,,N,2,2
4893,제주특별자치도 제주시 애월읍 사라길 144 (저압수용가),SF000445,01,02,제주특별자치도 제주시 애월읍 사라길 144,33.470341,126.443999,20220619073646,20220303192925,20220304012947,20220303192925,3,단독,50,,,Y,4,4
4894,제주특별자치도 제주시 애월읍 사라길 144 (저압수용가),SF000445,02,02,제주특별자치도 제주시 애월읍 사라길 144,33.470341,126.443999,20220625052121,20220619193613,20220625045509,20220619193613,3,단독,50,,,Y,2,2
4895,제주특별자치도 제주시 월산남2길 27-11 (저압수용가),SF000446,01,02,제주특별자치도 제주시 월산남2길 27-11,33.469295,126.463898,20220625201959,20220624203458,20220625043216,20220625163428,3,단독,50,,,N,3,3
4896,제주특별자치도 제주시 인다14길 34 (저압수용가),SF000606,01,02,제주특별자치도 제주시 인다14길 34,33.471427,126.549203,20220619073646,20220115183415,20220115220600,20220115183415,3,단독,50,,,N,2,2
4897,제주특별자치도 제주시 신산마을길 178-11 (저압수용가),SF000633,01,02,제주특별자치도 제주시 신산마을길 178-11,33.481175,126.455051,20220625043105,20220624213359,20220625040640,20220624213359,3,단독,50,,,N,2,2
4898,제주특별자치도 제주시 해안마을서4길 107-1 (저압수용가),SF000650,01,02,제주특별자치도 제주시 해안마을서4길 107-1,33.452916,126.452148,20220625223746,20220625165034,20220625170404,20220625205004,3,단독,50,,,N,3,3
4899,제주특별자치도 제주시 선사로8길 87 (저압수용가),SF000671,01,02,제주특별자치도 제주시 선사로8길 87,33.529939,126.592997,20220623094259,20220615182926,20220616050010,20220622145100,3,단독,50,,,N,2,2
4900,제주특별자치도 제주시 연미3길 9 (저압수용가),SF000715,01,02,제주특별자치도 제주시 연미3길 9,33.489532610,126.50721681,20220623101109,20220623063720,20220623100154,20220623063720,3,단독,50,,,N,2,2
4901,제주특별자치도 제주시 도련남길 97-1 (저압수용가),SF000722,01,02,제주특별자치도 제주시 도련남길 97-1,33.507025715,126.58127569,20220619073650,20220215120542,20220215120552,20220214131221,3,단독,50,,,N,4,4
4902,더그레이튼오피스텔,SF001096,01,02,제주특별자치도 서귀포시 서문로 4,33.252197349,126.55999617,20220619073654,,,,3,단독,50,,,N,2,2
4903,더그레이튼오피스텔,SF001096,02,02,제주특별자치도 서귀포시 서문로 4,33.252197349,126.55999617,20220619073654,,,,3,단독,50,,,N,2,2
4904,더그레이튼오피스텔,SF001096,03,02,제주특별자치도 서귀포시 서문로 4,33.252197349,126.55999617,20220619073654,,,,3,단독,50,,,N,2,2
4905,더그레이튼오피스텔,SF001096,04,02,제주특별자치도 서귀포시 서문로 4,33.252197349,126.55999617,20220619073654,,,,3,단독,50,,,N,2,2
4906,더그레이튼오피스텔,SF001096,05,02,제주특별자치도 서귀포시 서문로 4,33.252197349,126.55999617,20220619073654,,,,3,단독,50,,,N,2,2
4907,더그레이튼오피스텔,SF001096,06,02,제주특별자치도 서귀포시 서문로 4,33.252197349,126.55999617,20220619073654,,,,3,단독,50,,,N,2,2
4908,더그레이튼오피스텔,SF001096,07,02,제주특별자치도 서귀포시 서문로 4,33.252197349,126.55999617,20220619073654,,,,3,단독,50,,,N,2,2
4909,제주특별자치도 제주시 수덕5길 46 (저압수용가),SF002035,01,02,제주특별자치도 제주시 수덕5길 46,33.484692055,126.47405121,20220625004536,20220623225147,20220624010231,20220624224917,3,단독,50,,,N,2,2
4910,영진원룸 (저압수용가),SF002036,01,02,제주특별자치도 서귀포시 남원읍 태위로 708-1,33.279593786,126.72197233,20220625075127,20220624231802,20220625074257,20220624231802,3,단독,50,,,N,2,2
4911,삼화석유(주) 만남의광장주유소,SK630060,01,05,제주특별자치도 제주시 노형로 121,33.467742,126.457261,20220625191600,20220426171636,20220625191059,20220625190743,,,50,,,Y,2,2
4912,삼화석유(주) 만남의광장주유소,SK630060,02,05,제주특별자치도 제주시 노형로 121,33.467742,126.457261,20220624141633,20220425180431,20220624130310,20220624122315,,,50,,,Y,2,2
4913,삼화석유(주) 만남의광장주유소,SK630060,03,05,제주특별자치도 제주시 노형로 121,33.467742,126.457261,20220624171906,20220427124350,20220624171820,20220624163642,,,50,,,Y,2,2
4914,삼화석유(주) 만남의광장주유소,SK630060,04,05,제주특별자치도 제주시 노형로 121,33.467742,126.457261,20220625170409,20220427074550,20220625170048,20220625154927,,,50,,,Y,2,2
4915,삼화석유(주) 늘푸른충전소,SK631030,01,05,제주특별자치도 제주시 서광로 137,33.500335,126.511242,20220625213759,20220426200313,20220625213601,20220625201949,,,50,,,Y,2,2
4916,삼화석유(주) 늘푸른충전소,SK631030,02,05,제주특별자치도 제주시 서광로 137,33.500335,126.511242,20220625195633,20220426200024,20220625195302,20220625185944,,,50,,,Y,2,2
4917,삼화석유(주) 한동주유소,SK633090,01,05,제주특별자치도 제주시 구좌읍 일주동로 2761,33.540699,126.822070,20220624141634,20220425134542,20220620180351,20220620172054,,,50,,,Y,2,2
4918,삼화석유(주) 한동주유소,SK633090,02,05,제주특별자치도 제주시 구좌읍 일주동로 2761,33.540699,126.822070,20220624141634,20220417175350,20220606180338,20220606173411,,,50,,,Y,2,2
4919,삼화석유(주) 법환주유소,SK635020,01,05,제주특별자치도 서귀포시 일주동로 9173,33.248153,126.512598,20220625025218,20220427124119,20220622165204,20220622162807,,,50,,,Y,2,2
4920,삼화석유(주) 법환주유소,SK635020,02,05,제주특별자치도 서귀포시 일주동로 9173,33.248153,126.512598,20220625025218,20220427144153,20220623134119,20220623131946,,,50,,,Y,2,2
4921,삼화석유(주) 서귀주유소,SK635050,01,05,제주특별자치도 서귀포시 중정로 122,33.248467,126.569218,20220625015626,20220424115938,20220624160036,20220624160036,,,50,,,Y,2,2
4922,삼화석유(주) 서귀주유소,SK635050,02,05,제주특별자치도 서귀포시 중정로 122,33.248467,126.569218,20220625015626,20220426203839,20220624114643,20220624111645,,,50,,,Y,2,2
4923,삼화석유(주)에이스주유소,SK635080,01,05,제주특별자치도 서귀포시 일주동로 8513,33.255105,126.578896,20220624141634,20220412122941,20220608184350,20220412122941,,,50,,,Y,2,2
4924,삼화석유(주)에이스주유소,SK635080,02,05,제주특별자치도 서귀포시 일주동로 8513,33.255105,126.578896,20220624141634,20220422101230,20220622164635,20220622162834,,,50,,,Y,2,2
4925,킹덤타운,SM000102,01,02,제주특별자치도 서귀포시 표선면 가시로 349-15,33.343,126.79,20220625213000,20220625171624,20220625195421,20220625212817,7,단독,50,,,Y,3,3
4926,우리마을,SS000130,01,02,제주특별자치도 제주시 한림읍 한림상로 165,33.413248,126.26886,20220512173201,20220512162454,20220512173108,20220512162454,,,50,,,Y,2,2
4927,우리마을,SS000130,02,02,제주특별자치도 제주시 한림읍 한림상로 165,33.413248,126.26886,20220324200600,20220324190413,20220324200437,20220324190413,,,50,,,Y,2,2
4928,국빈대반점,SS000132,01,02,제주특별자치도 제주시 월광로 127,33.490999,126.471972,20220625151000,20220625134138,20220625150933,20220625134138,,,50,,,Y,2,2
4929,국빈대반점,SS000132,02,02,제주특별자치도 제주시 월광로 127,33.490999,126.471972,20220624120200,20220624090532,20220624120106,20220624090532,,,50,,,Y,2,2
4930,명리동식당애월점,SS000133,01,02,제주특별자치도 제주시 애월읍 애월해안로 384-8,33.472423,126.349231,20220625211600,20220625171503,20220625205527,20220625171503,,,50,,,Y,2,2
4931,명리동식당애월점,SS000133,02,02,제주특별자치도 제주시 애월읍 애월해안로 384-8,33.472423,126.349231,20220622065600,20220622014530,20220622063606,20220622014530,,,50,,,Y,2,2
4932,투앤티영,SS000134,01,02,제주특별자치도 제주시 애월읍 애월해안로 384-31,33.47103,126.35061,20220515231200,20220515220140,20220515230638,20220515220140,,,50,,,Y,2,2
4933,투앤티영,SS000134,02,02,제주특별자치도 제주시 애월읍 애월해안로 384-31,33.47103,126.35061,20220529233600,20220529183203,20220529231726,20220529183203,,,50,,,Y,2,2
4934,어영삼다도횟집1호점,SS000135,01,02,제주특별자치도 제주시 서해안로 568,33.519276,126.499136,20220618142000,20220608091701,19700101090000,20220429175726,,,50,,,Y,2,2
4935,어영삼다도횟집1호점,SS000135,02,02,제주특별자치도 제주시 서해안로 568,33.519276,126.499136,20220618142000,20220525151602,20220525151839,20220525151602,,,50,,,Y,2,2
4936,에덴호스텔,SS000136,01,02,제주특별자치도 제주시 서해안로 456-12,33.518446,126.48931,20220604020201,20220603231849,20220604020127,20220603231849,,,50,,,Y,2,2
4937,에덴호스텔,SS000136,02,02,제주특별자치도 제주시 서해안로 456-12,33.518446,126.48931,20220603232001,20220603231713,20220603231914,,,,50,,,Y,2,2
4938,순수한둠비도두점,SS000137,01,02,제주특별자치도 제주시 서해안로 354,33.510434,126.483021,20220620180458,20220127184535,20220127184732,20220113185620,,,50,,,Y,4,4
4939,순수한둠비도두점,SS000137,02,02,제주특별자치도 제주시 서해안로 354,33.510434,126.483021,20220620180458,20220131100420,20220131103915,20220131100420,,,50,,,Y,4,4
4940,섬횟집,SS000138,01,02,제주특별자치도 제주시 서해안로 242,33.508886,126.471769,20220213222801,20220305124118,19700101090000,20220112193539,,,50,,,Y,2,2
4941,섬횟집,SS000138,02,02,제주특별자치도 제주시 서해안로 242,33.508886,126.471769,20220118190004,20211227155647,20211227170045,20211227155647,,,50,,,Y,2,2
4942,조은게마씸,SS000139,01,02,제주특별자치도 서귀포시 표선면 표선동서로 115,33.322533,126.822863,20220622233800,20220622232832,20220622233706,20220622232832,,,50,,,Y,2,2
4943,조은게마씸,SS000139,02,02,제주특별자치도 서귀포시 표선면 표선동서로 115,33.322533,126.822863,20220623014000,20220622233931,20220623012011,20220622233931,,,50,,,Y,2,2
4944,영빈횟집,SS000140,01,02,제주특별자치도 서귀포시 칠십리로 129,33.243287,126.567959,20220625181600,20220618135018,20220618141419,20220618135018,,,50,,,Y,2,2
4945,영빈횟집,SS000140,02,02,제주특별자치도 서귀포시 칠십리로 129,33.243287,126.567959,20220625183600,20220625181655,20220625182022,20220625181655,,,50,,,Y,2,2
4946,해리안호텔,SS000141,01,02,제주특별자치도 서귀포시 천제연로 153,33.252869,126.421503,20220625233200,20220625191231,20220625233016,20220625191231,,,50,,,Y,2,2
4947,해리안호텔,SS000141,02,02,제주특별자치도 서귀포시 천제연로 153,33.252869,126.421503,20220625093200,20220623172551,20220623225605,20220623172551,,,50,,,Y,2,2
4948,맛존디,SS000142,01,02,제주특별자치도 서귀포시 중문로 86,33.258678,126.427174,20220228070401,20220227232446,20220228070344,20220227232446,,,50,,,Y,2,2
4949,맛존디,SS000142,02,02,제주특별자치도 서귀포시 중문로 86,33.258678,126.427174,20220205071400,20220204225706,20220205065232,20220204225706,,,50,,,Y,2,2
4950,텐저린,SS000143,01,02,제주특별자치도 서귀포시 이어도로 880,33.236366,126.509094,20220609184600,20220609181903,20220609184406,20220609181903,,,50,,,Y,2,2
4951,텐저린,SS000143,02,02,제주특별자치도 서귀포시 이어도로 880,33.236366,126.509094,20220624074201,20220623191357,19700101090000,20220620123339,,,50,,,Y,2,2
4952,조케네가든,SS000144,01,02,제주특별자치도 서귀포시 성산읍 신천동로13번길 27,33.347813,126.853722,20220621202000,20220621183705,20220621201838,20220621183705,,,50,,,Y,2,2
4953,조케네가든,SS000144,02,02,제주특별자치도 서귀포시 성산읍 신천동로13번길 27,33.347813,126.853722,20220625234600,20220625180937,20220625234454,20220625180937,,,50,,,Y,3,2
4954,제주오누이,SS000145,01,02,제주특별자치도 제주시 구좌읍 해맞이해안로 972,33.542552,126.828131,20220622162400,20220622154527,20220622162335,20220622154527,,,50,,,Y,2,2
4955,제주오누이,SS000145,02,02,제주특별자치도 제주시 구좌읍 해맞이해안로 972,33.542552,126.828131,20220615130801,20220526180224,20220526191556,20220526180224,,,50,,,Y,2,2
4956,보말명가,SS000146,01,02,제주특별자치도 서귀포시 성산읍 성산등용로 44,33.46679,126.930598,20220622210201,20220622191003,20220622210144,20220622191003,,,50,,,Y,2,2
4957,보말명가,SS000146,02,02,제주특별자치도 서귀포시 성산읍 성산등용로 44,33.46679,126.930598,20220619201600,20220604071718,20220604091404,20220604071718,,,50,,,Y,2,2
4958,소풍이야기1동민박,SS000147,01,02,제주특별자치도 제주시 애월읍 애월해안로 832,33.488677,126.387399,20220618235001,20220618211118,20220618234933,20220618211118,,,50,,,Y,2,2
4959,소풍이야기1동민박,SS000147,02,02,제주특별자치도 제주시 애월읍 애월해안로 832,33.488677,126.387399,20220618090600,20220425195843,20220425231635,20220425195843,,,50,,,Y,2,2
4960,돌담위에흑돼지,SS000148,01,02,제주특별자치도 제주시 애월읍 애월해안로 608,33.477903,126.368415,20220625000003,20220624182659,20220624235805,20220624182659,,,50,,,Y,2,2
4961,돌담위에흑돼지,SS000148,02,02,제주특별자치도 제주시 애월읍 애월해안로 608,33.477903,126.368415,20220621182400,20220427205223,20220428070326,20220427205223,,,50,,,Y,2,2
4962,옛고을흑돼지구이,SS000149,01,02,제주특별자치도 서귀포시 표선면 민속해안로97번길 35,33.30781,126.809768,20220623123600,20220623121502,20220623121523,20220619102240,,,50,,,Y,2,2
4963,옛고을흑돼지구이,SS000149,02,02,제주특별자치도 서귀포시 표선면 민속해안로97번길 35,33.30781,126.809768,20220619064400,20220618230615,20220619064200,20220618230615,,,50,,,Y,2,2
4964,달보드레,SS000150,01,02,제주특별자치도 서귀포시 표선면 민속해안로 635,33.32535,126.837825,20220504185400,20220504175541,20220504185217,20220504175541,,,50,,,Y,2,2
4965,달보드레,SS000150,02,02,제주특별자치도 서귀포시 표선면 민속해안로 635,33.32535,126.837825,20220504175601,20220418003626,20220418074140,20220418003626,,,50,,,Y,2,2
4966,돌하르방뚝배기식당,SS000152,01,02,제주특별자치도 서귀포시 성산읍 일출로 264,33.461201,126.933909,20220614195001,20220614184712,20220614194806,20220614184712,,,50,,,Y,2,2
4967,돌하르방뚝배기식당,SS000152,02,02,제주특별자치도 서귀포시 성산읍 일출로 264,33.461201,126.933909,20220614184800,20220614184209,19700101090000,20220603204428,,,50,,,Y,2,2
4968,제주푸른케어,SS000153,01,02,제주특별자치도 서귀포시 마소물로135번길 64,33.258499,126.591681,20220401061600,20220401000021,20220401055644,20220401000021,,,50,,,Y,2,2
4969,제주푸른케어,SS000153,02,02,제주특별자치도 서귀포시 마소물로135번길 64,33.258499,126.591681,20220118190002,20210113144402,20210113144707,,,,50,,,Y,2,2
4970,제주룩스호텔,SS000155,01,02,제주특별자치도 서귀포시 성산읍 동류암로 38,33.449088,126.916302,20220624232600,20220603194804,20220604041832,20220603194804,,,50,,,Y,2,2
4971,제주룩스호텔,SS000155,02,02,제주특별자치도 서귀포시 성산읍 동류암로 38,33.449088,126.916302,20220621110200,20220621105341,20220621110112,20220621105341,,,50,,,Y,2,2
4972,나비스호스텔,SS000158,01,02,제주특별자치도 제주시 애월읍 애월해안로 885,33.486234,126.391627,20220625224205,20220625190721,20220625224124,20220625190721,,,50,,,Y,2,2
4973,나비스호스텔,SS000158,02,02,제주특별자치도 제주시 애월읍 애월해안로 885,33.486234,126.391627,20220625190800,20220623161132,20220623180855,20220623161132,,,50,,,Y,2,2
4974,장두용,SS000159,01,02,제주특별자치도 제주시 연삼로 422,33.496193,126.536504,20220604224000,20220604193817,20220604221845,20220604193817,,,50,,,Y,2,2
4975,장두용,SS000159,02,02,제주특별자치도 제주시 연삼로 422,33.496193,126.536504,20220118190004,20210113121433,20210113121742,,,,50,,,Y,2,2
4976,농업회사법인 주식회사 별꽃,SS0VOMSD,01,02,제주특별자치도 제주시 한림읍 광산로 491-1,33.369992,126.320739,20220623114015,20220623095430,20220623111803,20220623095430,7,단독,50,,,Y,2,2
4977,성환사라봉아파트,SS0VOMU4,01,02,제주특별자치도 제주시 고마로13길 41,33.510807,126.541808,20220625093102,20220531072929,20220531104219,20220531072929,7,단독,50,,,Y,3,3
4978,성환사라봉아파트,SS0VOMU4,02,02,제주특별자치도 제주시 고마로13길 41,33.510807,126.541808,20220625092128,20220623072623,20220623095410,20220625085843,7,단독,50,,,Y,3,3
4979,코즈게스트하우스,ST500001,01,02,제주특별자치도 서귀포시 안덕면 동광로100번길 20,33.304282,126.338667,20220622102549,20220127211046,20220127223210,20220127211046,7,단독,50,,,Y,2,2
4980,대한예수교장로회법환교회,ST500002,01,02,제주특별자치도 서귀포시 일주서로43번길 38,33.247511,126.505629,20220605132200,20220206080223,20220206122024,20220206080223,7,단독,50,,,Y,2,2
4981,대한예수교장로회법환교회,ST500002,02,02,제주특별자치도 서귀포시 일주서로43번길 38,33.247511,126.505629,20220621213551,20220217214743,20220218033645,20220217214743,7,단독,50,,,Y,2,2
4982,조천리 새마을회,ST500003,01,02,제주특별자치도 제주시 조천읍 신북로 246-1,33.536841,126.638808,20220625225129,20220622141512,20220625020347,20220622141512,7,단독,50,,,Y,3,3
4983,조천리 새마을회,ST500003,02,02,제주특별자치도 제주시 조천읍 신북로 246-1,33.536841,126.638808,20220625194110,20220220073331,20220220145832,20220616220214,7,단독,50,,,Y,3,3
4984,대원상록수10차아파트(입주민 전용),ST500004,01,02,제주특별자치도 제주시 우령2길 2,33.488988,126.431469,20220625110132,20220216144918,20220217002119,20220216144918,7,단독,50,,,Y,2,2
4985,바로가스상사,ST500005,01,02,제주특별자치도 제주시 오광로 138,33.483605,126.461195,20220625194105,20220621201907,20220621222549,20220622160634,7,단독,50,,,Y,2,2
4986,바로가스상사,ST500005,02,02,제주특별자치도 제주시 오광로 138,33.483605,126.461195,20220625200140,20220623152608,20220625000120,20220623152608,7,단독,50,,,Y,3,3
4987,오션퍼스트 민박,ST500006,01,02,제주특별자치도 제주시 애월읍 부룡수길 10,33.474993,126.354219,20220421183131,20220217145306,20220217171158,20220217210005,7,단독,50,,,Y,2,2
4988,대박이네마트,ST500007,01,02,제주특별자치도 제주시 애월읍 일주서로 7053,33.483276,126.403096,20220420074134,20220220135650,20220221165434,20220221211735,7,단독,50,,,Y,2,2
4989,대박이네마트,ST500007,02,02,제주특별자치도 제주시 애월읍 일주서로 7053,33.483276,126.403096,20220412233704,20211220211421,20211220213011,20211220211421,7,단독,50,,,Y,1,1
4990,휴스토리 애월(입주민 전용),ST500008,01,02,제주특별자치도 제주시 애월읍 하소로 180,33.465754,126.392125,20220625195200,20220221150951,20220221214845,20220620022733,7,단독,50,,,Y,2,2
4991,휴스토리 애월(입주민 전용),ST500008,02,02,제주특별자치도 제주시 애월읍 하소로 180,33.465754,126.392125,20220625125111,20220219125152,20220622000239,20220625113745,7,단독,50,,,Y,2,2
4992,이마트 제주점(야외1층주차장),ST501101,01,05,제주특별자치도 제주시 탑동로,33.518335,126.520577,20220625152602,20220619133835,20220621190644,20220623165806,100,단독,50,,,Y,2,2
4993,이마트 제주점(야외1층주차장),ST501101,02,05,제주특별자치도 제주시 탑동로,33.518335,126.520577,20220625181813,20220623145258,20220623152952,20220624103225,100,단독,50,,,Y,2,2
4994,이마트 제주점(야외1층주차장),ST501101,03,05,제주특별자치도 제주시 탑동로,33.518335,126.520577,20220625215134,20220615160922,20220618171345,20220622183315,100,단독,50,,,Y,2,2
4995,이마트 제주점(야외1층주차장),ST501101,04,05,제주특별자치도 제주시 탑동로,33.518335,126.520577,20220624150845,20220221205551,20220221212507,20220618231510,100,단독,50,,,Y,2,2
4996,이마트 제주점(야외1층주차장),ST501101,05,05,제주특별자치도 제주시 탑동로,33.518335,126.520577,20220624195132,20211224202058,20211224210039,20211224202058,100,단독,50,,,Y,2,2
4997,이마트 제주점(야외1층주차장),ST501101,06,05,제주특별자치도 제주시 탑동로,33.518335,126.520577,20220624220145,20220219153838,20220220080439,20220623202310,100,단독,50,,,Y,2,2
4998,이마트 제주점(야외1층주차장),ST501101,07,05,제주특별자치도 제주시 탑동로,33.518335,126.520577,20220625160616,20220619192029,20220621153803,20220624192009,100,단독,50,,,Y,2,2
4999,이마트 제주점(야외1층주차장),ST501101,08,05,제주특별자치도 제주시 탑동로,33.518335,126.520577,20220625142136,20220219213655,20220220161652,20220624201506,100,단독,50,,,Y,2,2
5000,이마트 제주점(야외1층주차장),ST501101,09,05,제주특별자치도 제주시 탑동로,33.518335,126.520577,20220625105127,20220616124813,20220616132323,20220624131910,100,단독,50,,,Y,2,2
5001,이마트 제주점(야외1층주차장),ST501101,10,05,제주특별자치도 제주시 탑동로,33.518335,126.520577,20220625135604,20220615175440,20220618174315,20220622171124,100,단독,50,,,Y,2,2
5002,이마트 제주점(야외1층주차장),ST501101,11,05,제주특별자치도 제주시 탑동로,33.518335,126.520577,20220625233815,20220221200743,20220618110617,20220625230727,100,단독,50,,,Y,2,2
5003,이마트 제주점(야외1층주차장),ST501101,12,05,제주특별자치도 제주시 탑동로,33.518335,126.520577,20220625222636,20220625151529,20220625174442,20220625212820,100,단독,50,,,Y,2,2
5004,이마트 제주점(야외1층주차장),ST501101,13,05,제주특별자치도 제주시 탑동로,33.518335,126.520577,20220623123205,20220221053347,20220221104955,20220222094133,100,단독,50,,,Y,2,2
5005,이마트 제주점(야외1층주차장),ST501101,14,05,제주특별자치도 제주시 탑동로,33.518335,126.520577,20220625151631,20220616120655,20220616124806,20220625100822,100,단독,50,,,Y,2,2
5006,이마트 제주점(야외1층주차장),ST501101,15,05,제주특별자치도 제주시 탑동로,33.518335,126.520577,20220625230629,20220220070124,20220220073138,20220623013338,100,단독,50,,,Y,2,2
5007,이마트 제주점(야외1층주차장),ST501101,16,05,제주특별자치도 제주시 탑동로,33.518335,126.520577,20220513220147,20220218143817,20220218155658,20220218143817,100,단독,50,,,Y,2,2
5008,이마트 신제주점 (지상5층주차장),ST501102,01,05,제주특별자치도 제주시 1100로,33.484708,126.48088,20220624193138,20220219101617,20220219111441,20220624183952,100,단독,50,,,N,2,2
5009,이마트 신제주점 (지상5층주차장),ST501102,02,05,제주특별자치도 제주시 1100로,33.484708,126.48088,20220624224103,20220614135537,20220614141038,20220621203437,100,단독,50,,,N,2,2
5010,이마트 신제주점 (지상5층주차장),ST501102,03,05,제주특별자치도 제주시 1100로,33.484708,126.48088,20220624204113,20220617205916,20220617205922,20220623173200,100,단독,50,,,N,2,2
5011,이마트 신제주점 (지상5층주차장),ST501102,04,05,제주특별자치도 제주시 1100로,33.484708,126.48088,20220623170807,20220221184256,20220221203257,20220623113810,100,단독,50,,,N,2,2
5012,이마트 신제주점 (지상5층주차장),ST501102,05,05,제주특별자치도 제주시 1100로,33.484708,126.48088,20220624201648,20220220172857,20220221105049,20220615163622,100,단독,50,,,N,2,2
5013,이마트 신제주점 (지상5층주차장),ST501102,06,05,제주특별자치도 제주시 1100로,33.484708,126.48088,20220623190113,20220220154832,20220221192200,20220621201229,100,단독,50,,,N,2,2
5014,이마트 신제주점 (지상5층주차장),ST501102,07,05,제주특별자치도 제주시 1100로,33.484708,126.48088,20220624205828,20220221203443,20220222125853,20220623154715,100,단독,50,,,N,2,2
5015,이마트 신제주점 (지상5층주차장),ST501102,08,05,제주특별자치도 제주시 1100로,33.484708,126.48088,20220624223618,20220220190638,20220222125235,20220621181337,100,단독,50,,,N,2,2
5016,이마트 신제주점 (지상5층주차장),ST501102,09,05,제주특별자치도 제주시 1100로,33.484708,126.48088,20220623170807,20220614210424,20220617213546,20220623162747,100,단독,50,,,N,2,2
5017,이마트 신제주점 (지상5층주차장),ST501102,10,05,제주특별자치도 제주시 1100로,33.484708,126.48088,20220624175836,20220218202635,20220220211239,20220621185454,100,단독,50,,,N,2,2
5018,이마트 신제주점 (지상5층주차장),ST501102,11,05,제주특별자치도 제주시 1100로,33.484708,126.48088,20220623175147,20220620133815,20220622134451,20220622185441,100,단독,50,,,N,2,2
5019,이마트 신제주점 (지상5층주차장),ST501102,12,05,제주특별자치도 제주시 1100로,33.484708,126.48088,20220624175313,20220621154714,20220621161703,20220621154714,100,단독,50,,,N,2,2
5020,이마트 신제주점 (지상5층주차장),ST501102,13,05,제주특별자치도 제주시 1100로,33.484708,126.48088,20220624194340,20220622220920,20220622223907,20220622220920,100,단독,50,,,N,2,2
5021,이마트 신제주점 (지상5층주차장),ST501102,14,05,제주특별자치도 제주시 1100로,33.484708,126.48088,20220624175836,20220221182340,20220617213752,20220221182340,100,단독,50,,,N,2,2
5022,이마트 신제주점 (지상5층주차장),ST501102,15,05,제주특별자치도 제주시 1100로,33.484708,126.48088,20220624223618,20220623222610,20220624184329,20220623222610,100,단독,50,,,N,2,2
5023,이마트 신제주점 (지상5층주차장),ST501102,16,05,제주특별자치도 제주시 1100로,33.484708,126.48088,20220624220816,20220219190226,20220219194709,20220219190226,100,단독,50,,,N,2,2
5024,기아오토큐 외도점,ST501104,01,05,제주특별자치도 제주시 연대마을길,33.492493,126.424064,20220625223115,20220221095436,20220221105607,20220622183320,50,단독,50,,,Y,2,2
5025,CU 제주사리탑교차로점,ST501105,01,05,제주특별자치도 제주시 조천읍 조천우회로,33.527824,126.633175,20220622175552,20220616153522,20220618173912,20220616153522,50,단독,50,,,Y,2,2
5026,CU 제주동부관광점,ST501106,01,05,제주특별자치도 제주시 조천읍 일주동로,33.534621,126.642957,20220625081608,20220220103437,20220221202838,20220622170737,50,단독,50,,,Y,2,2
5027,(주)미라클,ST501107,01,02,제주특별자치도 제주시 서해안로 346-14,33.509375,126.481373,20220618184246,20220616214717,20220617005634,20220216145116,7,단독,50,,,Y,2,2
5028,(주)미라클,ST501107,02,02,제주특별자치도 제주시 서해안로 346-14,33.509375,126.481373,20220625193631,20220219210058,20220220105532,20220615220239,7,단독,50,,,Y,2,2
5029,베니스타워,ST501108,01,02,제주특별자치도 제주시 서해안로 346-9,33.509596,126.481999,20220614062039,20220102101834,20220102115815,20220102101834,7,단독,50,,,Y,2,2
5030,베니스타워,ST501108,02,02,제주특별자치도 제주시 서해안로 346-9,33.509596,126.481999,20220612023736,20220116213420,20220117050521,20220116213420,7,단독,50,,,Y,2,2
5031,이도 주원라비앙(입주민 전용),ST501109,01,02,제주특별자치도 제주시 가령로 58,33.499024,126.536267,20220523064430,20211125120613,20211125125145,20211125120613,7,단독,50,,,Y,2,2
5032,(주)유티에스골프빌리지,ST501110,01,02,제주특별자치도 제주시 애월읍 광령평화2길 170-2,33.430639,126.434578,20220608121823,20220131203847,20220201023947,20220131203847,7,단독,50,,,Y,2,2
5033,(주)유티에스골프빌리지,ST501110,02,02,제주특별자치도 제주시 애월읍 광령평화2길 170-2,33.430639,126.434578,20220606213707,20220118220405,20220119013806,20220118220405,7,단독,50,,,Y,2,2
5034,허니루체하임(입주민 전용),ST501112,01,02,제주특별자치도 제주시 가령로1길 11,33.504286,126.538104,20220625224109,20220214200127,20220215035740,20220214200127,7,단독,50,,,Y,3,3
5035,태산봉(봉해장국),ST501113,01,02,제주특별자치도 제주시 성지로 67-1,33.511642,126.530423,20220625213139,20220221195340,20220614151610,20220625212926,7,단독,50,,,Y,3,3
5036,외도 해밀마루 아파트(입주민 전용),ST501114,01,02,제주특별자치도 제주시 우정로15길 48,33.488875,126.432824,20220624005105,20220616170755,20220617172937,20220621190627,7,단독,50,,,Y,2,2
5037,외도 해밀마루 아파트(입주민 전용),ST501114,02,02,제주특별자치도 제주시 우정로15길 48,33.488875,126.432824,20220625230629,20220219173223,20220219195208,20220625230149,7,단독,50,,,Y,3,3
5038,CU제주대박점,ST501115,01,05,제주특별자치도 제주시 애월읍 일주서로 7053,33.483298,126.403092,20220625145729,20220618194020,20220622095558,20220624142808,50,단독,50,,,Y,2,2
5039,CU조천사거리점,ST501116,01,05,제주특별자치도 제주시 조천읍 조천16길 2,33.537689,126.640201,20220625221105,20220615163614,20220620232818,20220615163614,50,단독,50,,,Y,2,2
5040,제주 TP,ST501118,01,05,제주특별자치도 제주시 첨단로 241,33.451383,126.571588,20220623124702,20220614102110,20220614104128,20220622185603,50,단독,50,,,Y,1,1
5041,제주 TP,ST501118,02,05,제주특별자치도 제주시 첨단로 241,33.451383,126.571588,20220625214344,20220623171624,20220625120044,20220623171624,50,단독,50,,,Y,2,2
5042,재현가게,ST501119,01,02,제주특별자치도 제주시 광양7길 32-9,33.501216,126.532969,20220621112138,20220121171634,20220121224337,20220121171634,7,단독,50,,,Y,2,2
5043,재현가게,ST501119,02,02,제주특별자치도 제주시 광양7길 32-9,33.501216,126.532969,20220614142547,20211116105306,20211116105533,20211116105306,7,단독,50,,,Y,2,2
5044,그린나래(입주민 전용),ST501120,01,02,제주특별자치도 제주시 구산서길 29,33.502103,126.526635,20220625201833,20220219163406,20220219182808,20220218095756,7,단독,50,,,Y,3,3
5045,비치펠리스(입주민 전용),ST501121,01,02,제주특별자치도 제주시 구좌읍 면수길 34,33.523811,126.866526,20220625223822,20220617160456,20220617172907,20220623211353,7,단독,50,,,Y,3,3
5046,골든뷰(입주민 전용),ST501122,01,02,제주특별자치도 제주시 애월읍 신엄안3길 102,33.472602,126.357215,20220508233140,20220130103853,20220130115350,20220130103853,7,단독,50,,,Y,2,2
5047,이타스3차자치회,ST501123,01,02,제주특별자치도 제주시 과원북4길 17,33.481369,126.484076,20220625153635,20220621115438,20220623212354,20220625122545,7,단독,50,,,Y,2,2
5048,이타스3차자치회,ST501123,02,02,제주특별자치도 제주시 과원북4길 17,33.481369,126.484076,20220625140111,20220221130654,20220221152455,20220624055612,7,단독,50,,,Y,2,2
5049,새김녕의원,ST501124,01,02,제주특별자치도 제주시 구좌읍 김녕로 116,33.554821,126.750451,20220621011612,20220209073937,20220209083545,20220209073937,7,단독,50,,,Y,2,2
5050,휴스토리3차,ST501125,01,02,제주특별자치도 제주시 우평로 198,33.481981,126.445577,20220625222103,20220216190114,20220216224314,20220218145115,7,단독,50,,,Y,2,2
5051,BGF 제주한북로점(CU),ST501126,01,05,제주특별자치도 제주시 한북로 165,33.462966,126.533709,20220625221610,20220625193317,20220625202019,20220625220619,50,단독,50,,,Y,2,2
5052,제주킹스토아,ST501127,01,05,제주특별자치도 제주시 동문로 82,33.5135,126.535551,20220623114608,20220614150003,20220616194911,20220620081734,50,단독,50,,,Y,1,1
5053,영도갤럭시타운(입주민 전용),ST501128,01,02,제주특별자치도 제주시 도련3길 17,33.508305,126.5863,20220621221635,20220212210344,20220213041020,20220212210344,7,단독,50,,,Y,2,2
5054,영도갤럭시타운(입주민 전용),ST501128,02,02,제주특별자치도 제주시 도련3길 17,33.508305,126.5863,20220620125103,20220221131432,20220620124721,20220217075926,7,단독,50,,,Y,2,2
5055,영도갤럭시타운(입주민 전용),ST501128,03,02,제주특별자치도 제주시 도련3길 17,33.508305,126.5863,20220420083129,20220112171326,20220112183403,20220112171326,7,단독,50,,,Y,2,2
5056,영도갤럭시타운(입주민 전용),ST501128,04,02,제주특별자치도 제주시 도련3길 17,33.508305,126.5863,20220625180839,20211028075014,20211028124627,,7,단독,50,,,Y,2,2
5057,영도갤럭시타운(입주민 전용),ST501128,05,02,제주특별자치도 제주시 도련3길 17,33.508305,126.5863,20220420014126,20211005113203,20211005120031,,7,단독,50,,,Y,2,2
5058,기아오토큐 제주아라영평점,ST501129,01,05,제주특별자치도 제주시 포제길 7,33.471438,126.569891,20220625162608,20220619125313,20220622224621,20220624203108,50,단독,50,,,Y,2,2
5059,제주 라메르타운,ST501130,01,02,제주특별자치도 제주시 도련남길 59-1,33.506428,126.585725,20220622033047,20220212074815,20220212122717,20220212074815,7,단독,50,,,N,2,2
5060,제주 라메르타운,ST501130,02,02,제주특별자치도 제주시 도련남길 59-1,33.506428,126.585725,20220624194632,20220613173626,20220613182140,20220624190946,7,단독,50,,,N,2,2
5061,제주 라메르타운,ST501130,03,02,제주특별자치도 제주시 도련남길 59-1,33.506428,126.585725,20220624214337,20220218205051,20220219185348,20220616045818,7,단독,50,,,N,2,2
5062,제주 라메르타운,ST501130,04,02,제주특별자치도 제주시 도련남길 59-1,33.506428,126.585725,20220611064735,20210423134454,20210526180341,,7,단독,50,,,N,2,2
5063,제주아리랑렌트카(이용자제한),ST501131,01,04,제주특별자치도 제주시 용마서길 34,33.514956660,126.50206693,20220625180846,20220625093625,20220625103735,20220625171504,100,동시,50,,,Y,2,2
5064,제주아리랑렌트카(이용자제한),ST501131,02,04,제주특별자치도 제주시 용마서길 34,33.514956660,126.50206693,20220625151636,20220624185856,20220624201806,20220625143808,100,동시,50,,,Y,2,2
5065,제주아리랑렌트카(이용자제한),ST501131,03,04,제주특별자치도 제주시 용마서길 34,33.514956660,126.50206693,20220625205159,20220220093748,20220220115323,20220220120353,100,동시,50,,,Y,2,2
5066,제주아리랑렌트카(이용자제한),ST501131,04,04,제주특별자치도 제주시 용마서길 34,33.514956660,126.50206693,20220625200641,20220220101408,20220220120359,20220220101408,100,동시,50,,,Y,2,2
5067,기아자동차 동제주지점,ST501132,01,04,제주특별자치도 제주시 동문로 153,33.5134059,126.5429386,20220625173609,20220625142441,20220625144026,20220625171458,50,단독,50,,,Y,2,2
5068,기아자동차 한라대리점,ST501133,01,04,제주특별자치도 제주시 연삼로 177,33.4930562,126.5115904,20220625142558,20220624085051,20220624092647,20220625135507,50,단독,50,,,Y,2,2
5069,현대자동차 제주하귀대리점,ST501134,01,04,제주특별자치도 제주시 애월읍 일주서로 7179,33.4873974,126.4153593,20220623221607,20220623194651,20220623201013,20220623213731,50,단독,50,,,Y,2,2
5070,제주평화렌트카,ST501135,01,02,제주특별자치도 제주시 용해로 119,33.507038,126.5054836,20220618200348,20220131180657,20220131235216,20220131180657,7,단독,50,,,N,2,2
5071,제주 보고타렌트카(이용자제한),ST501136,01,04,제주특별자치도 제주시 일주서로 7847-3,33.4941162,126.4851347,20220625160618,20220203171236,20220203174636,20220203171236,100,동시,50,,,Y,2,2
5072,제주 보고타렌트카(이용자제한),ST501136,02,04,제주특별자치도 제주시 일주서로 7847-3,33.4941162,126.4851347,20220604155201,20220219130501,20220219133521,20220217151953,100,동시,50,,,Y,2,2
5073,제주렌트카,ST501140,01,04,제주특별자치도 제주시 서해안로 442-53,33.515635009,126.49090003,20220523155150,,,,100,동시,50,,,Y,2,2
5074,제주렌트카,ST501140,02,04,제주특별자치도 제주시 서해안로 442-53,33.515635009,126.49090003,20220623162753,,,,100,동시,50,,,Y,2,2
5075,제주렌트카,ST501140,03,04,제주특별자치도 제주시 서해안로 442-53,33.515635009,126.49090003,20220620090053,20220620074639,20220620090053,20220620074639,100,동시,50,,,Y,2,2
5076,제주렌트카,ST501140,04,04,제주특별자치도 제주시 서해안로 442-53,33.515635009,126.49090003,20220615105543,20220610170002,20220615105841,20220610170002,100,동시,50,,,Y,2,2
5077,제주e렌트카(입주사 전용),ST501141,01,04,제주특별자치도 제주시 일주서로 7662,33.4939311,126.4648609,,,,,100,동시,50,,,Y,9,9
5078,제주e렌트카(입주사 전용),ST501141,02,04,제주특별자치도 제주시 일주서로 7662,33.4939311,126.4648609,,,,,100,동시,50,,,Y,9,9
5079,제주e렌트카(입주사 전용),ST501141,03,04,제주특별자치도 제주시 일주서로 7662,33.4939311,126.4648609,,,,,100,동시,50,,,Y,9,9
5080,제주e렌트카(입주사 전용),ST501141,04,04,제주특별자치도 제주시 일주서로 7662,33.4939311,126.4648609,,,,,100,동시,50,,,Y,9,9
5081,화신교통(운수사 전용),ST501142,01,04,제주특별자치도 제주시 오일장서길 60,33.4970722,126.4726051,,,,,100,동시,50,,,Y,9,9
5082,화신교통(운수사 전용),ST501142,02,04,제주특별자치도 제주시 오일장서길 60,33.4970722,126.4726051,,,,,100,동시,50,,,Y,9,9
5083,화신교통(운수사 전용),ST501142,03,04,제주특별자치도 제주시 오일장서길 60,33.4970722,126.4726051,,,,,100,동시,50,,,Y,9,9
5084,화신교통(운수사 전용),ST501142,04,04,제주특별자치도 제주시 오일장서길 60,33.4970722,126.4726051,,,,,100,동시,50,,,Y,9,9
5085,한라렌트카(운수사 전용),ST501143,01,04,제주특별자치도 제주시 다호길 126,33.502698,126.4939076,20220623174342,20220622161435,20220622170743,20220622161435,100,동시,50,,,Y,2,2
5086,한라렌트카(운수사 전용),ST501143,02,04,제주특별자치도 제주시 다호길 126,33.502698,126.4939076,20220624175315,20220624172215,20220624175119,20220624172215,100,동시,50,,,Y,2,2
5087,한라렌트카(운수사 전용),ST501143,03,04,제주특별자치도 제주시 다호길 126,33.502698,126.4939076,20220623101557,20220622141142,20220622141256,20220623092548,100,동시,50,,,Y,2,2
5088,한라렌트카(운수사 전용),ST501143,04,04,제주특별자치도 제주시 다호길 126,33.502698,126.4939076,20220624142146,20220614173306,20220614175017,20220624134134,100,동시,50,,,Y,2,2
5089,제주에코렌트카(입주사 전용),ST501144,01,04,제주특별자치도 제주시 제성1길 75,33.5049943,126.4971837,20220610162256,,,,100,동시,50,,,Y,2,2
5090,제주에코렌트카(입주사 전용),ST501144,02,04,제주특별자치도 제주시 제성1길 75,33.5049943,126.4971837,20220610161758,,,,100,동시,50,,,Y,2,2
5091,제주에코렌트카(입주사 전용),ST501144,03,04,제주특별자치도 제주시 제성1길 75,33.5049943,126.4971837,20220611122336,,,,100,동시,50,,,Y,2,2
5092,제주에코렌트카(입주사 전용),ST501144,04,04,제주특별자치도 제주시 제성1길 75,33.5049943,126.4971837,20220624172826,,,,100,동시,50,,,Y,2,2
5093,이마트 서귀포점(지상2층주차장),ST501301,01,05,제주특별자치도 서귀포시 일주동로,33.248109,126.507434,20220624205823,20220618172633,20220619161257,20220618172633,100,단독,50,,,Y,2,2
5094,이마트 서귀포점(지상2층주차장),ST501301,02,05,제주특별자치도 서귀포시 일주동로,33.248109,126.507434,20220623180814,20220618190150,20220619105745,20220618190150,100,단독,50,,,Y,2,2
5095,이마트 서귀포점(지상2층주차장),ST501301,03,05,제주특별자치도 서귀포시 일주동로,33.248109,126.507434,20220624180819,20220222094758,20220222122654,20220624131154,100,단독,50,,,Y,2,2
5096,이마트 서귀포점(지상2층주차장),ST501301,04,05,제주특별자치도 서귀포시 일주동로,33.248109,126.507434,20220624212617,20220222101700,20220615093820,20220624205312,100,단독,50,,,Y,2,2
5097,이마트 서귀포점(지상2층주차장),ST501301,05,05,제주특별자치도 서귀포시 일주동로,33.248109,126.507434,20220624213807,20220618083220,20220621190020,20220618083220,100,단독,50,,,Y,2,2
5098,이마트 서귀포점(지상2층주차장),ST501301,06,05,제주특별자치도 서귀포시 일주동로,33.248109,126.507434,20220624141128,20220622175750,20220622181959,20220623161918,100,단독,50,,,Y,2,2
5099,이마트 서귀포점(지상2층주차장),ST501301,07,05,제주특별자치도 서귀포시 일주동로,33.248109,126.507434,20220624215813,20220624213943,20220624215518,20220624213943,100,단독,50,,,Y,2,2
5100,이마트 서귀포점(지상2층주차장),ST501301,08,05,제주특별자치도 서귀포시 일주동로,33.248109,126.507434,20220624143240,20220202165125,20220202171457,20220202165125,100,단독,50,,,Y,2,2
5101,이마트 서귀포점(지상2층주차장),ST501301,09,05,제주특별자치도 서귀포시 일주동로,33.248109,126.507434,20220622205547,20220620181226,20220621193816,20220620181226,100,단독,50,,,Y,2,2
5102,이마트 서귀포점(지상2층주차장),ST501301,10,05,제주특별자치도 서귀포시 일주동로,33.248109,126.507434,20220624192818,20220617211229,20220619105746,20220624180047,100,단독,50,,,Y,2,2
5103,이마트 서귀포점(지상2층주차장),ST501301,11,05,제주특별자치도 서귀포시 일주동로,33.248109,126.507434,20220624130625,20220622183052,20220623220036,20220622183052,100,단독,50,,,Y,2,2
5104,이마트 서귀포점(지상2층주차장),ST501301,12,05,제주특별자치도 서귀포시 일주동로,33.248109,126.507434,20220624214331,20220207160259,20220207162919,20220207160259,100,단독,50,,,Y,2,2
5105,이마트 서귀포점(지상2층주차장),ST501301,13,05,제주특별자치도 서귀포시 일주동로,33.248109,126.507434,20220623182103,20220622155723,20220623181839,20220622155723,100,단독,50,,,Y,2,2
5106,이마트 서귀포점(지상2층주차장),ST501301,14,05,제주특별자치도 서귀포시 일주동로,33.248109,126.507434,20220624185102,20220220174349,20220220181532,20220624183913,100,단독,50,,,Y,2,2
5107,이마트 서귀포점(지상2층주차장),ST501301,15,05,제주특별자치도 서귀포시 일주동로,33.248109,126.507434,20220624174327,20220618210407,20220618210418,20220614215050,100,단독,50,,,Y,2,2
5108,이마트 서귀포점(지상2층주차장),ST501301,16,05,제주특별자치도 서귀포시 일주동로,33.248109,126.507434,20220624215813,20220618171918,20220618203247,20220622153543,100,단독,50,,,Y,2,2
5109,기아오토큐 신안자동차,ST501302,01,05,제주특별자치도 서귀포시 토평공단로 115번길,33.291678,126.582799,20220625153142,20220219142807,20220219152821,20220219142807,50,단독,50,,,Y,2,2
5110,CU 제주중문자청비점,ST501303,01,05,제주특별자치도 서귀포시 중산간서로,33.262577,126.426901,20220625220353,20220622093917,20220622095503,20220625213225,50,단독,50,,,Y,2,2
5111,메밀밭에가시리,ST501304,01,02,제주특별자치도 서귀포시 표선면 가시로 423,33.346586,126.782961,20220615174058,20220211140110,20220211140457,20220126124622,7,단독,50,,,Y,2,2
5112,메밀밭에가시리,ST501304,02,02,제주특별자치도 서귀포시 표선면 가시로 423,33.346586,126.782961,20220608142214,20220215130635,20220215134145,20220215130635,7,단독,50,,,Y,2,2
5113,기아오토큐 중부점,ST501305,01,05,제주특별자치도 서귀포시 호근동 806,33.262745,126.536781,20220623112108,20220623104752,20220623111819,20220623104752,50,단독,50,,,Y,2,2
5114,CU서귀동광로점,ST501306,01,05,제주특별자치도 서귀포시 안덕면 동광로 257,33.317867,126.345664,20220625233820,20220624082418,20220624212017,20220625225719,50,단독,50,,,Y,2,2
5115,바다야주식회사,ST501307,01,02,제주특별자치도 서귀포시 표선면 번영로 2524,33.413623,126.752775,20220619163615,20211231114328,20211231115954,20211231114328,7,단독,50,,,Y,2,2
5116,중문천마에코피아,ST501308,01,02,제주특별자치도 서귀포시 대포중앙로 21,33.249191,126.433593,20220625215604,20220221180836,20220620214104,20220219181129,7,단독,50,,,Y,2,2
5117,중문천마에코피아,ST501308,02,02,제주특별자치도 서귀포시 대포중앙로 21,33.249191,126.433593,20220625200637,20220613235807,20220615041409,20220625095236,7,단독,50,,,Y,2,2
5118,켄싱턴리조트 서귀포점,ST501309,01,02,제주특별자치도 서귀포시 이어도로 684,33.233582,126.489006,20220625203337,20220221204553,20220222043253,20220220124205,7,단독,50,,,Y,2,2
5119,켄싱턴리조트 서귀포점,ST501309,02,02,제주특별자치도 서귀포시 이어도로 684,33.233582,126.489006,20220625155624,20220219172741,20220221232336,20220623215255,7,단독,50,,,Y,2,2
5120,켄싱턴리조트 서귀포점,ST501309,03,02,제주특별자치도 서귀포시 이어도로 684,33.233582,126.489006,20220625210158,20220623203029,20220624013644,20220625184731,7,단독,50,,,Y,3,3
5121,켄싱턴리조트 서귀포점,ST501309,04,02,제주특별자치도 서귀포시 이어도로 684,33.233582,126.489006,20220625141624,20220623211854,20220623232018,20220624165417,7,단독,50,,,Y,2,2
5122,주식회사일레인,ST501315,01,02,제주특별자치도 서귀포시 일주서로 660,33.254508,126.439088,20220623012053,20220206212122,20220207023058,20220206212122,7,단독,50,,,Y,2,2
5123,주식회사일레인,ST501315,02,02,제주특별자치도 서귀포시 일주서로 660,33.254508,126.439088,20220625023129,20220218184721,20220218221814,20220213222102,7,단독,50,,,Y,2,2
5124,BGF 서귀강정이어도로점(CU),ST501316,01,05,제주특별자치도 서귀포시 이어도로 793,33.236743,126.499828,20220625205815,20220220100726,20220220102951,20220220100726,50,단독,50,,,Y,2,2
5125,해비치CC,ST501317,01,02,제주특별자치도 서귀포시 남원읍 원님로399번길 319,33.35995,126.728173,20220625171329,20220219124942,20220219174308,20220218073702,7,단독,50,,,N,2,2
5126,해비치CC,ST501317,02,02,제주특별자치도 서귀포시 남원읍 원님로399번길 319,33.35995,126.728173,20220623153727,20220215073050,20220215151503,20220215073050,7,단독,50,,,N,2,2
5127,해비치CC,ST501317,03,02,제주특별자치도 서귀포시 남원읍 원님로399번길 319,33.35995,126.728173,20220615132659,20220214123132,20220214143813,20220214123132,7,단독,50,,,N,2,2
5128,해비치CC,ST501317,04,02,제주특별자치도 서귀포시 남원읍 원님로399번길 319,33.35995,126.728173,20220623111110,20220218074727,20220218171005,20220218074727,7,단독,50,,,N,2,2
5129,해비치CC,ST501317,05,02,제주특별자치도 서귀포시 남원읍 원님로399번길 319,33.35995,126.728173,20220623143110,20220221083739,20220221171954,20220623073136,7,단독,50,,,N,2,2
5130,우리들CC,ST501318,01,02,제주특별자치도 서귀포시 산록남로 2914,33.310441,126.588919,20220625061142,20220222093240,20220222123952,20220623101408,7,단독,50,,,N,2,2
5131,우리들CC,ST501318,02,02,제주특별자치도 서귀포시 산록남로 2914,33.310441,126.588919,20220625103114,20220217123002,20220217181741,20220218121826,7,단독,50,,,N,2,2
5132,우리들리조트제주,ST501319,01,02,제주특별자치도 서귀포시 산록남로 2917,33.311771,126.587303,20220620093619,20220129211512,20220130050847,20220129211512,7,단독,50,,,N,2,2
5133,우리들리조트제주,ST501319,02,02,제주특별자치도 서귀포시 산록남로 2917,33.311771,126.587303,20220625022117,20220618201243,20220619002639,20220216070010,7,단독,50,,,N,2,2
5134,제주글램핑(스타빌),ST501320,01,06,제주특별자치도 서귀포시 안덕면 광평로 34-154,33.33682,126.3952,20220625170111,20220116150327,20220211144717,20220215141627,50,단독,50,,,Y,2,2
5135,표선해비치오션뷰아파트,TDO00001,01,02,제주특별자치도 서귀포시 표선면 표선중앙로43번길 25-6,33.3290066,126.8338766,20220625063038,20220625003502,20220625060427,20220625003502,7,단독,50,,,N,2,2
5136,표선해비치오션뷰아파트,TDO00001,02,02,제주특별자치도 서귀포시 표선면 표선중앙로43번길 25-6,33.3290066,126.8338766,20220625234526,20220625215259,20220625221055,20220625233113,7,단독,50,,,N,3,3
5137,표선해비치오션뷰아파트,TDO00001,03,02,제주특별자치도 서귀포시 표선면 표선중앙로43번길 25-6,33.3290066,126.8338766,20220625230033,20220624175148,20220624190329,20220625225442,7,단독,50,,,N,3,3
5138,중문천마에코피아,TDO00002,01,02,제주특별자치도 서귀포시 대포중앙로 21,33.2487034,126.4340905,20220625174529,20220625170242,20220625174323,20220625170242,7,단독,50,,,N,2,2
5139,중문천마에코피아,TDO00002,02,02,제주특별자치도 서귀포시 대포중앙로 21,33.2487034,126.4340905,20220625063038,20220624182911,20220625021928,20220624182911,7,단독,50,,,N,2,2
5140,미성연립주택,TDO00003,01,02,제주특별자치도 제주시 조천읍 함덕서4길 60-12,33.5386893,126.6671342,20220625063039,20220624145145,20220624230548,20220624145145,7,단독,50,,,Y,2,2
5141,플리트비체,TDO00004,01,02,제주특별자치도 제주시 아연로 35,33.4795157,126.4984932,20220625220038,20220622194257,20220622222924,20220625215608,7,단독,50,,,Y,3,3
5142,플리트비체,TDO00004,02,02,제주특별자치도 제주시 아연로 35,33.4795157,126.4984932,20220625073037,20220622130757,20220622155930,20220622130757,7,단독,50,,,Y,2,2
5143,플리트비체,TDO00004,03,02,제주특별자치도 제주시 아연로 35,33.4795157,126.4984932,20220626000039,20220625210131,20220625234649,20220625210131,7,단독,50,,,Y,2,2
5144,아코디아,TDO00005,01,02,제주특별자치도 제주시 노형1길 12-11,33.4889495,126.4846021,20220625063037,20220601205914,20220602053229,20220601205914,7,단독,50,,,Y,2,2
5145,쇠소깍휴양펜션,TDO00006,01,02,제주특별자치도 서귀포시 쇠소깍로 138,33.2516771,126.6225633,20220623154810,20220622202720,20220623010039,20220622202720,7,단독,50,,,Y,9,9
5146,소길하이츠,TDO00007,01,02,제주특별자치도 제주시 애월읍 장소로 246,33.4308306,126.379524,20220625133034,20220625092112,20220625131555,20220625092112,7,단독,50,,,Y,2,2
5147,소길하이츠,TDO00007,02,02,제주특별자치도 제주시 애월읍 장소로 246,33.4308306,126.379524,20220625063039,20220624165438,20220624223444,20220624165438,7,단독,50,,,Y,2,2
5148,제주달리,TDO00008,01,02,제주특별자치도 제주시 구좌읍 행원로1길 32-1,33.5549805,126.8001032,20220624074810,20220623231704,20220624055705,20220623231704,7,단독,50,,,Y,9,9
5149,동신빌라,TDO00009,01,02,제주특별자치도 제주시 다랑곶6길 35,33.4898535,126.4798746,20220625223032,20220625182326,20220625222628,20220625182326,7,단독,50,,,Y,2,2
5150,수앤수빌리지,TDO00010,01,02,제주특별자치도 제주시 신설동길 103-7,33.4912668,126.5523668,20220625064542,20220607125540,20220607154634,20220607125540,7,단독,50,,,Y,2,2
5151,서강파인힐6차,TDO00011,01,02,제주특별자치도 서귀포시 홍중로 119-2,33.2631213,126.5552091,20220620201810,20220602190653,20220602220055,20220620182758,7,단독,50,,,Y,9,9
5152,서강파인힐6차,TDO00011,02,02,제주특별자치도 서귀포시 홍중로 119-2,33.2631213,126.5552091,20220625221527,20220624211409,20220625015222,20220625221250,7,단독,50,,,Y,3,3
5153,서강파인힐6차,TDO00011,03,02,제주특별자치도 서귀포시 홍중로 119-2,33.2631213,126.5552091,20220625100036,20220624201237,20220624223219,20220624201237,7,단독,50,,,Y,2,2
5154,서강파인힐6차,TDO00011,04,02,제주특별자치도 서귀포시 홍중로 119-2,33.2631213,126.5552091,20220625204525,20220625132758,20220625145152,20220625204348,7,단독,50,,,Y,3,3
5155,서강파인힐6차,TDO00011,05,02,제주특별자치도 서귀포시 홍중로 119-2,33.2631213,126.5552091,20220625211526,20220625171023,20220625210919,20220625171023,7,단독,50,,,Y,2,2
5156,삼도쉐르빌아파트,TDO00012,01,02,제주특별자치도 제주시 전농로9길 52,33.5088489,126.5207656,20220625213034,20220625115507,20220625115618,20220625212616,7,단독,50,,,Y,3,3
5157,에코그린빌15차,TDO00013,01,02,제주특별자치도 제주시 연북로 702,33.494031320,126.55179601,20220625063037,20220623151056,20220623181302,20220623151056,7,단독,50,,,Y,2,2
5158,에코그린빌15차,TDO00013,02,02,제주특별자치도 제주시 연북로 702,33.494031320,126.55179601,20220625223031,20220624150402,20220624190453,20220625221756,7,단독,50,,,Y,3,3
5159,에코그린빌15차,TDO00013,03,02,제주특별자치도 제주시 연북로 702,33.494031320,126.55179601,20220625063037,20220620185533,20220621070306,20220620185533,7,단독,50,,,Y,2,2
5160,에코그린빌15차,TDO00013,04,02,제주특별자치도 제주시 연북로 702,33.494031320,126.55179601,20220625063037,20220624142207,20220624182642,20220624142207,7,단독,50,,,Y,2,2
5161,서해파스텔,TDO00014,01,02,제주특별자치도 제주시 한경면 주전길 78,33.3360481,126.1762743,20220625181528,20220624222246,20220624230854,20220625180039,7,단독,50,,,Y,3,3
5162,서해파스텔,TDO00014,02,02,제주특별자치도 제주시 한경면 주전길 78,33.3360481,126.1762743,20220625153037,20220625133754,20220625152121,20220625133754,7,단독,50,,,Y,2,2
5163,서해파스텔,TDO00014,03,02,제주특별자치도 제주시 한경면 주전길 78,33.3360481,126.1762743,20220625194527,20220625185716,20220625194328,20220625185716,7,단독,50,,,Y,2,2
5164,서홍동헤리티지,TDO00015,01,02,제주특별자치도 서귀포시 중앙로195번길 16-8,33.2626941,126.5573898,20220625123032,20220624220947,20220625012517,20220624220947,7,단독,50,,,Y,2,2
5165,서홍동헤리티지,TDO00015,02,02,제주특별자치도 서귀포시 중앙로195번길 16-8,33.2626941,126.5573898,20220625063037,20220621175555,20220622031513,20220621175555,7,단독,50,,,Y,2,2
5166,호텔윈스토리,TDO00016,01,02,제주특별자치도 서귀포시 중정로 11,33.247701,126.5575567,20220625063038,20220623195629,20220623214133,20220623195629,7,단독,50,,,Y,2,2
5167,호텔윈스토리,TDO00016,02,02,제주특별자치도 서귀포시 중정로 11,33.247701,126.5575567,20220625070041,20220623210639,20220624023458,20220623210639,7,단독,50,,,Y,2,2
5168,테라시티더숨,TDO00017,01,02,제주특별자치도 제주시 애월읍 고성남길 51,33.4328223,126.4289332,20220625063038,20220222174046,20220222191929,20220222174046,7,단독,50,,,Y,2,2
5169,테라시티더숨,TDO00017,02,02,제주특별자치도 제주시 애월읍 고성남길 51,33.4328223,126.4289332,20220625064541,20220621000425,20220621050425,20220621000425,7,단독,50,,,Y,2,2
5170,백록담민박,TDO00018,01,02,제주특별자치도 제주시 번영로 557,33.4874384,126.6003345,20220625233035,20220625125457,20220625154120,20220625231551,7,단독,50,,,Y,3,3
5171,부띠끄풀빌라나미브,TDO00019,01,02,제주특별자치도 제주시 한경면 판포4길 41-41,33.3656826,126.2032279,20220625201525,20220625175604,20220625200406,20220625175604,7,단독,50,,,Y,2,2
5172,신제주오피스텔,TDO00020,01,02,제주특별자치도 제주시 신광로 103,33.4828707,126.4900763,20220625063037,20211216130914,20211216130931,,7,단독,50,,,Y,2,2
5173,아리아,TDO00021,01,02,제주특별자치도 서귀포시 남원읍 태위로 594-2,33.2764761,126.7104075,20220625063039,20220622162058,20220622200353,20220622162058,7,단독,50,,,Y,2,2
5174,알파캠프,TDO00022,01,02,제주특별자치도 서귀포시 성산읍 서성일로 726-37,33.4281381,126.8619928,20220625190034,20220625165131,20220625184939,20220625165131,7,단독,50,,,Y,2,2
5175,애월바다타운하우스민박,TDO00023,01,02,제주특별자치도 제주시 애월읍 고내로13길 99-15,33.471907247,126.34799405,20220625114527,20220625085428,20220625113226,20220625085428,7,단독,50,,,Y,2,2
5176,제주스테이 비우다,TDO00024,01,02,제주특별자치도 서귀포시 색달중앙로121번길 45,33.265661679,126.40930016,20220625063038,20220619162613,20220619170942,20220619162613,7,단독,50,,,Y,2,2
5177,포안호텔,TDO00025,01,02,제주특별자치도 제주시 한림읍 옹포2길 10,33.399851098,126.24971617,20220625063036,20220620094216,20220620103826,20220620094216,7,단독,50,,,Y,2,2
5178,고파크 주식회사,TDO00026,01,02,제주특별자치도 제주시 조천읍 남조로 2044-38,33.450635981,126.66535191,20220625063037,20220321185126,20220321185141,20220225205739,7,단독,50,,,Y,2,2
5179,코코스협재,TDO00027,01,02,제주특별자치도 제주시 한림읍 협재2길 26,33.392505301,126.24247204,20220625063036,20220615215128,20220616050045,20220615215128,7,단독,50,,,Y,2,2
5180,타워텔,TDO00028,01,02,제주특별자치도 제주시 용두암길 2,33.5145842,126.5108539,20220625063039,20220222155922,20220222160742,20220222155922,7,단독,50,,,Y,2,2
5181,한림파스텔,TDO00029,01,02,제주특별자치도 제주시 한림읍 월계로 66,33.399642545,126.25704076,20220625200038,20220625184411,20220625195330,20220625184411,7,단독,50,,,Y,2,2
5182,해든빌,TDO00030,01,02,제주특별자치도 제주시 신설로5길 5-12,33.494532171,126.54455536,20220625074526,20220625005928,20220625073114,20220625005928,7,단독,50,,,Y,2,2
5183,해뜨는집,TDO00031,01,02,제주특별자치도 서귀포시 성산읍 한도로 137,33.4691087,126.9225093,20220625191533,20220625162626,20220625191052,20220625162626,7,단독,50,,,Y,2,2
5184,더코지인제주,TDO00032,01,02,제주특별자치도 서귀포시 보목로70번길 3,33.239456893,126.60279325,20220625063038,20220619161804,20220619180346,20220619161804,7,단독,50,,,Y,2,2
5185,미타요양원,TDO00033,01,02,제주특별자치도 서귀포시 성산읍 수송로162번길 14,33.4482905,126.8530819,20220617144810,20210902134103,20210902134125,,7,단독,50,,,Y,9,9
5186,디스빌I,TDO00034,01,02,제주특별자치도 제주시 한경면 금등2길 14-2,33.3609274,126.1935178,20220625063037,20220606072838,20220606081023,20220606072838,7,단독,50,,,Y,2,2
5187,호텔연,TDO00035,01,02,제주특별자치도 서귀포시 솔동산로22번길 17-2,33.243958809,126.56209590,20220625063039,20220616164138,20220616182840,20220616164138,7,단독,50,,,Y,2,2
5188,라비아,TDO00036,01,02,제주특별자치도 서귀포시 일주서로43번길 8-2,33.249187,126.5030191,20220625064541,20220624004917,20220624042542,20220624004917,7,단독,50,,,Y,2,2
5189,라비아원룸,TDO00037,01,02,제주특별자치도 서귀포시 일주서로43번길 10,33.2490504,126.5034114,20220625064544,20220529180619,20220529204456,20220529180619,7,단독,50,,,Y,2,2
5190,오라수피아빌,TDO00038,01,02,제주특별자치도 제주시 연사2길 64,33.4840585,126.5106612,20220625063039,20220618122627,20220618132228,20220618122627,7,단독,50,,,Y,2,2
5191,서귀더부티크,TDO00039,01,02,제주특별자치도 서귀포시 서문로41번길 10-1,33.2489035,126.5587703,20220625063036,20220617175934,20220617204139,20220617175934,7,단독,50,,,Y,2,2
5192,승담,TDO00040,01,02,제주특별자치도 제주시 한림읍 명월로 139,33.3817109,126.2696751,20220625161526,20220625105955,20220625161027,20220625105955,7,단독,50,,,Y,2,2
5193,디스빌라691,TDO00041,01,02,제주특별자치도 제주시 한경면 금등2길 14-4,33.36072,126.1935437,20220625063036,20220228204426,20220228223258,20220228204426,7,단독,50,,,Y,2,2
5194,헬로1204,TDO00042,01,02,제주특별자치도 서귀포시 성산읍 환해장성로 437,33.3963566,126.9057766,20220625063038,20220125115704,20220125120313,20220125115704,7,단독,50,,,Y,2,2
5195,마크힐애월,TDO00043,01,02,제주특별자치도 제주시 애월읍 항몽로 136-1,33.4723809,126.4087307,20220625094524,20220625012412,20220625045138,20220625012412,7,단독,50,,,Y,2,2
5196,마크힐애월,TDO00043,02,02,제주특별자치도 제주시 애월읍 항몽로 136-1,33.4723809,126.4087307,20220625063037,20220623132557,20220623153114,20220623132557,7,단독,50,,,Y,2,2
5197,오닐,TDO00044,01,02,제주특별자치도 제주시 한림읍 하운당길 16-1,33.3895573,126.2679393,20220617144810,20210902170007,20210902170028,,7,단독,50,,,Y,9,9
5198,라마다앙코르,TDO00045,01,02,제주특별자치도 서귀포시 서호중로 55,33.254477,126.519265,20220625074525,20220624223416,20220624223731,20220624201402,7,단독,50,,,Y,2,2
5199,제주여행,TDO00046,01,05,제주특별자치도 제주시 일주서로 7345,33.4937415,126.4317064,20220625194527,20220625192112,20220625194137,20220625192112,50,단독,50,,,Y,2,2
5200,아길라 호텔,TDO00047,01,05,제주특별자치도 제주시 한림읍 옹포2길 10,33.3998511,126.2497162,20220625121527,20220624122325,20220624123104,20220624122325,50,단독,50,,,Y,2,2
5201,스테이숲이되는시간,TDO00048,01,02,제주특별자치도 서귀포시 안덕면 사계로114번길 54-102,33.2350317,126.3082022,20220625063037,20220620133203,20220620141821,20220620133203,7,단독,50,,,Y,2,2
5202,시엘빌딩,TDO00049,01,02,제주특별자치도 제주시 승천로 58,33.4931772,126.5416295,20220625064540,20220624185148,20220624230439,20220624185148,7,단독,50,,,Y,2,2
5203,코자(coza),TDO00051,01,02,제주특별자치도 서귀포시 대정읍 최남단해안로 44,33.2166706,126.2521122,20220625063037,20220623195347,20220623210427,20220623195347,7,단독,50,,,Y,2,2
5204,클라시움,TDO00052,01,02,제주특별자치도 서귀포시 대정읍 글로벌에듀로 404,33.2791015,126.2757337,20220625101527,20180101151050,20180101220102,20180101151050,7,단독,50,,,Y,2,2
5205,올래모텔,TDO00053,01,02,제주특별자치도 서귀포시 명동로 13-3,33.2475436,126.5634362,20220623120310,20220615211835,20220616030639,20220615211835,7,단독,50,,,Y,9,9
5206,한샘리하우스 한라대리점,TDO00054,01,02,제주특별자치도 서귀포시 일주동로 8477,33.2560946,126.5823246,20220625190032,20220625100213,20220625161131,20220625185553,7,단독,50,,,Y,3,3
5207,카페이피엘,TDO10001,01,06,제주특별자치도 서귀포시 남원읍 위미항구로 8,33.275208,126.6570063,20220625221528,20220625215038,20220625221258,20220625215038,50,단독,50,,,N,2,2
5208,제주 방림원,TDO10002,01,06,제주특별자치도 제주시 한경면 용금로 858,33.3369377,126.2675195,20220625183033,20220625180543,20220625181835,20220625180543,50,단독,50,,,N,2,2
5209,한옥민박 제주,TDO10003,01,05,제주특별자치도 제주시 조천읍 일주동로 1488,33.5471821,126.6931167,20220625141525,20220625135110,20220625140727,20220625135110,50,단독,50,,,Y,2,2
5210,제주올레돔,TDO10004,01,05,제주특별자치도 서귀포시 성산읍 온평포구로54번길 54,33.2606091,126.8989684,20220625084528,20220623183056,20220623193257,20220623183056,50,단독,50,,,Y,2,2
5211,서귀포시산림조합,TDO10005,01,05,제주특별자치도 서귀포시 중산간동로 8462-2,33.2606345,126.5129522,20220625183031,20220625174405,20220625135952,20220625174405,50,단독,50,,,N,2,2
5212,대정맑은해수사우나,TDO10006,01,05,제주특별자치도 서귀포시 대정읍 신영로36번길 57,33.2197128,126.2485691,20220625221530,20220625193554,20220625220735,20220625193554,50,단독,50,,,Y,2,2
5213,아라골프클럽,TDO20001,01,02,제주특별자치도 제주시 죽성길 13,33.4586952,126.5387515,20220617144810,20220428060839,20220428073656,20220429075224,7,단독,50,,,N,9,9
